1 0.8820132812500001 0.904421875 0.8841351562499999 0.9413843749999999 0.9577734375 0.9364984375000001 0.9585874999999999 0.93652578125 0.9564999999999999 0.8984734375000001 0.8820132812500001 0.904421875
1 0.99921875 0.6506390625 0.99873046875 0.589884375 0.9811171875 0.59094609375 0.97984375 0.59795625 0.9779335937500001 0.5981687499999999 0.9787828125000001 0.626209375 0.95713671875 0.625996875 0.9577734375 0.65276328125 0.99921875 0.6508921875 0.99921875 0.6506390625
3 0.99904453125 0.6578796875 0.990134375 0.65913984375 0.989359375 0.6649570312499999 0.9984546875 0.66555078125 0.99904453125 0.6578796875
1 0.61297781875 0.3808109921875 0.64421171875 0.38086796875 0.64453125 0.36773671874999997 0.64997109375 0.3675765625 0.64837109375 0.31344765625000004 0.6085359375 0.313928125 0.60805546875 0.36837734375000003 0.6126953125 0.36901796875000004 0.6126953125 0.38118828125 0.61297781875 0.3808109921875
0 0.73716171875 0.38076171875 0.6794078125 0.38396484375 0.680884375 0.40961796875 0.73908125 0.405584375 0.73716171875 0.38076171875
1 0.70063515625 0.0372765625 0.7028726562500001 0.08619453125 0.7395234375 0.084128125 0.7393515625 0.084128125 0.73591015625 0.036243750000000005 0.70063515625 0.0372765625
3 0.74549296875 0.082959375 0.74506875 0.10122187499999999 0.75199921875 0.10023125 0.75199921875 0.0832421875 0.74549296875 0.082959375
1 0.37490546875 0.04029453125 0.37404375 0.08019765625 0.42834296875 0.08084453124999999 0.42855859374999994 0.08149218750000001 0.43006640625000003 0.040078906250000004 0.37490546875 0.04029453125
3 0.41536718749999996 0.02149296875 0.41415625 0.028767187500000003 0.4300515625 0.029524218749999998 0.43096015625 0.02225078125 0.4153296875 0.0219875 0.41536718749999996 0.02149296875
3 0.31456249999999997 0.55300234375 0.29817499999999997 0.5543218750000001 0.30005859375 0.5616757812500001 0.31569296874999997 0.560921875 0.31456249999999997 0.55300234375
1 0.3667390625 0.5277359374999999 0.3782296875 0.52735859375 0.3772875 0.50303515625 0.36617421875 0.502846875 0.36579765625 0.47236328125 0.32605234375 0.47330625 0.32796171875 0.54654453125 0.36598593749999997 0.54489453125 0.3667390625 0.5277359374999999
0 0.395746875 0.582228125 0.39989140624999997 0.616315625 0.4348015625 0.61211796875 0.42965234375000005 0.5775140624999999 0.395746875 0.582228125