1 0.8820132812500001 0.095578125 0.9564999999999999 0.1015265625 0.9585874999999999 0.06347421875 0.9577734375 0.0635015625 0.8841351562499999 0.058615625000000005 0.8820132812500001 0.095578125
1 0.9779335937500001 0.40183125000000003 0.97984375 0.40204375 0.9811171875 0.40905390625000004 0.99873046875 0.410115625 0.99921875 0.3493609375 0.99921875 0.3491078125 0.9577734375 0.34723671875 0.95713671875 0.374003125 0.9787828125000001 0.373790625 0.9779335937500001 0.40183125000000003
3 0.9984546875 0.33444921875 0.989359375 0.33504296875 0.990134375 0.34086015625 0.99904453125 0.34212031249999997 0.9984546875 0.33444921875
1 0.64837109375 0.6865523437500001 0.64997109375 0.6324234375 0.64453125 0.63226328125 0.64421171875 0.61913203125 0.61297781875 0.6191890078125 0.6126953125 0.61881171875 0.6126953125 0.6309820312500001 0.60805546875 0.63162265625 0.6085359375 0.686071875 0.64837109375 0.6865523437500001
0 0.73908125 0.594415625 0.680884375 0.59038203125 0.6794078125 0.6160351562499999 0.73716171875 0.61923828125 0.73908125 0.594415625
1 0.70063515625 0.9627234375 0.73591015625 0.96375625 0.7393515625 0.915871875 0.7395234375 0.915871875 0.7028726562500001 0.91380546875 0.70063515625 0.9627234375
3 0.75199921875 0.9167578125 0.75199921875 0.89976875 0.74506875 0.898778125 0.74549296875 0.9170406249999999 0.75199921875 0.9167578125
1 0.37490546875 0.95970546875 0.43006640625000003 0.95992109375 0.42855859374999994 0.9185078125 0.42834296875 0.91915546875 0.37404375 0.91980234375 0.37490546875 0.95970546875
3 0.41536718749999996 0.97850703125 0.4153296875 0.9780125 0.43096015625 0.97774921875 0.4300515625 0.97047578125 0.41415625 0.9712328125 0.41536718749999996 0.97850703125
3 0.31569296874999997 0.439078125 0.30005859375 0.43832421874999994 0.29817499999999997 0.445678125 0.31456249999999997 0.44699765625000004 0.31569296874999997 0.439078125
1 0.36617421875 0.497153125 0.3772875 0.49696484375 0.3782296875 0.47264140625 0.3667390625 0.4722640625 0.36598593749999997 0.45510546874999996 0.32796171875 0.45345546875 0.32605234375 0.52669375 0.36579765625 0.52763671875 0.36617421875 0.497153125
0 0.42965234375000005 0.4224859375 0.4348015625 0.38788203125 0.39989140624999997 0.38368437499999997 0.395746875 0.417771875 0.42965234375000005 0.4224859375