3 0.0443140625 0.80578671875 0.057120312500000006 0.8100554687500001 0.06016953125 0.8051765625 0.046753125 0.8002984375000001 0.0443140625 0.80578671875
1 0.08964453125 0.76574140625 0.05773046875 0.75293515625 0.0443140625 0.786271875 0.0737890625 0.79846875 0.088425 0.76594453125 0.08964453125 0.76574140625
4 0.10021484375 0.66715234375 0.08923828125 0.66349296875 0.07704140625 0.689715625 0.08557890625 0.6935781249999999 0.10021484375 0.66715234375
4 0.11685156249999999 0.5985796875 0.11726718750000001 0.59588203125 0.10253046875 0.59318359375 0.10024765625000001 0.6075046875 0.11560625 0.6139390625 0.11768203125000001 0.61082578125 0.14113515625 0.6174671875 0.14341874999999998 0.60563671875 0.11685156249999999 0.5985796875
4 0.12536171875 0.5626734375 0.12100312499999999 0.56931484375 0.12494609375000001 0.5740890624999999 0.12390859375 0.577409375 0.13864453125 0.58425859375 0.14134296875000002 0.5813531249999999 0.155871875 0.58591953125 0.1596078125 0.5755414062499999 0.12868203125 0.56329609375 0.12536171875 0.5626734375
4 0.20070312499999998 0.47238828125000004 0.2029859375 0.46968984375 0.19198593749999998 0.46491640624999997 0.19011796875 0.46616171875 0.18700468750000002 0.46512421875000004 0.186796875 0.46138828125 0.16873984375 0.45267109375 0.16500390625 0.45495390625 0.162928125 0.4545390625 0.15856953125 0.4640859375 0.16023046875 0.46574687499999995 0.15856953125 0.46865234375 0.16894765625 0.47301093749999995 0.17268359375 0.47238828125000004 0.1980046875 0.48359609375 0.20381640625 0.47404843750000003 0.20070312499999998 0.47238828125000004
4 0.16541875 0.44291562500000003 0.179325 0.44976484375 0.17891015625 0.45246328125 0.19530625 0.45868984375000005 0.19613671875 0.4555765625 0.20796718749999998 0.45723671875000005 0.21191093749999998 0.44768984375 0.170815625 0.43274609374999995 0.16541875 0.44291562500000003
4 0.18721171875 0.41448124999999997 0.19758984375 0.41904765624999996 0.1965515625 0.420915625 0.205684375 0.42444375 0.20755234374999998 0.42195312500000004 0.21232578124999998 0.422990625 0.21564687500000002 0.4132359375 0.1940609375 0.40617890624999997 0.18721171875 0.41448124999999997
4 0.19966484375 0.37670703125 0.1980046875 0.38065000000000004 0.21502421875 0.388121875 0.21709921875 0.38521640625 0.22311874999999998 0.388121875 0.22415625 0.39144296875 0.23266562500000001 0.39351875000000003 0.235571875 0.39268828125 0.2403453125 0.38272578125 0.22145781250000002 0.37525390625 0.222703125 0.37297109375000004 0.20630703125 0.36529140625 0.20506171874999998 0.3673671875 0.1990421875 0.36466875 0.19468359375 0.37276328125 0.19966484375 0.37670703125
4 0.22872265625 0.2990828125 0.22955234375 0.29679921875000004 0.22208046874999998 0.29389375 0.21979765625 0.2961765625 0.21377890625 0.29410156249999997 0.20962734374999997 0.30385625 0.21834453125 0.30696953125 0.21668437499999998 0.3125734375 0.22249609375 0.31568671875 0.22726953125 0.31568671875 0.23038281249999998 0.312365625 0.23930781250000002 0.31547890624999997 0.24304375 0.3040640625 0.22872265625 0.2990828125
4 0.22706171875 0.1805703125 0.22623203125 0.1915703125 0.23038281249999998 0.1915703125 0.23017500000000002 0.195721875 0.24594921875 0.19530625 0.24594921875 0.19198593749999998 0.2691953125 0.191778125 0.26836484375 0.1803625 0.265459375 0.18015546875 0.26587421875 0.17849453125 0.255496875 0.17870234375 0.255496875 0.17994765625 0.24947734375000002 0.17994765625 0.24947734375000002 0.1755890625 0.23245859375000003 0.1755890625 0.23204296875 0.17994765625 0.22706171875 0.1803625 0.22706171875 0.1805703125
4 0.30468671875000003 0.197796875 0.29928984375 0.235571875 0.30925234375 0.23764687499999998 0.31693203125 0.19987265625 0.30468671875000003 0.197796875
0 0.6562796875 0.025321093750000002 0.67143046875 0.025943749999999998 0.6722609375 0.0024906250000000002 0.6581476562499999 0.001453125 0.6562796875 0.025321093750000002
4 0.7667203125000001 0.69801171875 0.7894320312499999 0.7230226562500001 0.79949375 0.7106609374999999 0.77850703125 0.6893875 0.7667203125000001 0.69801171875
4 0.77563203125 0.6807624999999999 0.7974812499999999 0.70146171875 0.8069679687500001 0.69226171875 0.78713203125 0.67070078125 0.77563203125 0.6807624999999999
4 0.80955546875 0.66610078125 0.78626953125 0.64396484375 0.77591953125 0.6540265625 0.79978125 0.67645 0.80955546875 0.66610078125
4 0.78828203125 0.61349140625 0.8107054687499999 0.6376398437499999 0.8199046875 0.627290625 0.7974812499999999 0.60687890625 0.78828203125 0.61349140625
4 0.79518125 0.5982546875 0.8184671874999999 0.61780390625 0.8276671875 0.60659140625 0.80553046875 0.5861804687500001 0.79518125 0.5982546875
4 0.79978125 0.57410625 0.8239296875000001 0.5948046875 0.83485390625 0.58301796875 0.83427890625 0.58186796875 0.80840546875 0.56318125 0.79978125 0.57410625
2 0.61796875 0.8671875 0.63828125 0.8671875 0.63828125 0.853125 0.61796875 0.853125 0.61796875 0.8671875
2 0.61875 0.880859375 0.63828125 0.880859375 0.63828125 0.869140625 0.61875 0.869140625 0.61875 0.880859375
2 0.61875 0.894140625 0.63828125 0.894140625 0.63828125 0.883984375 0.61875 0.883984375 0.61875 0.894140625
2 0.6217406249999999 0.9380007812500001 0.64207890625 0.9347468750000001 0.6398421875 0.9253914062499999 0.6203171875 0.9284421875 0.6217406249999999 0.9380007812500001
2 0.62336796875 0.95752578125 0.63801171875 0.9504070312499999 0.634146875 0.9434921875000001 0.62235078125 0.9481703125 0.62336796875 0.95752578125
2 0.626215625 0.97705078125 0.6382148437499999 0.97135546875 0.63231640625 0.9591523437499999 0.6195039062500001 0.9648476562500001 0.626215625 0.97705078125
2 0.7039078125 0.9536617187499999 0.71082265625 0.94735625 0.69231484375 0.9343398437499999 0.6868234375 0.94166171875 0.7039078125 0.9536617187499999
2 0.7116359375 0.9371875 0.7150937500000001 0.927425 0.70085703125 0.92254375 0.698009375 0.9323062500000001 0.7116359375 0.9371875
2 0.7140765625000001 0.91908671875 0.7167203125 0.9111546875000001 0.70207734375 0.9062734375 0.7000429687499999 0.91501875 0.7140765625000001 0.91908671875
2 0.717940625 0.8916296875 0.7266859375 0.8845109375 0.715296875 0.8712914062499999 0.7065515625 0.8790203125 0.717940625 0.8916296875
2 0.71590703125 0.9052562500000001 0.71977109375 0.8961039062499999 0.7055343749999999 0.8910195312500001 0.7022804687499999 0.900375 0.71590703125 0.9052562500000001
2 0.695365625 0.97664375 0.693128125 0.95752578125 0.683365625 0.9577289062500001 0.68519609375 0.9774570312499999 0.695365625 0.97664375
2 0.7586171875 0.8053953125 0.769396875 0.7982773437499999 0.74824453125 0.78648046875 0.74295703125 0.79665 0.7586171875 0.8053953125
2 0.7728539062500001 0.7783453125 0.7803796875 0.77143046875 0.7659390625 0.7576007812500001 0.7586171875 0.7653289062499999 0.7728539062500001 0.7783453125
2 0.79339609375 0.7557703124999999 0.7980734375 0.74417734375 0.7757015625 0.7340078125 0.7706171875 0.7447874999999999 0.79339609375 0.7557703124999999
2 0.76654921875 0.7927859374999999 0.7754984375 0.78403984375 0.7582109375 0.7710234375 0.7512953125 0.77732890625 0.76654921875 0.7927859374999999
2 0.0449 0.8470164062500001 0.04787578125 0.8364062499999999 0.0329953125 0.8300656249999999 0.0297609375 0.8392531249999999 0.0449 0.8470164062500001