1 0.036617187499999995 0.0110375 0.037040625 0.00596328125 0.045496875 0.006175 0.0450734375 0.00110078125 0.02414453125 0.00025546875 0.02435625 0.0112484375 0.036617187499999995 0.0110375
4 0.22519296875 0.224346875 0.24041406250000003 0.23851171875000002 0.30193359375 0.16684453125 0.28565546875000003 0.15289140625 0.22519296875 0.224346875
3 0.1958046875 0.21800390625000002 0.1958046875 0.23301171874999999 0.2021484375 0.23301171874999999 0.2021484375 0.21800390625000002 0.1958046875 0.21800390625000002
1 0.4091171875 0.10595703125 0.4091171875 0.14083984375 0.4497109375 0.14083984375 0.4497109375 0.10595703125 0.4091171875 0.10595703125
4 0.16409609375 0.2144109375 0.159021875 0.29791640625000004 0.18016328125 0.30003046875 0.1841796875 0.21589062499999997 0.16409609375 0.2144109375
4 0.1237171875 0.2235015625 0.12096875 0.30531640625 0.1412640625 0.3063734375 0.14443515625 0.22307890625 0.1237171875 0.2235015625
3 0.6357421875 0.65583203125 0.6357421875 0.66365234375 0.6560390625 0.66365234375 0.6560390625 0.65583203125 0.6357421875 0.65583203125
3 0.6348984375 0.66365234375 0.6348984375 0.67189453125 0.6551953125 0.67189453125 0.6551953125 0.66365234375 0.6348984375 0.66365234375
3 0.8473640625 0.79303203125 0.84694140625 0.78922734375 0.8255890625 0.7917640625 0.826434375 0.79768359375 0.8477867187499999 0.7957804687500001 0.8473640625 0.79303203125
3 0.84694140625 0.796203125 0.8262234375 0.79789453125 0.82812578125 0.8057171875 0.8477867187499999 0.802334375 0.84694140625 0.796203125
0 0.79303203125 0.8004312499999999 0.8025453125 0.82241796875 0.8192468749999999 0.81375 0.80825390625 0.7917640625 0.79303203125 0.8004312499999999
1 0.77379453125 0.7776 0.7854104320312499 0.77821076875 0.78246171875 0.7177710937499999 0.7729484375 0.7177710937499999 0.7729484375 0.703184375 0.7258046874999999 0.7046640625 0.72559375 0.71967421875 0.680140625 0.7200968750000001 0.6831007812500001 0.7820390625 0.72834140625 0.78013671875 0.7291875 0.79556953125 0.773371875 0.7936664062500001 0.77379453125 0.7776
0 0.553296875 0.8154414062500001 0.55942734375 0.8522265625 0.59938359375 0.845884375 0.5928296875 0.80761953125 0.553296875 0.8154414062500001