1 0.1103625 0.92338125 0.1094578125 0.9139437499999999 0.10825234375 0.9139437499999999 0.10734765625 0.89898359375 0.0938796875 0.8999874999999999 0.0929140625 0.89563046875 0.0849859375 0.89563046875 0.0849484375 0.9477328125 0.122725 0.9468757812499999 0.12302656249999999 0.9232812499999999 0.1103625 0.92338125
1 0.18680234375 0.98508125 0.20369921875000002 0.98546328125 0.20570624999999998 0.9528789062499999 0.18563359375 0.95300390625 0.18680234375 0.98508125
3 0.19855078125 1 0.19855078125 0.99475 0.18718359375 0.99475 0.18718359375 1 0.19855078125 1
0 0.20544531250000003 0.7236328125 0.20008750000000003 0.70540703125 0.179453125 0.7101984375 0.18554296875 0.74096640625 0.2062109375 0.73497578125 0.20544531250000003 0.7236328125
0 0.33041171875 0.7320320312499999 0.3307703125 0.7015046875000001 0.298521875 0.70139140625 0.29710000000000003 0.73487265625 0.33041171875 0.7320320312499999
0 0.66856640625 0.8607093750000001 0.66909375 0.8600078124999999 0.70526484375 0.8575523437499999 0.70105078125 0.81299765625 0.6668109375 0.8158046875 0.66856640625 0.8607093750000001
1 0.76475390625 0.8224703124999999 0.764578125 0.77475859375 0.72545703125 0.7763375 0.71053203125 0.77896796875 0.7104851562500001 0.8290906250000001 0.74596640625 0.82896015625 0.74596640625 0.8224703124999999 0.76475390625 0.8224703124999999
0 0.7094171874999999 0.7549328125 0.72884375 0.75368046875 0.72826875 0.7240992187499999 0.70871875 0.726253125 0.7094171874999999 0.7549328125
0 0.88136640625 0.8023374999999999 0.8799640625 0.768040625 0.8621390625 0.76875859375 0.8632890625 0.8027914062500001 0.88136640625 0.8023374999999999
1 0.95545546875 0.96791640625 0.9565671874999999 0.9992820312499999 0.9748609374999999 0.9995078124999999 0.9724171875 0.96777265625 0.95545546875 0.96791640625
1 0.9221343750000001 0.9806968749999999 0.9227093749999999 0.99017421875 0.9372281250000001 0.99003046875 0.935359375 0.9514023437500001 0.8939609374999999 0.9535562499999999 0.89451015625 0.9889390625000001 0.9163851562499999 0.9897429687500001 0.91624140625 0.9808398437499999 0.9221343750000001 0.9806968749999999
0 0.27705078125 0.595815625 0.254646875 0.59911796875 0.26022890625 0.62938515625 0.26033984375 0.62902109375 0.28256015625 0.6229671875 0.27705078125 0.595815625
1 0.6229843749999999 0.737459375 0.6103132812500001 0.74094453125 0.61123125 0.7543367187500001 0.59782578125 0.75598828125 0.5977148437500001 0.774575 0.6362062500000001 0.7737828125 0.635471875 0.7514015625 0.62702421875 0.75250234375 0.6229843749999999 0.737459375