4 0.73836484375 0.03885078125 0.76784296875 0.13239296875 0.7882179687499999 0.12390937500000002 0.76041171875 0.031921875 0.73836484375 0.03885078125
3 0.78043125 0.137646875 0.78278046875 0.144296875 0.79711640625 0.13681484375 0.79374375 0.1308015625 0.78043125 0.137646875
1 0.21479765624999997 0.144484375 0.25175078125 0.1524421875 0.26815859375 0.09998671875000001 0.23404843749999998 0.08966171875 0.21479765624999997 0.144484375
4 0.10135390625 0.40906640625 0.1929640625 0.38563437500000003 0.18656015625 0.36236171875 0.0953796875 0.38784453124999996 0.10135390625 0.40906640625
3 0.1360953125 0.36817109375 0.15357578125 0.3624234375 0.1504046875 0.3553953125 0.134325 0.35844453125000003 0.1360953125 0.36817109375
1 0.1350625 0.48599375 0.17843359375 0.501909375 0.19020859375000002 0.46518828125 0.14524140624999998 0.452171875 0.1350625 0.48599375
0 0.863603125 0.541340625 0.9140546875 0.5543828125 0.9259203125000001 0.5136164062499999 0.8746671875 0.49933984374999996 0.863603125 0.541340625
1 0.88241171875 0.6165 0.89834453125 0.62003671875 0.91051484375 0.5747203125 0.90055703125 0.57228828125 0.9032125000000001 0.55924609375 0.8811406249999999 0.55342109375 0.8644882812500001 0.6118578125 0.88241171875 0.6165
1 0.0091203125 0.828359375 0.00535859375 0.87124453125 0.0717421875 0.87831875 0.075946875 0.8564335937499999 0.0764359375 0.8340390624999999 0.0091203125 0.828359375
1 0.69324609375 1 0.710646875 0.92094453125 0.67465859375 0.9132453125 0.6587265625 0.9956992187499999 0.6848375 1 0.69324609375 1
0 0.67598671875 0.90241328125 0.72887265625 0.9134664062500001 0.738178125 0.8682046874999999 0.68461640625 0.85820234375 0.67598671875 0.90241328125