1 0.034740625000000004 0.99921875 0.05863828125 0.99921875 0.10000625 0.98178515625 0.08695312499999999 0.9506585937500001 0.02530234375 0.9735515625 0.034740625000000004 0.99921875
1 0.9775679687500001 0.33395546875000004 0.99921875 0.3245171875 0.99921875 0.28274765625 0.99343203125 0.26848984374999996 0.9566828125000001 0.28335 0.9775679687500001 0.33395546875000004
1 0.09880078125 0.9763632812499999 0.100809375 0.9819859375 0.0986 0.983190625 0.10562890625000002 0.99921875 0.12068984375 0.99921875 0.127115625 0.9982515624999999 0.114665625 0.9693343750000001 0.09880078125 0.9763632812499999
1 0.19378671875 0.96069921875 0.1737046875 0.913909375 0.15041015625 0.92254453125 0.15261953125 0.92917109375 0.13996796875 0.93378984375 0.15643515624999998 0.97455546875 0.19378671875 0.96069921875
4 0.40283515625 0.8371984375 0.39620781250000003 0.8219359374999999 0.34078359375 0.8436242187499999 0.34741015625 0.8588859375 0.40283515625 0.8371984375
0 0.34038124999999997 0.7996460937500001 0.33616484375 0.7904085937499999 0.3172875 0.79924375 0.32090234375 0.8088835937500001 0.34038124999999997 0.7996460937500001
4 0.45223593749999996 0.90406953125 0.44862109375000003 0.9050734374999999 0.45404296874999994 0.9207375000000001 0.4568546875 0.9197328125 0.45826015625 0.9269624999999999 0.45645234375 0.92716328125 0.45906328125 0.9362 0.4614734375 0.9359992187499999 0.46187500000000004 0.9386093750000001 0.47291953124999997 0.93640078125 0.46227656250000004 0.8972421875000001 0.45163281250000004 0.8998523437499999 0.45223593749999996 0.90406953125
1 0.615459375 0.78862890625 0.57902890625 0.8001734375 0.589034375 0.8291640625 0.6277734374999999 0.8173625 0.615459375 0.78862890625
4 0.72428203125 0.7816492187499999 0.72445546875 0.79967421875 0.72740234375 0.79950078125 0.72757578125 0.8066070312500001 0.74005390625 0.8067804687500001 0.7391875 0.7622382812499999 0.7272289062499999 0.76258515625 0.7277484375000001 0.7816492187499999 0.72428203125 0.7816492187499999
4 0.7563453124999999 0.75651875 0.7566921875 0.7525328124999999 0.772290625 0.7525328124999999 0.7717703124999999 0.7280953125 0.75738515625 0.7280953125 0.75773203125 0.7126703125 0.7464664062499999 0.71284375 0.745946875 0.7563453124999999 0.7563453124999999 0.75651875
1 0.70580390625 0.42913281249999996 0.70429453125 0.42740703125 0.6956687500000001 0.43193593750000003 0.6956687500000001 0.43560156250000004 0.6762609375 0.44271796874999997 0.68316171875 0.45846015625 0.696746875 0.451990625 0.6976093750000001 0.45587265625000006 0.71593984375 0.449403125 0.7146453125 0.44616796875000003 0.72909375 0.44056171875 0.72133046875 0.42180078125 0.70580390625 0.42913281249999996
1 0.6078953125 0.44719921874999996 0.60968984375 0.453978125 0.62165234375 0.45018984375000004 0.6200578125 0.44281249999999994 0.6278328125 0.44101875 0.6200578125 0.41808984374999997 0.5939390625 0.42726171874999996 0.59972109375 0.44879375 0.6078953125 0.44719921874999996
0 0.64757109375 0.47909921874999994 0.6423875 0.4587625 0.62623828125 0.46414609375 0.6330171874999999 0.48308671875 0.64757109375 0.47909921874999994
0 0.581578125 0.499634375 0.56981484375 0.46613984375 0.55266875 0.47311796875 0.56483046875 0.50202734375 0.581578125 0.499634375
1 0.56981484375 0.46295000000000003 0.55685546875 0.43284374999999997 0.51339140625 0.44959140625 0.52535390625 0.47909921874999994 0.56981484375 0.46295000000000003
3 0.5462882812500001 0.48508046875 0.54349765625 0.48009609375 0.5351234375 0.4852796875 0.53731640625 0.4906625 0.5462882812500001 0.48508046875
1 0.49345390624999996 0.4587625 0.46275000000000005 0.470725 0.47232031250000006 0.49485 0.503621875 0.48428281249999994 0.49345390624999996 0.4587625
0 0.451984375 0.5141890625000001 0.46255078125000004 0.5391109375 0.4789 0.531734375 0.46893124999999997 0.50800859375 0.451984375 0.5141890625000001
4 0.43723046875 0.55346640625 0.45038906250000005 0.5819765625 0.4589625 0.5789859374999999 0.44739843749999997 0.54947890625 0.43723046875 0.55346640625
1 0.39983124999999997 0.5309734374999999 0.388059375 0.49978828125 0.3539828125 0.5132125000000001 0.3638953125 0.5357234375 0.38041796875 0.5305609375 0.38537421875 0.53840859375 0.39983124999999997 0.5309734374999999
0 0.29656875 0.5446046875 0.32444921875 0.53345234375 0.31391718750000003 0.5070171875 0.28644921874999996 0.520234375 0.29656875 0.5446046875
1 0.2670359375 0.5212671875 0.2482421875 0.5307671875 0.2672421875 0.56525703125 0.28789453125 0.55720234375 0.2670359375 0.5212671875
0 0.218915625 0.54625625 0.1931 0.5590609375 0.2056984375 0.5826046875 0.23130703125 0.572071875 0.218915625 0.54625625
4 0.1836 0.6844210937499999 0.16356718750000002 0.6427031249999999 0.153240625 0.64766015625 0.17265390625000002 0.68875859375 0.1836 0.6844210937499999
1 0.06773984375 0.6234968750000001 0.08426171875 0.6569539062499999 0.1137345390625 0.64597781640625 0.11338203124999999 0.6458015625 0.11334255390625 0.64570630390625 0.113175 0.64559453125 0.11330721562499999 0.645621034375 0.09438125 0.5999531250000001 0.07248984375 0.6084203125000001 0.0764140625 0.62060546875 0.06773984375 0.6234968750000001
0 0.05720703125 0.6817367187500001 0.044609375 0.65364921875 0.021271875000000003 0.66376875 0.0315984375 0.689378125 0.05720703125 0.6817367187500001
0 0.8749140625 0.29102656250000003 0.8890593750000001 0.31957890624999996 0.9136828124999999 0.30883906250000004 0.9011085937500001 0.27897734375 0.8749140625 0.29102656250000003
1 0.8890593750000001 0.3641109375 0.8694124999999999 0.31669765625 0.8337875 0.33398671874999997 0.8555296875 0.37825625 0.8890593750000001 0.3641109375
1 0.8222617187499999 0.3690875 0.80078203125 0.314078125 0.77091953125 0.326128125 0.79606640625 0.38166171875 0.8222617187499999 0.3690875
0 0.83352578125 0.418334375 0.8162367187499999 0.37616015625 0.7884703125 0.3895203125 0.8075929687500001 0.43038437500000004 0.83352578125 0.418334375
2 0.422865625 0.6627492187499999 0.42681250000000004 0.6721781250000001 0.4549890625 0.66132421875 0.450275 0.65200546875 0.44654765625000004 0.64290546875 0.420015625 0.65386875 0.422865625 0.6627492187499999