1 0.034740625000000004 0.00078125 0.02530234375 0.026448437499999998 0.08695312499999999 0.04934140625 0.10000625 0.01821484375 0.05863828125 0.00078125 0.034740625000000004 0.00078125
1 0.9775679687500001 0.6660445312500001 0.9566828125000001 0.71665 0.99343203125 0.7315101562499999 0.99921875 0.71725234375 0.99921875 0.6754828125000001 0.9775679687500001 0.6660445312500001
1 0.0986 0.016809374999999998 0.100809375 0.0180140625 0.09880078125 0.02363671875 0.114665625 0.030665625000000002 0.127115625 0.0017484375 0.12068984375 0.00078125 0.10562890625000002 0.00078125 0.0986 0.016809374999999998
1 0.1737046875 0.086090625 0.19378671875 0.03930078125 0.15643515624999998 0.025444531250000003 0.13996796875 0.06621015625 0.15261953125 0.07082890625 0.15041015625 0.07745546875 0.1737046875 0.086090625
4 0.34741015625 0.1411140625 0.34078359375 0.15637578125 0.39620781250000003 0.1780640625 0.40283515625 0.1628015625 0.34741015625 0.1411140625
0 0.32090234375 0.19111640624999998 0.3172875 0.20075625000000002 0.33616484375 0.20959140625 0.34038124999999997 0.20035390625 0.32090234375 0.19111640624999998
4 0.4614734375 0.06400078125 0.45906328125 0.0638 0.45645234375 0.07283671875 0.45826015625 0.0730375 0.4568546875 0.0802671875 0.45404296874999994 0.0792625 0.44862109375000003 0.0949265625 0.45223593749999996 0.09593046875 0.45163281250000004 0.10014765625 0.46227656250000004 0.1027578125 0.47291953124999997 0.06359921874999999 0.46187500000000004 0.061390625 0.4614734375 0.06400078125
1 0.6277734374999999 0.1826375 0.589034375 0.17083593749999998 0.57902890625 0.1998265625 0.615459375 0.21137109375000002 0.6277734374999999 0.1826375
4 0.72757578125 0.19339296875 0.72740234375 0.20049921875 0.72445546875 0.20032578124999997 0.72428203125 0.21835078125 0.7277484375000001 0.21835078125 0.7272289062499999 0.23741484375000002 0.7391875 0.23776171875 0.74005390625 0.19321953125 0.72757578125 0.19339296875
4 0.7717703124999999 0.2719046875 0.772290625 0.2474671875 0.7566921875 0.2474671875 0.7563453124999999 0.24348125 0.745946875 0.2436546875 0.7464664062499999 0.28715625 0.75773203125 0.2873296875 0.75738515625 0.2719046875 0.7717703124999999 0.2719046875
1 0.6976093750000001 0.5441273437499999 0.696746875 0.548009375 0.68316171875 0.5415398437500001 0.6762609375 0.55728203125 0.6956687500000001 0.5643984375 0.6956687500000001 0.5680640625 0.70429453125 0.57259296875 0.70580390625 0.5708671875 0.72133046875 0.57819921875 0.72909375 0.5594382812500001 0.7146453125 0.55383203125 0.71593984375 0.550596875 0.6976093750000001 0.5441273437499999
1 0.6200578125 0.5571875000000001 0.62165234375 0.54981015625 0.60968984375 0.546021875 0.6078953125 0.55280078125 0.59972109375 0.55120625 0.5939390625 0.57273828125 0.6200578125 0.58191015625 0.6278328125 0.55898125 0.6200578125 0.5571875000000001
0 0.6330171874999999 0.51691328125 0.62623828125 0.5358539062500001 0.6423875 0.5412375 0.64757109375 0.5209007812500001 0.6330171874999999 0.51691328125
0 0.56483046875 0.49797265625 0.55266875 0.52688203125 0.56981484375 0.53386015625 0.581578125 0.5003656249999999 0.56483046875 0.49797265625
1 0.52535390625 0.5209007812500001 0.51339140625 0.5504085937500001 0.55685546875 0.56715625 0.56981484375 0.53705 0.52535390625 0.5209007812500001
3 0.53731640625 0.5093375 0.5351234375 0.5147203124999999 0.54349765625 0.5199039062499999 0.5462882812500001 0.51491953125 0.53731640625 0.5093375
1 0.503621875 0.5157171875000001 0.47232031250000006 0.50515 0.46275000000000005 0.5292749999999999 0.49345390624999996 0.5412375 0.503621875 0.5157171875000001
0 0.46893124999999997 0.49199140625000004 0.4789 0.468265625 0.46255078125000004 0.4608890625 0.451984375 0.4858109375 0.46893124999999997 0.49199140625000004
4 0.44739843749999997 0.45052109375000005 0.4589625 0.4210140625 0.45038906250000005 0.41802343750000004 0.43723046875 0.44653359375 0.44739843749999997 0.45052109375000005
1 0.388059375 0.5002117187499999 0.39983124999999997 0.4690265625 0.38537421875 0.46159140625 0.38041796875 0.46943906249999995 0.3638953125 0.4642765625 0.3539828125 0.4867875 0.388059375 0.5002117187499999
0 0.28644921874999996 0.47976562500000003 0.31391718750000003 0.49298281250000003 0.32444921875 0.46654765625000005 0.29656875 0.4553953125 0.28644921874999996 0.47976562500000003
1 0.28789453125 0.44279765624999995 0.2672421875 0.43474296875 0.2482421875 0.46923281250000004 0.2670359375 0.4787328125 0.28789453125 0.44279765624999995
0 0.23130703125 0.42792812500000005 0.2056984375 0.41739531249999995 0.1931 0.44093906250000003 0.218915625 0.45374375 0.23130703125 0.42792812500000005
4 0.17265390625000002 0.31124140625 0.153240625 0.35233984375 0.16356718750000002 0.35729687499999996 0.1836 0.31557890624999996 0.17265390625000002 0.31124140625
1 0.113175 0.35440546875 0.11334255390625 0.35429369609375 0.11338203124999999 0.3541984375 0.1137345390625 0.35402218359375 0.08426171875 0.34304609375 0.06773984375 0.376503125 0.0764140625 0.37939453125 0.07248984375 0.3915796875 0.09438125 0.40004687499999997 0.11330721562499999 0.354378965625 0.113175 0.35440546875
0 0.0315984375 0.310621875 0.021271875000000003 0.33623125 0.044609375 0.34635078125 0.05720703125 0.31826328125000003 0.0315984375 0.310621875
0 0.9011085937500001 0.72102265625 0.9136828124999999 0.6911609375000001 0.8890593750000001 0.6804210937499999 0.8749140625 0.7089734375 0.9011085937500001 0.72102265625
1 0.8555296875 0.62174375 0.8337875 0.6660132812499999 0.8694124999999999 0.68330234375 0.8890593750000001 0.6358890625 0.8555296875 0.62174375
1 0.79606640625 0.61833828125 0.77091953125 0.673871875 0.80078203125 0.685921875 0.8222617187499999 0.6309125 0.79606640625 0.61833828125
0 0.8075929687500001 0.569615625 0.7884703125 0.6104796875 0.8162367187499999 0.62383984375 0.83352578125 0.5816656250000001 0.8075929687500001 0.569615625
2 0.42681250000000004 0.32782187500000004 0.422865625 0.33725078124999996 0.420015625 0.34613125 0.44654765625000004 0.35709453125 0.450275 0.34799453125 0.4549890625 0.33867578125 0.42681250000000004 0.32782187500000004