3 0.1259203125 0.41581796875 0.12756406250000002 0.4087703125 0.11346875000000001 0.4050109375 0.11111953125 0.41252890625000005 0.1259203125 0.41581796875
2 0.14635859375 0.39396953125 0.16374296875 0.30446328125 0.09631953125 0.2915421875 0.0779953125 0.38034375 0.14635859375 0.39396953125
1 0.5417375 0.79686640625 0.5417375 0.7999203125000001 0.53093125 0.799215625 0.5304609375 0.83821328125 0.5417375 0.8386828124999999 0.5405632812500001 0.8464359375000001 0.588253125 0.8480804687499999 0.5875484375 0.79780625 0.5417375 0.79686640625
0 0.64064140625 0.76280234375 0.67000703125 0.736490625 0.64674921875 0.7118234375 0.6155039062500001 0.73883984375 0.64064140625 0.76280234375
0 0.7151125 0.87650625 0.7144078125 0.8422070312500001 0.67024140625 0.8398578125 0.6704765625 0.87697578125 0.7151125 0.87650625
3 0.7238046875 0.89412578125 0.72263046875 0.879325 0.71793125 0.8805 0.7181664062500001 0.895065625 0.7238046875 0.89412578125
3 0.5422078124999999 0.87298203125 0.53656953125 0.8840234375 0.5436171875 0.8859031249999999 0.54667109375 0.87298203125 0.5422078124999999 0.87298203125
0 0.7949867187499999 0.64674921875 0.84855 0.6385265625 0.8391531249999999 0.5884875 0.78746953125 0.5971796875 0.7949867187499999 0.64674921875
1 0.94839296875 0.32936484374999997 0.94698359375 0.37047734375 0.9794031249999999 0.37235625 0.9801078125 0.360140625 0.9890351562499999 0.35943593749999997 0.99044453125 0.33359375 0.94839296875 0.32936484374999997
2 0.89483046875 0.7879390625 0.99349921875 0.77760234375 0.99349921875 0.75152578125 0.98363203125 0.71064921875 0.8863726562500001 0.72216015625 0.89483046875 0.7879390625
0 0.9037578125 0.8835539062500001 0.97376484375 0.8758015625000001 0.97235546875 0.8499593750000001 0.9653078125000001 0.8215335937500001 0.89882421875 0.8292859375000001 0.9037578125 0.8835539062500001
2 0.8970507812499999 0.8192359375 0.9278328124999999 0.8167257812500001 0.9274367187499999 0.80642109375 0.9249265624999999 0.7965125 0.89440859375 0.7991546875 0.8981078124999999 0.80959140625 0.8970507812499999 0.8192359375