3 0.5949890625 0.11346875000000001 0.58747109375 0.11111953125 0.58418203125 0.1259203125 0.5912296875 0.12756406250000002 0.5949890625 0.11346875000000001
2 0.7084578125000001 0.09631953125 0.61965625 0.0779953125 0.60603046875 0.14635859375 0.69553671875 0.16374296875 0.7084578125000001 0.09631953125
1 0.20078437500000001 0.53093125 0.16178671875 0.5304609375 0.1613171875 0.5417375 0.15356406250000001 0.5405632812500001 0.15191953125 0.588253125 0.20219375 0.5875484375 0.20313359375 0.5417375 0.2000796875 0.5417375 0.20078437500000001 0.53093125
0 0.2881765625 0.64674921875 0.26116015625 0.6155039062500001 0.23719765625 0.64064140625 0.263509375 0.67000703125 0.2881765625 0.64674921875
0 0.1601421875 0.67024140625 0.12302421875 0.6704765625 0.12349375 0.7151125 0.15779296874999998 0.7144078125 0.1601421875 0.67024140625
3 0.11950000000000001 0.71793125 0.104934375 0.7181664062500001 0.10587421875 0.7238046875 0.120675 0.72263046875 0.11950000000000001 0.71793125
3 0.11409687500000001 0.5436171875 0.12701796875 0.54667109375 0.12701796875 0.5422078124999999 0.11597656249999999 0.53656953125 0.11409687500000001 0.5436171875
0 0.4115125 0.8391531249999999 0.4028203125 0.78746953125 0.35325078125 0.7949867187499999 0.3614734375 0.84855 0.4115125 0.8391531249999999
1 0.6276437500000001 0.9794031249999999 0.639859375 0.9801078125 0.6405640625 0.9890351562499999 0.66640625 0.99044453125 0.67063515625 0.94839296875 0.62952265625 0.94698359375 0.6276437500000001 0.9794031249999999
2 0.24847421875000003 0.99349921875 0.28935078125 0.98363203125 0.27783984375 0.8863726562500001 0.2120609375 0.89483046875 0.22239765625 0.99349921875 0.24847421875000003 0.99349921875
0 0.15004062499999998 0.97235546875 0.17846640625000001 0.9653078125000001 0.1707140625 0.89882421875 0.11644609375 0.9037578125 0.1241984375 0.97376484375 0.15004062499999998 0.97235546875
2 0.19357890625000002 0.9274367187499999 0.2034875 0.9249265624999999 0.20084531249999998 0.89440859375 0.19040859375000002 0.8981078124999999 0.1807640625 0.8970507812499999 0.18327421875 0.9278328124999999 0.19357890625000002 0.9274367187499999