2 0.18771640625 0.10252109375 0.21071796874999998 0.0864203125 0.23832031250000002 0.09200625 0.2557359375 0.0207015625 0.1749015625 0.00032890625 0.1532140625 0.07163359375 0.1749015625 0.0778765625 0.18771640625 0.10252109375
2 0.0020617187499999997 0.27766171875 0.029334375000000003 0.284890625 0.031635156250000004 0.27798984375 0.16635781249999998 0.30953515625 0.19494609375 0.19945625 0.047407031249999995 0.162325 0.04510703125 0.16955390625 0.032949218749999995 0.16626796875 0.0020617187499999997 0.27766171875
2 0.36187109375 0.26813203125 0.3940734375 0.27700468749999996 0.37238671874999996 0.359153125 0.4663640625 0.38281171875000003 0.52156796875 0.17349765625 0.42956171875000004 0.14983828125 0.40688828125 0.23231562499999997 0.3740296875 0.223771875 0.36187109375 0.26813203125
0 0.28548046875 0.48676875 0.21702343750000003 0.4686671875 0.19760546875 0.54469375 0.26441640624999996 0.56411171875 0.28548046875 0.48676875
0 0.357859375 0.5656015625 0.37127109375 0.51218671875 0.3345046875 0.50339921875 0.32109296875000004 0.55797109375 0.34791640625000003 0.5656015625 0.357859375 0.5656015625
2 0.16500859375000002 0.57716328125 0.14072890625 0.5711515625 0.1337921875 0.5982062499999999 0.157840625 0.60398671875 0.16500859375000002 0.57716328125
2 0.0831515625 0.5817882812499999 0.02418671875 0.5653703125 0.023492968750000003 0.6298851562500001 0.06603984375000001 0.642834375 0.0831515625 0.5817882812499999
1 0.04985390625 0.7649265625 0.031817187499999997 0.76076484375 0.0348234375 0.750128125 0.023492968750000003 0.746659375 0.02372421875 0.8190359375 0.0334359375 0.8215796875000001 0.04985390625 0.7649265625
2 0.12546718750000002 0.78180703125 0.11413671875 0.82666640625 0.10280625000000002 0.82504765625 0.09517578125000001 0.8516398437499999 0.1076625 0.8544148437500001 0.09679453125000001 0.8914125 0.08546406250000001 0.8909499999999999 0.0782953125 0.9175421874999999 0.09078203124999999 0.9189296875 0.07343984375 0.98806875 0.12246171875 0.99921875 0.13656718750000002 0.99921875 0.154371875 0.92956640625 0.19830703125 0.7535960937499999 0.1809640625 0.747353125 0.1256984375 0.73625390625 0.11483046875 0.77926328125 0.12546718750000002 0.78180703125
1 0.09489453125 0.063075 0.11317109375 0.0004078125 0.00078125 0.00170078125 0.00098515625 0.038257031250000004 0.09489453125 0.063075
2 0.09055078125 0.700875 0.0868515625 0.7147484375000001 0.10905000000000001 0.7205296875 0.12084296875 0.68237578125 0.10118750000000001 0.67636328125 0.09378828125000001 0.70249296875 0.09055078125 0.700875