4 0.9386921875 0.78271171875 0.971790625 0.771428125 0.96727734375 0.75901640625 0.9341781250000001 0.771428125 0.9386921875 0.78271171875
1 0.8965664062500001 0.7541265625 0.8657242187499999 0.75337421875 0.8619632812500001 0.7943718750000001 0.85368828125 0.7939953125 0.8540640625 0.8255898437500001 0.90296015625 0.82671796875 0.90408828125 0.796628125 0.8954375000000001 0.79587578125 0.8965664062500001 0.7541265625
1 0.7904992187500001 0.65821484375 0.7961414062500001 0.62737265625 0.7596578125 0.6187218750000001 0.7521351562499999 0.65182109375 0.7904992187500001 0.65821484375
4 0.00139375 0.34302421875 0.0228328125 0.3490421875 0.044271875 0.29300000000000004 0.021328125 0.28510078125 0 0.33098828125 0.00139375 0.34302421875
1 0.1202484375 0.501371875 0.14168750000000002 0.507765625 0.1537234375 0.47541953125 0.1334125 0.46714453125000005 0.142815625 0.44721015625 0.1085890625 0.43442187499999996 0.08526875 0.49911484375 0.11573515625 0.5081421875000001 0.1202484375 0.501371875
1 0.40846171875000004 0.4649078125 0.39746328124999997 0.49820000000000003 0.42926953125 0.50830703125 0.42629687499999996 0.5199 0.4616703125 0.5308984375 0.48039765624999997 0.4750140625 0.44234921875 0.46431328125000004 0.43878203125 0.473825 0.40846171875000004 0.4649078125
0 0.4735609375 0.598375 0.4857484375 0.5582453125 0.433728125 0.54368046875 0.42213515625 0.5826203125 0.4735609375 0.598375
3 0.49156562499999995 0.57714140625 0.49486406250000003 0.56449921875 0.4888171875 0.56257578125 0.48524453125000006 0.57411875 0.49156562499999995 0.57714140625
0 0.92480390625 0.9598828125000001 0.94843671875 0.9457984375 0.93745625 0.92908828125 0.9157328124999999 0.9467531250000001 0.92480390625 0.9598828125000001
3 0.9193539062499999 0.9601304687500001 0.92254453125 0.95729453125 0.9159867187499999 0.94861015625 0.91315078125 0.95109140625 0.9193539062499999 0.9601304687500001
4 0.30975859375 0.38911562499999997 0.30767734375 0.39208828125 0.29221953125 0.38525156250000003 0.2877609375 0.39476328125000004 0.31867578124999996 0.41111328125 0.32372968750000003 0.40100625 0.31629765625 0.39773593749999997 0.31867578124999996 0.393871875 0.30975859375 0.38911562499999997
4 0.33480625 0.41290078125 0.32874921874999996 0.43357734375 0.33856484375 0.43691874999999997 0.34503984375 0.41624218749999997 0.33480625 0.41290078125