3 0.5660953125 0.7331226562500001 0.5660328125 0.7328609375 0.47982031249999996 0.7317554687500001 0.47959921874999994 0.74922265625 0.566475 0.75231796875 0.5660953125 0.7331226562500001
3 0.5549796875 0.7532023437500001 0.55475859375 0.7604992187499999 0.56536953125 0.76094140625 0.56536953125 0.75364453125 0.5549796875 0.7532023437500001
3 0.48136796875 0.7715546875 0.54038984375 0.77266015625 0.54016015625 0.754109375 0.48136796875 0.753865625 0.48136796875 0.7715546875
3 0.47937812500000004 0.793665625 0.5399476562500001 0.79432890625 0.539565625 0.77727265625 0.47915703125000003 0.77619765625 0.47937812500000004 0.793665625
3 0.5417164062500001 0.79742421875 0.5483484375 0.7967609375 0.5492671875 0.780440625 0.5414953125 0.77995625 0.5417164062500001 0.79742421875
3 0.5288953125 0.8140070312500001 0.5461375 0.8140070312500001 0.54530703125 0.80320859375 0.52867421875 0.8038359375 0.5288953125 0.8140070312500001
3 0.5169578125000001 0.81268046875 0.5264632812500001 0.8124593750000001 0.5266968750000001 0.8051882812500001 0.516515625 0.8049421875 0.5169578125000001 0.81268046875
3 0.49750468750000004 0.8133437499999999 0.5129789062500001 0.8129015624999999 0.513234375 0.80439609375 0.49772578125000005 0.80449921875 0.49750468750000004 0.8133437499999999
3 0.5549796875 0.8002984375000001 0.56028515625 0.79963515625 0.56094765625 0.7891515625000001 0.5545375 0.78990625 0.5549796875 0.8002984375000001
3 0.55055859375 0.8016249999999999 0.5554218750000001 0.8011828124999999 0.5548101562500001 0.7885578125 0.549453125 0.78990625 0.55055859375 0.8016249999999999
3 0.47407265625 0.90598828125 0.5576328125 0.90643046875 0.55837421875 0.889528125 0.47451484375 0.8894046875000001 0.47407265625 0.90598828125
3 0.5618328125 0.7912328125 0.56824296875 0.7903484375 0.56906484375 0.76915546875 0.5609484375 0.7704492187499999 0.5618328125 0.7912328125
3 0.56205390625 0.81179609375 0.5675796875 0.8109117187500001 0.56866875 0.7911312500000001 0.56205390625 0.79145390625 0.56205390625 0.81179609375
3 0.56912734375 0.7706703125 0.5689062500000001 0.7918960937499999 0.574875 0.79145390625 0.57708515625 0.7697859375 0.5763906249999999 0.76974921875 0.56912734375 0.7706703125
3 0.5753171874999999 0.8111328125 0.57509609375 0.791675 0.5752780484375 0.79112913515625 0.5684640625 0.79101171875 0.56868515625 0.81223828125 0.5753171874999999 0.8111328125
3 0.5751859375 0.7897624999999999 0.58188125 0.79021640625 0.58331953125 0.76807890625 0.5766609375 0.7685359375 0.5751859375 0.7897624999999999
3 0.5751859375 0.8099671875000001 0.58040625 0.8097406250000001 0.58138828125 0.7902359375 0.5754125 0.78987578125 0.5751859375 0.8099671875000001
3 0.5814273437499999 0.8105351562499999 0.58755546875 0.8099671875000001 0.5884632812499999 0.78953515625 0.5825625 0.790103125 0.5814273437499999 0.8105351562499999
3 0.5827890625000001 0.78987578125 0.5885765625 0.7897624999999999 0.59012890625 0.7697046875 0.5840375 0.76967109375 0.5827890625000001 0.78987578125
3 0.5882367187499999 0.79078359375 0.59493203125 0.7906703125 0.5953859375 0.77001171875 0.59061953125 0.7702382812499999 0.5882367187499999 0.79078359375
3 0.5874421875 0.8106484375 0.59436484375 0.81076171875 0.59490625 0.7904390625 0.5880093750000001 0.7903296875 0.5874421875 0.8106484375
3 0.5952726562499999 0.79668671875 0.600946875 0.79634609375 0.6016273437499999 0.7832921875000001 0.5960671875 0.782725 0.5952726562499999 0.79668671875
3 0.5964070312499999 0.782725 0.60264921875 0.7832921875000001 0.60425703125 0.7684851562499999 0.59674765625 0.77001171875 0.5964070312499999 0.782725
3 0.6059289062500001 0.7706921875 0.61239765625 0.77375703125 0.62072265625 0.75293515625 0.612284375 0.75060078125 0.6059289062500001 0.7706921875
3 0.602978125 0.78703828125 0.61092265625 0.7856757812499999 0.611575 0.7712296875 0.60331875 0.77091953125 0.602978125 0.78703828125
3 0.6074046875 0.80236171875 0.6144406250000001 0.80168125 0.616046875 0.7854585937499999 0.6076312500000001 0.7874921875 0.6074046875 0.80236171875
3 0.616596875 0.789421875 0.623859375 0.7896492187499999 0.62306015625 0.7768195312499999 0.61625625 0.776821875 0.616596875 0.789421875
3 0.618753125 0.77602734375 0.6264695312499999 0.7762546875 0.6281421875000001 0.75517109375 0.62034140625 0.75605 0.618753125 0.77602734375
3 0.62556171875 0.78351953125 0.6301015624999999 0.78283828125 0.6300726562500001 0.7698070312499999 0.6254484375 0.770125 0.62556171875 0.78351953125
3 0.6297609375000001 0.7834054687500001 0.63350625 0.7820437499999999 0.633165625 0.769784375 0.62953359375 0.769784375 0.6297609375000001 0.7834054687500001
3 0.632825 0.7839734375 0.63691015625 0.7832921875000001 0.6370859375 0.7695015625 0.633165625 0.769784375 0.632825 0.7839734375
3 0.64042828203125 0.76923606953125 0.63668359375 0.76944375 0.63691015625 0.7839734375 0.6405421875 0.7829515625 0.64042828203125 0.76923606953125
3 0.6398609375000001 0.77001171875 0.63997421875 0.78351953125 0.64553515625 0.7826109375 0.645421875 0.76933046875 0.6434921874999999 0.76933046875 0.6398609375000001 0.77001171875
3 0.63940703125 0.795778125 0.64519453125 0.7945296875000001 0.6446273437500001 0.78283828125 0.639634375 0.7831789062500001 0.63940703125 0.795778125
3 0.6511671875 0.7845234375000001 0.65744765625 0.7843484375 0.657709375 0.76942890625 0.65177734375 0.7701265625 0.6511671875 0.7845234375000001
3 0.65936640625 0.7700390625 0.65901796875 0.78609375 0.6643390625000001 0.78591953125 0.664775 0.769690625 0.66455859375 0.769609375 0.65936640625 0.7700390625
3 0.66460078125 0.78687890625 0.67070703125 0.7865296875000001 0.67112109375 0.769609375 0.6652109375 0.7704757812499999 0.66460078125 0.78687890625
3 0.6712304687499999 0.7853953125 0.677075 0.78478515625 0.67682421875 0.7692187500000001 0.67114296875 0.76942890625 0.6712304687499999 0.7853953125
3 0.6775109375 0.78190546875 0.6833554687500001 0.7813820312499999 0.68326796875 0.76759609375 0.67663828125 0.76820703125 0.6775109375 0.78190546875
3 0.67663828125 0.79796015625 0.6834421875000001 0.79796015625 0.68354296875 0.783671875 0.67724921875 0.78408671875 0.67663828125 0.79796015625
3 0.68440234375 0.77955 0.6905953125 0.77955 0.690159375 0.7648914062500001 0.68422734375 0.7648914062500001 0.68440234375 0.77955
3 0.6906828125 0.77736875 0.6967015625 0.77701953125 0.69651171875 0.760703125 0.690071875 0.76227421875 0.6906828125 0.77736875
3 0.69748671875 0.77719375 0.70341875 0.77719375 0.70338671875 0.762421875 0.69705078125 0.7629718750000001 0.69748671875 0.77719375
3 0.69609140625 0.7909796874999999 0.70254609375 0.79063046875 0.70362109375 0.77734375 0.696265625 0.77736875 0.69609140625 0.7909796874999999
3 0.69705078125 0.8030203124999999 0.7039421875 0.80284609375 0.70338671875 0.7908593749999999 0.6971375 0.79124140625 0.69705078125 0.8030203124999999
3 0.6891125 0.7982218750000001 0.69548046875 0.7982218750000001 0.69518359375 0.7848437500000001 0.68937421875 0.7846101562500001 0.6891125 0.7982218750000001
3 0.72651796875 0.83224921875 0.7496343750000001 0.83504140625 0.75096484375 0.821328125 0.7266046875 0.82143046875 0.72651796875 0.83224921875
3 0.725296875 0.84559921875 0.74928515625 0.8469078124999999 0.75057421875 0.83765625 0.725296875 0.8353906249999999 0.725296875 0.84559921875
3 0.6997859375 0.84612265625 0.69987265625 0.852840625 0.7222039062500001 0.85310234375 0.72237890625 0.84559921875 0.72237109375 0.8453125 0.6997859375 0.84612265625
3 0.7017921874999999 0.85694140625 0.71705703125 0.8575523437499999 0.7169703125 0.85214296875 0.70135546875 0.8516195312500001 0.7017921874999999 0.85694140625
3 0.73180625 0.90583359375 0.73853984375 0.91574921875 0.75980546875 0.9039375 0.75359765625 0.8944210937499999 0.73180625 0.90583359375
3 0.71684296875 0.9261320312500001 0.7405039062500001 0.93062265625 0.7431375 0.92001953125 0.71796484375 0.91631015625 0.71684296875 0.9261320312500001
3 0.72404375 0.9558796875000001 0.74995 0.96111796875 0.75276953125 0.9476601562500001 0.72582109375 0.94390546875 0.72404375 0.9558796875000001
3 0.67264140625 0.8918953125 0.69714453125 0.8955437500000001 0.6990796875 0.88400234375 0.672734375 0.8832890624999999 0.67264140625 0.8918953125
3 0.6543875 0.8611187499999999 0.6498046875 0.8721570312500001 0.672625 0.88235390625 0.67655234375 0.87019296875 0.67673984375 0.8700992187500001 0.6543875 0.8611187499999999