1 0.0139890625 0.44677734375 0.0189953125 0.46905 0.09063359374999999 0.451784375 0.09132343750000001 0.44781328125000003 0.08700859375 0.42812968749999997 0.083425 0.41015625 0.06473984375 0.41518046875000003 0.05524609375 0.41535312500000005 0.04730546875 0.42001484375000003 0.010709375 0.42588515625 0.0139890625 0.44677734375
1 0.5916953125 0.51524296875 0.5987312499999999 0.46259296875 0.57486796875 0.45737578125 0.55094765625 0.4579328125 0.5456624999999999 0.5114875 0.5894703125 0.5173296875 0.5894703125 0.51454765625 0.5916953125 0.51524296875
0 0.43990937499999994 0.5062921874999999 0.44296640624999994 0.4907203125 0.38032421875 0.4829921875 0.37846718749999997 0.49835624999999995 0.37610390625 0.5184484375 0.438221875 0.5257078125 0.43990937499999994 0.5062921874999999
1 0.49328515624999997 0.67781484375 0.49364609374999996 0.67625078125 0.49773671875 0.67745390625 0.5038734375 0.62847421875 0.48763046875000005 0.6240210937499999 0.4705453125 0.6237804687499999 0.46452968749999995 0.67107578125 0.46609375000000003 0.67083515625 0.46597343750000003 0.674565625 0.49328515624999997 0.67781484375
1 0.43384765625000005 0.793415625 0.43358281249999997 0.7911671874999999 0.43596328125 0.792225 0.4464953125 0.71946796875 0.426178125 0.71418828125 0.404359375 0.71352734375 0.393515625 0.7864054687500001 0.3970859375 0.7850828125 0.3966890625 0.788521875 0.43384765625000005 0.793415625
0 0.485615625 0.7100140625 0.5216890624999999 0.714709375 0.5235421875 0.69592734375 0.5257125 0.68377265625 0.52576640625 0.6849296875 0.52588984375 0.683446875 0.49006328125 0.67949296875 0.48821015624999997 0.6907375 0.485615625 0.7100140625
3 0.66029140625 0.017672656249999998 0.6540812500000001 0.02894453125 0.6793812499999999 0.0387203125 0.6843453125 0.02626484375 0.66029140625 0.017672656249999998
3 0.67098671875 0.0050210937499999995 0.6651210937500001 0.014107031249999999 0.69214609375 0.02353828125 0.69548125 0.0122671875 0.67098671875 0.0050210937499999995
3 0.62015234375 0.07978125 0.6185421875 0.10865 0.6317671875 0.10991484375 0.6321117187499999 0.08058593750000001 0.62015234375 0.07978125
3 0.5984796875 0.10876484374999999 0.609634375 0.10922499999999999 0.61214375 0.081265625 0.59997421875 0.08093125 0.5984796875 0.10876484374999999
3 0.580340625 0.1077296875 0.5901156249999999 0.107959375 0.59360390625 0.08054453125 0.582065625 0.0794359375 0.580340625 0.1077296875
3 0.55861484375 0.10416406250000002 0.5686203125 0.10669453124999999 0.5742406250000001 0.07920546875 0.56275546875 0.0770203125 0.55861484375 0.10416406250000002
3 0.5360750000000001 0.1017484375 0.545390625 0.10427890625 0.55240546875 0.07782578125 0.54171015625 0.075065625 0.5360750000000001 0.1017484375
3 0.52365546875 0.1000234375 0.53400546875 0.10289921875000001 0.53901484375 0.0748796875 0.52791015625 0.07253515625 0.52365546875 0.1000234375
3 0.51037734375 0.09691796875 0.52049765625 0.099103125 0.52511015625 0.07209921875 0.51394296875 0.07069453125 0.51037734375 0.09691796875
3 0.49560468750000003 0.09484765625 0.505725 0.0982984375 0.5118234375 0.07199609375 0.5013546875 0.06839453125 0.49560468750000003 0.09484765625
3 0.47525000000000006 0.09346796874999999 0.48548515625000005 0.0958828125 0.4914296875 0.069009375 0.48007968749999996 0.0670140625 0.47525000000000006 0.09346796874999999
3 0.45536484374999997 0.08461171875 0.46364453125000005 0.0905921875 0.47670078125000004 0.06797890625 0.4669796875 0.0617234375 0.45536484374999997 0.08461171875
3 0.60090859375 0.000503125 0.597240625 0.010821875 0.6220015625 0.01701328125 0.6249046875000001 0.00472265625 0.60090859375 0.000503125
3 0.6077250000000001 0.47276093750000003 0.61662265625 0.47434296875 0.61986015625 0.45900468749999995 0.61009765625 0.458128125 0.6077250000000001 0.47276093750000003
3 0.48962265625 0.71291796875 0.48724999999999996 0.72181640625 0.51058046875 0.7257718750000001 0.5127234374999999 0.71666328125 0.48962265625 0.71291796875