0 0.78475390625 0.91528203125 0.769 0.9158765624999999 0.7707835937499999 0.94471015625 0.786240625 0.9444132812499999 0.78475390625 0.91528203125
1 0.6679328124999999 0.743765625 0.6376125 0.7630874999999999 0.63523515625 0.7595203125000001 0.6652578124999999 0.7396039062499999 0.64890859375 0.7128515625 0.5719195312500001 0.7657625 0.58916015625 0.7910296875 0.62066953125 0.77051875 0.62334453125 0.772896875 0.617696875 0.77705859375 0.639990625 0.809459375 0.6902273437499999 0.7764640625 0.6679328124999999 0.743765625
4 0.3920796875 0.30917812499999997 0.3356015625 0.3380125 0.34243828125000003 0.3543609375 0.40129453125000003 0.32820312500000004 0.3920796875 0.30917812499999997
1 0.28031171875 0.1489578125 0.25207265625 0.16322578125 0.27139453125 0.20246406249999999 0.2990390625 0.186709375 0.28031171875 0.1489578125
1 0.22502265625 0.10377499999999999 0.25712578124999996 0.08950703125000001 0.23899296875 0.04432421875 0.2039171875 0.06186171875 0.22502265625 0.10377499999999999
1 0.9806453125000001 0.23367578125000002 0.9964000000000001 0.24526875 0.99966953125 0.2405125 0.9999671875 0.22148828125 0.9928328125 0.21673203124999998 0.9806453125000001 0.23367578125000002
0 0.9684578125 0.2931265625 0.9827265625000001 0.262509375 0.95062265625 0.2491328125 0.93843515625 0.28183125000000003 0.9684578125 0.2931265625
0 0.9423 0.37071015625000003 0.92238359375 0.3858703125 0.9431914062500001 0.41054218750000004 0.96459375 0.39359921875000003 0.9423 0.37071015625000003
1 1 0.3906265625 0.97975390625 0.3933015625 0.9839156250000001 0.43313359374999993 0.9999671875 0.43105312500000004 1 0.3906265625
4 0.42923671875 0.5029890625 0.42091328125 0.511609375 0.422696875 0.5139875 0.42150781249999997 0.51606796875 0.43042578125000003 0.5261750000000001 0.4333984375 0.52409375 0.44528828125000003 0.5347953125 0.45480078125 0.5291476562499999 0.42923671875 0.5029890625
0 0.4616375 0.3249328125 0.43666796874999997 0.33385078125 0.44231640624999996 0.35079453125 0.46639375000000005 0.3418765625 0.4616375 0.3249328125
3 0.458690625 0.59569375 0.471571875 0.58829921875 0.46823203125 0.58424453125 0.45654453124999994 0.5913999999999999 0.458690625 0.59569375
1 0.46131484375 0.6088125 0.48087421875 0.637675 0.51236015625 0.618115625 0.5111671875 0.6185921875 0.4916078125 0.5887765625 0.46131484375 0.6088125