2 0.20656328125 0.96634140625 0.21759843750000002 0.9695609375 0.249784375 0.85895390625 0.22288671875000002 0.85228515625 0.2219671875 0.85964375 0.20449453125 0.8550445312500001 0.20127578124999998 0.85895390625 0.0853765625 0.8280734375 0.055059375 0.93736796875 0.17437734375 0.9702507812500001 0.17713671875 0.9658820312499999 0.204034375 0.9739296875000001 0.20656328125 0.96634140625
2 0.24557421875 0.8740453125000001 0.2080703125 0.9998046875 0.4224953125 1 0.42992109375 0.9719203125 0.38165 0.9616515625 0.39497421875 0.91358828125 0.24557421875 0.8740453125000001
1 0.5008539062499999 0.6981437500000001 0.376584375 0.66494453125 0.34403203125 0.78002265625 0.37021171875 0.7892421875 0.40048203125 0.79588203125 0.41853828125000003 0.73240546875 0.48439062499999996 0.750465625 0.49209140625 0.725765625 0.5008539062499999 0.6981437500000001
1 0.69909765625 0.8430632812500001 0.6258953125 0.823565625 0.6142984375 0.8549609374999999 0.64579765625 0.8636523437499999 0.65029609375 0.8535625 0.6601109375 0.8565625000000001 0.6565671875 0.86692421875 0.685875 0.8757875 0.69909765625 0.8430632812500001
1 0.6627671875 0.8047828125 0.663134375 0.8051585937500001 0.7023937499999999 0.8155210937499999 0.71438984375 0.7804796875 0.6755390625000001 0.7691625 0.6627671875 0.8047828125
2 0.8350171874999999 0.938828125 0.99921875 0.9831523437499999 0.99921875 0.8042359375 0.85907421875 0.76707265625 0.8455031249999999 0.81825546875 0.865971875 0.8242640625 0.8350171874999999 0.938828125
2 0.985890625 0.60618359375 0.9269515625 0.5913296875 0.9053585937499999 0.6683171875 0.9651617187499999 0.6840140625 0.985890625 0.60618359375
2 0.815678125 0.5478859375 0.73446328125 0.52605625 0.70174375 0.6415773437500001 0.78419921875 0.66333515625 0.815678125 0.5478859375
1 0.15144296875000002 0.29858671875 0.15505546875 0.285540625 0.14361718750000002 0.28293124999999997 0.15385078125 0.24580078125 0.16689375 0.24680390624999998 0.16890078125000002 0.2345609375 0.173315625 0.22051171875 0.1624796875 0.21850390625 0.17953593750000002 0.1494609375 0.11572578124999999 0.1344078125 0.0531328125 0.38411953125 0.12535703125 0.40114765625000004 0.13579140625 0.35859765625 0.12616015625000002 0.35638984375 0.137396875 0.31062890625 0.14803203125 0.312234375 0.15144296875000002 0.29858671875
1 0.05426875 0.5908375 0.00045703124999999997 0.57738125 0.00045703124999999997 0.6602046875 0.03548046875 0.66902109375 0.05426875 0.5908375
1 0.22614765625 0.49001640625 0.30767656250000003 0.51218984375 0.31277890625000004 0.48991796875000004 0.3202015625 0.46695000000000003 0.2369328125 0.44583828125 0.23183046875 0.46834218749999995 0.22614765625 0.49001640625
1 0.28401796875 0.5871257812499999 0.29283203125 0.55766171875 0.3014140625 0.527965625 0.18497734375 0.49571796875 0.16860625 0.55586796875 0.28401796875 0.5871257812499999
1 0.47806796875 0.4808703125 0.46971796875000005 0.47855 0.47273359375 0.4634703125 0.4469875 0.4576703125 0.4214734375 0.44955 0.39461875 0.54672734375 0.42124140624999995 0.555109375 0.44652343749999995 0.5613734375 0.46507890625000003 0.49247031249999995 0.474125 0.49525390625 0.47574843749999995 0.489221875 0.47806796875 0.4808703125
1 0.2942765625 0.37049453125 0.30328828125 0.34168984375 0.2186578125 0.3173921875 0.20258671874999998 0.37310703125 0.22022499999999998 0.37715624999999997 0.21709062499999998 0.38754140625 0.23609296875000002 0.39322421875 0.23903203125 0.38205546875 0.28761562500000004 0.39616328125 0.2942765625 0.37049453125
1 0.44296406250000003 0.366575 0.46882265624999997 0.3722578125 0.5052609375 0.22999921875 0.4580484375 0.21804687500000003 0.41874453125000005 0.35977265625 0.44296406250000003 0.366575
1 0.6277703125 0.28368906250000003 0.60994296875 0.2797703125 0.6064164062499999 0.2928984375 0.59074453125 0.289371875 0.56384375 0.38854687499999996 0.59446640625 0.40086640625000003 0.6289453125 0.40517734375 0.65617578125 0.30465546875 0.6408953125 0.30210859375 0.6440296875 0.28858828124999997 0.6277703125 0.28368906250000003
1 0.742228125 0.35540625000000003 0.7334125 0.39028515625 0.720090625 0.44044765625000004 0.7906164062500001 0.46004218750000003 0.8047210937499999 0.41085937499999997 0.80785546875 0.41203515625 0.82725 0.33973046875 0.75221875 0.31974375 0.742228125 0.35540625000000003
0 0.6825921875 0.0802890625 0.6415953125 0.07296640625 0.62445859375 0.13518515625 0.66538828125 0.1456421875 0.6825921875 0.0802890625
1 0.677403125 0.2037015625 0.7018921875 0.21081249999999999 0.72733203125 0.21667031250000002 0.758628125 0.101340625 0.7339203125 0.0954828125 0.71104296875 0.086146875 0.677403125 0.2037015625
0 0.54609296875 0.9609867187500001 0.5595734375 0.9633429687499999 0.56651015625 0.93624609375 0.54334453125 0.92956953125 0.533790625 0.9565359375 0.54609296875 0.9609867187500001
3 0.88943046875 0.68962578125 0.8805898437499999 0.68825078125 0.87634921875 0.70493046875 0.8853046875 0.70671953125 0.88943046875 0.68962578125
3 0.5392210937499999 0.9963164062500001 0.54098984375 0.9896367187499999 0.5278273437500001 0.98649296875 0.52567890625 0.9927859375000001 0.5392210937499999 0.9963164062500001
3 0.08495312499999999 0.40933046875 0.0600859375 0.40179375000000006 0.0577375 0.41238984375000004 0.0816875 0.41937890624999996 0.08495312499999999 0.40933046875
3 0.056318749999999994 0.39099218750000003 0.04627109375 0.39048984375 0.0464890625 0.41463984375 0.056821093749999996 0.41385234375 0.056318749999999994 0.39099218750000003
3 0.7184437499999999 0.375575 0.71183359375 0.37459609375 0.7066617187500001 0.3952265625 0.7140375 0.3971234375 0.7184437499999999 0.375575
3 0.7089601562500001 0.598659375 0.700390625 0.59670078125 0.6972328125 0.61209453125 0.70504296875 0.61457578125 0.7089601562500001 0.598659375
3 0.85086171875 0.19924140625 0.8306359375 0.19442500000000001 0.8284367187499999 0.20208125 0.85017421875 0.206671875 0.85086171875 0.19924140625
3 0.8504515625 0.12651874999999999 0.8271984375000001 0.12156484375000001 0.8256851562499999 0.12899531250000001 0.8493507812500001 0.1332609375 0.8504515625 0.12651874999999999
3 0.63534140625 0.14653203125 0.62110078125 0.14234296875000002 0.6190562500000001 0.1487625 0.63299609375 0.15323437499999998 0.63534140625 0.14653203125
3 0.63120234375 0.2731671875 0.6186375 0.2696484375 0.6163554687499999 0.27585546875 0.62885703125 0.27970234375 0.63120234375 0.2731671875
3 0.39017109375 0.21871015625 0.38278046875 0.2164 0.3763796875 0.23964921874999998 0.3837046875 0.24180703124999997 0.39017109375 0.21871015625