2 0.0853765625 0.1719265625 0.20127578124999998 0.14104609375 0.20449453125 0.14495546875 0.2219671875 0.14035625000000002 0.22288671875000002 0.14771484375 0.249784375 0.14104609375 0.21759843750000002 0.030439062500000003 0.20656328125 0.03365859375 0.204034375 0.026070312499999998 0.17713671875 0.03411796875 0.17437734375 0.02974921875 0.055059375 0.06263203125 0.0853765625 0.1719265625
2 0.2080703125 0.0001953125 0.24557421875 0.1259546875 0.39497421875 0.08641171875 0.38165 0.0383484375 0.42992109375 0.0280796875 0.4224953125 0 0.2080703125 0.0001953125
1 0.37021171875 0.21075781249999997 0.34403203125 0.21997734375000003 0.376584375 0.33505546875 0.5008539062499999 0.30185625 0.49209140625 0.274234375 0.48439062499999996 0.249534375 0.41853828125000003 0.26759453125 0.40048203125 0.20411796875000002 0.37021171875 0.21075781249999997
1 0.64579765625 0.13634765625 0.6142984375 0.1450390625 0.6258953125 0.176434375 0.69909765625 0.15693671874999998 0.685875 0.12421249999999999 0.6565671875 0.13307578125 0.6601109375 0.1434375 0.65029609375 0.1464375 0.64579765625 0.13634765625
1 0.6627671875 0.1952171875 0.6755390625000001 0.23083749999999997 0.71438984375 0.21952031249999998 0.7023937499999999 0.18447890625000002 0.663134375 0.19484140625 0.6627671875 0.1952171875
2 0.99921875 0.016847656250000002 0.8350171874999999 0.061171875 0.865971875 0.1757359375 0.8455031249999999 0.18174453125 0.85907421875 0.23292734375 0.99921875 0.1957640625 0.99921875 0.016847656250000002
2 0.9651617187499999 0.3159859375 0.9053585937499999 0.3316828125 0.9269515625 0.40867031249999997 0.985890625 0.39381640625 0.9651617187499999 0.3159859375
2 0.78419921875 0.33666484375 0.70174375 0.35842265625 0.73446328125 0.47394375 0.815678125 0.4521140625 0.78419921875 0.33666484375
1 0.12535703125 0.59885234375 0.0531328125 0.61588046875 0.11572578124999999 0.8655921875000001 0.17953593750000002 0.8505390625 0.1624796875 0.7814960937500001 0.173315625 0.77948828125 0.16890078125000002 0.7654390624999999 0.16689375 0.75319609375 0.15385078125 0.75419921875 0.14361718750000002 0.7170687499999999 0.15505546875 0.714459375 0.15144296875000002 0.70141328125 0.14803203125 0.687765625 0.137396875 0.6893710937499999 0.12616015625000002 0.6436101562500001 0.13579140625 0.64140234375 0.12535703125 0.59885234375
1 0.03548046875 0.33097890625000004 0.00045703124999999997 0.3397953125 0.00045703124999999997 0.42261875 0.05426875 0.4091625 0.03548046875 0.33097890625000004
1 0.30767656250000003 0.48781015625 0.22614765625 0.50998359375 0.23183046875 0.5316578125 0.2369328125 0.55416171875 0.3202015625 0.53305 0.31277890625000004 0.51008203125 0.30767656250000003 0.48781015625
1 0.28401796875 0.41287421875 0.16860625 0.44413203125 0.18497734375 0.50428203125 0.3014140625 0.47203437499999995 0.29283203125 0.44233828124999997 0.28401796875 0.41287421875
1 0.42124140624999995 0.44489062500000004 0.39461875 0.45327265624999996 0.4214734375 0.55045 0.4469875 0.5423296875 0.47273359375 0.5365296875000001 0.46971796875000005 0.52145 0.47806796875 0.5191296875 0.47574843749999995 0.5107781250000001 0.474125 0.50474609375 0.46507890625000003 0.5075296875 0.44652343749999995 0.4386265625 0.42124140624999995 0.44489062500000004
1 0.22022499999999998 0.62284375 0.20258671874999998 0.62689296875 0.2186578125 0.6826078125 0.30328828125 0.65831015625 0.2942765625 0.62950546875 0.28761562500000004 0.60383671875 0.23903203125 0.61794453125 0.23609296875000002 0.60677578125 0.21709062499999998 0.61245859375 0.22022499999999998 0.62284375
1 0.44296406250000003 0.633425 0.41874453125000005 0.64022734375 0.4580484375 0.781953125 0.5052609375 0.77000078125 0.46882265624999997 0.6277421875 0.44296406250000003 0.633425
1 0.59446640625 0.59913359375 0.56384375 0.6114531249999999 0.59074453125 0.710628125 0.6064164062499999 0.7071015625 0.60994296875 0.7202296875 0.6277703125 0.7163109375000001 0.6440296875 0.71141171875 0.6408953125 0.69789140625 0.65617578125 0.6953445312500001 0.6289453125 0.5948226562500001 0.59446640625 0.59913359375
1 0.7906164062500001 0.5399578125 0.720090625 0.55955234375 0.7334125 0.60971484375 0.742228125 0.6445937500000001 0.75221875 0.68025625 0.82725 0.66026953125 0.80785546875 0.58796484375 0.8047210937499999 0.589140625 0.7906164062500001 0.5399578125
0 0.66538828125 0.8543578125 0.62445859375 0.86481484375 0.6415953125 0.92703359375 0.6825921875 0.9197109375 0.66538828125 0.8543578125
1 0.7018921875 0.7891874999999999 0.677403125 0.7962984375 0.71104296875 0.9138531249999999 0.7339203125 0.9045171875 0.758628125 0.898659375 0.72733203125 0.7833296875 0.7018921875 0.7891874999999999
0 0.54609296875 0.03901328125 0.533790625 0.0434640625 0.54334453125 0.07043046875 0.56651015625 0.06375390625 0.5595734375 0.03665703125 0.54609296875 0.03901328125
3 0.8853046875 0.29328046875 0.87634921875 0.29506953125 0.8805898437499999 0.31174921875 0.88943046875 0.31037421875 0.8853046875 0.29328046875
3 0.52567890625 0.0072140625 0.5278273437500001 0.01350703125 0.54098984375 0.01036328125 0.5392210937499999 0.00368359375 0.52567890625 0.0072140625
3 0.0816875 0.58062109375 0.0577375 0.58761015625 0.0600859375 0.5982062499999999 0.08495312499999999 0.59066953125 0.0816875 0.58062109375
3 0.056821093749999996 0.58614765625 0.0464890625 0.5853601562499999 0.04627109375 0.60951015625 0.056318749999999994 0.6090078125 0.056821093749999996 0.58614765625
3 0.7140375 0.6028765625 0.7066617187500001 0.6047734375 0.71183359375 0.6254039062500001 0.7184437499999999 0.624425 0.7140375 0.6028765625
3 0.70504296875 0.38542421875 0.6972328125 0.38790546875 0.700390625 0.40329921874999997 0.7089601562500001 0.401340625 0.70504296875 0.38542421875
3 0.85017421875 0.793328125 0.8284367187499999 0.79791875 0.8306359375 0.8055749999999999 0.85086171875 0.80075859375 0.85017421875 0.793328125
3 0.8493507812500001 0.8667390625 0.8256851562499999 0.8710046874999999 0.8271984375000001 0.8784351562499999 0.8504515625 0.87348125 0.8493507812500001 0.8667390625
3 0.63299609375 0.846765625 0.6190562500000001 0.8512375000000001 0.62110078125 0.8576570312499999 0.63534140625 0.8534679687500001 0.63299609375 0.846765625
3 0.62885703125 0.72029765625 0.6163554687499999 0.72414453125 0.6186375 0.7303515625 0.63120234375 0.7268328125 0.62885703125 0.72029765625
3 0.3837046875 0.75819296875 0.3763796875 0.76035078125 0.38278046875 0.7836000000000001 0.39017109375 0.78128984375 0.3837046875 0.75819296875