3 0.4632421875 0.68704609375 0.466778125 0.67884921875 0.4529546875 0.6737054687499999 0.4503828125 0.6827062500000001 0.4632421875 0.68704609375
3 0.55711171875 0.76725390625 0.560165625 0.75873515625 0.5466640625 0.75455546875 0.5440921875 0.763878125 0.55711171875 0.76725390625
1 0.5039046875000001 0.60969765625 0.49400468750000004 0.6079125000000001 0.48361796874999996 0.64864609375 0.49351796875 0.65108046875 0.488325 0.6708796875 0.5895921875 0.69700859375 0.5994921875 0.65708515625 0.612475 0.61667578125 0.50893515625 0.5900601562500001 0.5039046875000001 0.60969765625
1 0.5516023437500001 0.8318015624999999 0.49491171874999995 0.81509140625 0.49069531250000004 0.83430078125 0.48491640625 0.85366640625 0.56940625 0.8750617187499999 0.5742476562500001 0.8571015624999999 0.58174375 0.83633125 0.555975 0.8285218750000001 0.5516023437500001 0.8318015624999999
0 0.5928320312500001 0.80868828125 0.59939140625 0.81134296875 0.60704375 0.8130609375000001 0.61172890625 0.7963507812499999 0.6047015625000001 0.7951015625 0.5982984375 0.79228984375 0.5928320312500001 0.80868828125
1 0.651240625 0.8774046875 0.6454625 0.89692578125 0.7432265625000001 0.9225382812499999 0.7490046875 0.90348515625 0.7540023437500001 0.88443203125 0.65545703125 0.8589757812500001 0.651240625 0.8774046875
3 0.8137453125 0.31920703125 0.8058804687500001 0.319509375 0.8061828125 0.33508828125 0.81419921875 0.3349375 0.8137453125 0.31920703125
1 0.8315929687500001 0.3125515625 0.83189609375 0.360953125 0.8710703125 0.360196875 0.8721289062500001 0.3264671875 0.86849921875 0.3264671875 0.868196875 0.3133078125 0.8315929687500001 0.3125515625
1 0.8578164062500001 0.00078125 0.8115249999999999 0.00078125 0.811225 0.02862734375 0.8573671875000001 0.029376562499999998 0.8578164062500001 0.00078125
3 0.8056820312499999 0.00078125 0.799090625 0.00078125 0.798790625 0.01244765625 0.8058320312499999 0.0119984375 0.8056820312499999 0.00078125
1 0.99921875 0.09888828125 0.9989382812500001 0.06652890624999999 0.9526468749999999 0.06548046874999999 0.9521968749999999 0.09903828125 0.99921875 0.09888828125