2 0.18264687500000001 0.05949375 0.19746640625 0.00106328125 0.0202578125 0.00043750000000000006 0.016709375000000002 0.01567109375 0.18264687500000001 0.05949375
1 0.20494140624999999 0.17127578125 0.23520703125 0.18066640625 0.2690203125 0.18943125 0.2750734375 0.16480703125 0.2861359375 0.16689375 0.29156328125000003 0.144565625 0.28154453125 0.14185234375 0.2861359375 0.12077578124999999 0.34729296875000004 0.13642656250000001 0.359190625 0.11889765625 0.360234375 0.09302109374999999 0.30721796874999996 0.07862265625 0.31118359375 0.06213671875 0.3022078125 0.05942421875 0.3063828125 0.04544296875 0.27277734374999996 0.036886718750000005 0.24240234374999997 0.02871640625 0.23478984375 0.06109375 0.226440625 0.08091796875 0.22351796875000002 0.103246875 0.20494140624999999 0.17127578125
1 0.50938671875 0.12809921875000002 0.48492578125 0.12195078125 0.46356875000000003 0.11547265625 0.44998281249999994 0.16481328125 0.47136796875 0.17193984375 0.49736562500000003 0.18022265625 0.50938671875 0.12809921875000002
1 0.45692656249999997 0.2825125 0.47126406249999997 0.2856234375 0.480596875 0.25235625 0.47613359375000003 0.25073359375000004 0.49236484375 0.1952890625 0.4774859375 0.18920390625 0.45901953124999995 0.1838078125 0.44326484375 0.24180859375 0.45232734375000005 0.24478359374999997 0.442859375 0.27845624999999996 0.45692656249999997 0.2825125
1 0.55727734375 0.06321015625000001 0.5671890625 0.025360937500000003 0.51583984375 0.01077109375 0.51389375 0.01906328125 0.50634140625 0.01723984375 0.50276171875 0.028250781250000002 0.49945781250000004 0.045042187500000004 0.55727734375 0.06321015625000001
0 0.5225226562499999 0.07256015625 0.516253125 0.09980703125 0.5645734375 0.11288203125 0.5698046875 0.08618125 0.5225226562499999 0.07256015625
0 0.61722421875 0.098740625 0.5721765624999999 0.08700625 0.5691625 0.0954109375 0.56836953125 0.103815625 0.6127828125 0.11459921875000001 0.61722421875 0.098740625
2 0.0201 0.50385234375 0.0008109375 0.50483046875 0.0005320312500000001 0.5404648437499999 0.0194015625 0.54032578125 0.0201 0.50385234375
1 0.08873046875 0.56128671875 0.088590625 0.5470328125 0.0312890625 0.5465140625 0.0307234375 0.56184609375 0.0312828125 0.57568046875 0.08956953125 0.5763796875 0.08873046875 0.56128671875
1 0.23643203124999998 0.7736125 0.16561796875 0.773590625 0.16444453125 0.7902078125 0.1658 0.8362695312499999 0.23693984375000002 0.83677734375 0.23643203124999998 0.7736125
1 0.029767968750000002 0.911690625 0.0295984375 0.8734187500000001 0.0001515625 0.873840625 0.000803125 0.911690625 0.0111359375 0.9111820312500001 0.029767968750000002 0.911690625
4 0.0598234375 0.7432515625 0.060164062500000004 0.7509210937499999 0.056584375 0.750409375 0.0567546875 0.76523671875 0.0598234375 0.7654078125 0.05999375 0.77120234375 0.0719265625 0.7701796875 0.07175625 0.76694140625 0.07431328125 0.76677109375 0.07465468750000001 0.75807890625 0.072096875 0.75807890625 0.0715859375 0.73098046875 0.05999375 0.73234375 0.05999375 0.73575234375 0.05726640625 0.73558203125 0.05726640625 0.7432515625 0.0598234375 0.7432515625
1 0.07601796875 0.77392890625 0.0582890625 0.774440625 0.04258671875 0.77398203125 0.042264843749999996 0.81193515625 0.057436718750000004 0.8105718749999999 0.076359375 0.81193515625 0.07601796875 0.77392890625
0 0.20524765625 0.61528671875 0.20558359375 0.6136078125 0.2069265625 0.6136078125 0.20761484375 0.59437890625 0.16915 0.593296875 0.16948515625 0.6035359375 0.16965312500000002 0.61427890625 0.20524765625 0.61528671875
1 0.22069453125 0.5906109374999999 0.21263515625 0.59111484375 0.21146015624999998 0.64701171875 0.23177578125 0.6478515625 0.25377031250000004 0.64852265625 0.25528125 0.59245703125 0.2389953125 0.59161796875 0.24101015625 0.5340421875 0.222709375 0.5338742187500001 0.205059375 0.53304140625 0.2045765625 0.57902890625 0.22069453125 0.57986796875 0.22069453125 0.5906109374999999
1 0.23331718750000002 0.5018343749999999 0.24706953125000003 0.502565625 0.26096875 0.50271171875 0.26345546875000003 0.45458828125000006 0.24867890625000003 0.45502734375 0.22556250000000003 0.45385703125 0.22497734375 0.46438828125000003 0.22497734375 0.47448125 0.23404843749999998 0.47462734375000004 0.23331718750000002 0.5018343749999999
1 0.21699296875 0.43722500000000003 0.17344609375 0.43566562500000006 0.17324765625 0.44585468749999996 0.17339453124999998 0.45506953125000005 0.21640781250000002 0.45609374999999996 0.21699296875 0.43722500000000003
0 0.19480546875 0.3348671875 0.177925 0.3309171875 0.16143828124999998 0.32539296875 0.14883359375 0.37310859375 0.1646359375 0.37777656249999997 0.18421015624999998 0.3833421875 0.19480546875 0.3348671875
1 0.2887953125 0.3741859375 0.26976015625 0.36969765625 0.2710171875 0.35964296875 0.25270000000000004 0.35443671875 0.24982734374999999 0.36413125 0.22929375 0.35835625000000004 0.22228046875000002 0.37903359375 0.22109453124999998 0.384778125 0.28322890625 0.40093671875 0.2887953125 0.3741859375
1 0.46030234375 0.4778953125 0.46938046875 0.43958984375 0.43598984375 0.42743593750000003 0.42152578125 0.4671265625 0.46030234375 0.4778953125
0 0.53048671875 0.43871953125 0.5181765625 0.43625859375 0.50771328125 0.4327203125 0.50001953125 0.46225703124999995 0.5087906249999999 0.46671874999999996 0.5226390624999999 0.46948749999999995 0.53048671875 0.43871953125
1 0.66512734375 0.474871875 0.56510859375 0.44841171874999997 0.5569531249999999 0.47348749999999995 0.5520296874999999 0.49717890625 0.652509375 0.5247164062499999 0.66512734375 0.474871875
4 0.4935734375 0.85721875 0.4922453125 0.839290625 0.49955078124999996 0.838959375 0.49905234375 0.816715625 0.45339296874999996 0.8172132812499999 0.45355937500000004 0.80791796875 0.44011093749999997 0.8077515625 0.44077500000000003 0.81704765625 0.39813125 0.8164296875 0.3984359375 0.8366351562500001 0.46302343749999997 0.8366351562500001 0.46318906249999997 0.855890625 0.4935734375 0.85721875
0 0.37627734375 0.88793828125 0.37784765625 0.9105328125 0.40889609374999997 0.9106984375 0.4090625 0.8894515625 0.37627734375 0.88793828125
1 0.58559765625 0.78168671875 0.58444609375 0.8405921875000001 0.6811734375 0.8407843749999999 0.68059765625 0.78245390625 0.58559765625 0.78168671875
0 0.6070554687499999 0.9234921875 0.5963171875 0.9237671875 0.5869171875 0.9229242187500001 0.5865421875 0.95281015625 0.5964546875 0.9545999999999999 0.6065046875 0.95391171875 0.6070554687499999 0.9234921875
1 0.6052109375 0.98021640625 0.60556875 0.99921875 0.68063359375 0.99921875 0.6804546874999999 0.98057421875 0.6052109375 0.98021640625
1 0.85535703125 0.85207421875 0.8474984375 0.8894257812499999 0.92820703125 0.90762421875 0.9357625 0.870540625 0.85535703125 0.85207421875
1 0.96191171875 0.8762140625000001 0.95379296875 0.9132890625 0.99921875 0.9242765625 0.99921875 0.8858203124999999 0.96191171875 0.8762140625000001
1 0.70665546875 0.36681953125 0.7211171875 0.37104296875 0.7219296875000001 0.36568203125 0.7476046875 0.37201796875 0.75605390625 0.34634921875 0.7386671875 0.34228828125 0.75069140625 0.29777421875 0.7313546875 0.29420078125 0.71445546875 0.2881890625 0.7034875 0.33226875 0.68683125 0.32799140625 0.68081875 0.35382265625 0.70811796875 0.36162031250000004 0.70665546875 0.36681953125
0 0.64114375 0.2554453125 0.62911953125 0.30093359375 0.66389296875 0.31051875 0.67559296875 0.2653546875 0.64114375 0.2554453125
1 0.98887421875 0.08721484375 0.96582734375 0.08186640625 0.9450289062499999 0.07492578125 0.93166875 0.12568671874999998 0.9538921874999999 0.13226953125000002 0.97591015625 0.1370015625 0.98887421875 0.08721484375
4 0.9166664062500001 0.29727031249999997 0.9124890625000001 0.31415703125 0.9931296875 0.33394921875 0.9962171874999999 0.31506484375 0.9166664062500001 0.29727031249999997
3 0.6619453125 0.17098984374999998 0.65940859375 0.179684375 0.68198046875 0.18613203125 0.685584375 0.17778750000000001 0.6619453125 0.17098984374999998
3 0.57538203125 0.20623515625 0.5732953125 0.21571796875000002 0.5888484375 0.21989062499999998 0.59150390625 0.2098390625 0.57538203125 0.20623515625
3 0.57451796875 0.9318226562499999 0.56699375 0.931371875 0.5671062499999999 0.9472140625 0.57380546875 0.9476421875 0.57451796875 0.9318226562499999
3 0.533040625 0.87809375 0.5249984375000001 0.8772507812500001 0.52534375 0.89191796875 0.5324703125 0.8941984375 0.533040625 0.87809375
3 0.12056171874999999 0.20480468749999997 0.1190515625 0.21347578125000002 0.14194296875 0.21891796874999997 0.1445046875 0.20867421875 0.12056171874999999 0.20480468749999997
3 0.063321875 0.34739921875 0.05712109375 0.34504296874999996 0.056005468749999995 0.36116171874999997 0.061461718750000005 0.3624015625 0.063321875 0.34739921875
3 0.17031093749999998 0.46931874999999995 0.17004609375 0.46945156250000003 0.16872109375 0.479521875 0.18488906249999998 0.48045 0.187009375 0.47170390624999997 0.17031093749999998 0.46931874999999995
3 0.07861640625 0.50204765625 0.07081171875 0.5016296875 0.07011953125 0.51813203125 0.07861640625 0.5186984375 0.07861640625 0.50204765625
3 0.16223203125000002 0.5834421875 0.16153359375 0.5904882812500001 0.17681640625 0.59123359375 0.17793515625 0.584525 0.16223203125000002 0.5834421875