2 0.9989367187499999 0.80253359375 0.94050625 0.817353125 0.98432890625 0.9832906250000001 0.9995625 0.9797421875 0.9989367187499999 0.80253359375
1 0.9389062499999999 0.76521015625 0.97128359375 0.75759765625 0.9631132812500001 0.72722265625 0.95455703125 0.6936171875 0.94057578125 0.6977921874999999 0.93786328125 0.68881640625 0.92137734375 0.6927820312499999 0.90697890625 0.639765625 0.88110234375 0.640809375 0.8635734375 0.6527070312500001 0.8792242187499999 0.7138640625 0.8581476562500001 0.71845546875 0.855434375 0.70843671875 0.8331062499999999 0.7138640625 0.83519296875 0.7249265625 0.8105687500000001 0.7309796875 0.81933359375 0.7647929687499999 0.82872421875 0.79505859375 0.896753125 0.77648203125 0.91908203125 0.7735593749999999 0.9389062499999999 0.76521015625
1 0.83518671875 0.5500171875000001 0.88452734375 0.5364312499999999 0.87804921875 0.5150742187499999 0.8719007812499999 0.49061328125000003 0.81977734375 0.502634375 0.82806015625 0.52863203125 0.83518671875 0.5500171875000001
1 0.75819140625 0.55673515625 0.8161921875000001 0.54098046875 0.81079609375 0.5225140625 0.8047109375 0.50763515625 0.7492664062500001 0.52386640625 0.74764375 0.519403125 0.7143765625 0.5287359375 0.7174875000000001 0.5430734375 0.72154375 0.557140625 0.75521640625 0.54767265625 0.75819140625 0.55673515625
1 0.98276015625 0.49365859375000004 0.98093671875 0.48610625 0.9892289062499999 0.48416015625000003 0.9746390625 0.43281093750000005 0.93678984375 0.44272265624999996 0.9549578125 0.5005421875 0.97174921875 0.49723828125 0.98276015625 0.49365859375000004
0 0.9001929687500001 0.483746875 0.92743984375 0.47747734375000006 0.9138187500000001 0.4301953125 0.8871179687499999 0.4354265625 0.9001929687500001 0.483746875
0 0.9045890625 0.4308375 0.91299375 0.4278234375 0.9012593750000001 0.38277578125 0.8854007812500001 0.3872171875 0.896184375 0.43163046875 0.9045890625 0.4308375
2 0.49516953125 0.9991890625 0.49614765624999996 0.9799 0.45967421875000003 0.9805984375 0.45953515625 0.99946796875 0.49516953125 0.9991890625
1 0.43815390625 0.9692765624999999 0.4534859375 0.9687109375 0.4529671875 0.9114093750000001 0.43871328125 0.91126953125 0.42362031250000004 0.9104304687500001 0.42431953125 0.9687171875 0.43815390625 0.9692765624999999
1 0.2097921875 0.83555546875 0.22640937499999997 0.83438203125 0.22638750000000002 0.76356796875 0.16322265625000001 0.76306015625 0.16373046875 0.8342 0.2097921875 0.83555546875
1 0.12615937500000002 0.9998484375000001 0.12658125 0.9704015625 0.088309375 0.9702320312499999 0.08881796875 0.9888640625 0.088309375 0.999196875 0.12615937500000002 0.9998484375000001
4 0.26424765625 0.94000625 0.26765625000000004 0.94000625 0.26901953125 0.9284140624999999 0.24192109374999998 0.9279031249999999 0.24192109374999998 0.9253453125 0.23322890625 0.92568671875 0.23305859375 0.92824375 0.2298203125 0.9280734374999999 0.22879765624999998 0.94000625 0.23459218750000002 0.9401765624999999 0.23476328125 0.9432453125 0.249590625 0.9434156249999999 0.24907890625 0.9398359375 0.2567484375 0.9401765624999999 0.2567484375 0.9427335937500001 0.26441796875 0.9427335937500001 0.26424765625 0.94000625
1 0.18806484375000002 0.95773515625 0.22601796875 0.95741328125 0.225559375 0.9417109375000001 0.22607109374999998 0.9239820312499999 0.18806484375000002 0.923640625 0.189428125 0.94256328125 0.18806484375000002 0.95773515625
0 0.40670312500000005 0.8308500000000001 0.40562109375000005 0.7923851562500001 0.3863921875 0.7930734375 0.3863921875 0.79441640625 0.38471328125 0.79475234375 0.38572109375 0.830346875 0.3964640625 0.83051484375 0.40670312500000005 0.8308500000000001
1 0.46695859375 0.794940625 0.46612578125 0.777290625 0.4659578125 0.75898984375 0.40838203125000005 0.7610046875 0.40754296874999996 0.74471875 0.35147734375 0.7462296875 0.3521484375 0.76822421875 0.35298828125 0.78853984375 0.40888515625000005 0.78736484375 0.4093890625 0.77930546875 0.42013203125 0.77930546875 0.42097109374999997 0.7954234375 0.46695859375 0.794940625
1 0.53561171875 0.77502265625 0.54614296875 0.7744375 0.54497265625 0.75132109375 0.5454117187499999 0.7365445312500001 0.49728828125 0.73903125 0.497434375 0.75293046875 0.49816562500000006 0.7666828125 0.52537265625 0.7659515625 0.52551875 0.77502265625 0.53561171875 0.77502265625
1 0.5541453125 0.82675234375 0.5643343749999999 0.82655390625 0.562775 0.78300703125 0.54390625 0.7835921875 0.54493046875 0.8266054687500001 0.5541453125 0.82675234375
0 0.6268914062500001 0.85116640625 0.67460703125 0.83856171875 0.6690828125 0.8220750000000001 0.6651328125 0.80519453125 0.6166578125 0.81578984375 0.6222234375 0.8353640625000001 0.6268914062500001 0.85116640625
1 0.62096640625 0.77771953125 0.64164375 0.77070625 0.63586875 0.75017265625 0.6455632812500001 0.7473 0.64035703125 0.7289828125 0.63030234375 0.73023984375 0.6258140625 0.7112046875 0.5990632812500001 0.71677109375 0.615221875 0.77890546875 0.62096640625 0.77771953125
1 0.56041015625 0.5306195312499999 0.5221046874999999 0.53969765625 0.5328734374999999 0.57847421875 0.5725640624999999 0.56401015625 0.56041015625 0.5306195312499999
0 0.53774296875 0.49998046875 0.5672796875 0.49228671874999996 0.56374140625 0.4818234375 0.5612804687499999 0.46951328124999997 0.5305125 0.4773609375 0.53328125 0.49120937500000006 0.53774296875 0.49998046875
1 0.5265125 0.443046875 0.55158828125 0.43489140624999995 0.525128125 0.33487265625 0.47528359375000007 0.347490625 0.50282109375 0.4479703125 0.5265125 0.443046875
4 0.16336484375 0.6015640624999999 0.1835703125 0.6018687500000001 0.18295234375 0.559225 0.1922484375 0.5598890625 0.19208203125 0.546440625 0.18278671875000002 0.54660703125 0.183284375 0.5009476562499999 0.161040625 0.50044921875 0.160709375 0.5077546875000001 0.14278125 0.5064265625 0.144109375 0.5368109375000001 0.16336484375 0.5369765625 0.16336484375 0.6015640624999999
0 0.0894671875 0.6221523437500001 0.11206171875 0.62372265625 0.11054843750000001 0.5909375 0.0893015625 0.5911039062500001 0.0894671875 0.6221523437500001
1 0.1594078125 0.41555390625 0.21831328125 0.41440234374999996 0.21754609375 0.31940234375 0.159215625 0.3188265625 0.1594078125 0.41555390625
0 0.04718984375 0.4134578125 0.07707578125 0.4130828125 0.0762328125 0.40368281250000004 0.07650781250000001 0.39294453125 0.04608828125 0.39349531249999997 0.0454 0.40354531250000003 0.04718984375 0.4134578125
1 0.00078125 0.39443125 0.01978359375 0.3947890625 0.01942578125 0.31954531249999996 0.00078125 0.31936640625 0.00078125 0.39443125
1 0.11057421875 0.1525015625 0.14792578125 0.14464296875 0.129459375 0.0642375 0.09237578125 0.07179296874999999 0.11057421875 0.1525015625
1 0.0867109375 0.04620703125 0.1237859375 0.03808828125 0.1141796875 0.00078125 0.0757234375 0.00078125 0.0867109375 0.04620703125
1 0.67200859375 0.31316875 0.66773125 0.2965125 0.7118109375 0.28554453125 0.70579921875 0.2686453125 0.70222578125 0.24930859375 0.65771171875 0.26133281249999996 0.65365078125 0.24394609374999998 0.62798203125 0.25239531249999997 0.63431796875 0.2780703125 0.62895703125 0.2788828125 0.63318046875 0.29334453125 0.6383796875 0.29188203125 0.64617734375 0.31918125 0.67200859375 0.31316875
0 0.6990664062499999 0.37088046874999997 0.7445546875 0.35885625 0.7346453125 0.32440703125 0.6894812499999999 0.33610703124999997 0.6990664062499999 0.37088046874999997
1 0.8743132812500001 0.06833125 0.9250742187500001 0.05497109375 0.91813359375 0.03417265625 0.91278515625 0.01112578125 0.8629984374999999 0.02408984375 0.8677304687499999 0.0461078125 0.8743132812500001 0.06833125
4 0.6858429687500001 0.0875109375 0.7027296875 0.08333359375 0.68493515625 0.0037828124999999997 0.66605078125 0.0068703125000000006 0.6858429687500001 0.0875109375
3 0.8203156249999999 0.34059140625 0.8290101562500001 0.3380546875 0.8222125 0.314415625 0.81386796875 0.31801953125 0.8203156249999999 0.34059140625
3 0.78428203125 0.4267046875 0.79376484375 0.42461796874999996 0.7901609374999999 0.40849609375 0.780109375 0.4111515625 0.78428203125 0.4267046875
3 0.068628125 0.43300625000000004 0.06817734375 0.42548203124999995 0.0523578125 0.42619453125 0.052785937500000005 0.43289375 0.068628125 0.43300625000000004
3 0.12274921875 0.4750015625 0.12190625 0.46695937499999995 0.10580156249999999 0.4675296875 0.10808203125 0.47465624999999995 0.12274921875 0.4750015625
3 0.78652421875 0.8809484375000001 0.7951953125 0.87943828125 0.7913257812500001 0.8554953125000001 0.78108203125 0.8580570312500001 0.78652421875 0.8809484375000001
3 0.65495703125 0.94287890625 0.65260078125 0.936678125 0.6375984375 0.9385382812499999 0.63883828125 0.9439945312500001 0.65495703125 0.94287890625
3 0.520478125 0.83127890625 0.5305484375 0.8299539062499999 0.53068125 0.8296890625 0.5282960937500001 0.812990625 0.51955 0.8151109375000001 0.520478125 0.83127890625
3 0.49837031249999997 0.9291882812500001 0.49795234375 0.9213835937500001 0.4813015625 0.9213835937500001 0.48186796875000004 0.9298804687500001 0.49837031249999997 0.9291882812500001
3 0.40951171875 0.83846640625 0.41655781249999996 0.83776796875 0.415475 0.82206484375 0.40876640625 0.8231835937499999 0.40951171875 0.83846640625