2 0.9995625 0.0202578125 0.98432890625 0.016709375000000002 0.94050625 0.18264687500000001 0.9989367187499999 0.19746640625 0.9995625 0.0202578125
1 0.8105687500000001 0.2690203125 0.83519296875 0.2750734375 0.8331062499999999 0.2861359375 0.855434375 0.29156328125000003 0.8581476562500001 0.28154453125 0.8792242187499999 0.2861359375 0.8635734375 0.34729296875000004 0.88110234375 0.359190625 0.90697890625 0.360234375 0.92137734375 0.30721796874999996 0.93786328125 0.31118359375 0.94057578125 0.3022078125 0.95455703125 0.3063828125 0.9631132812500001 0.27277734374999996 0.97128359375 0.24240234374999997 0.9389062499999999 0.23478984375 0.91908203125 0.226440625 0.896753125 0.22351796875000002 0.82872421875 0.20494140624999999 0.81933359375 0.23520703125 0.8105687500000001 0.2690203125
1 0.88452734375 0.46356875000000003 0.83518671875 0.44998281249999994 0.82806015625 0.47136796875 0.81977734375 0.49736562500000003 0.8719007812499999 0.50938671875 0.87804921875 0.48492578125 0.88452734375 0.46356875000000003
1 0.74764375 0.480596875 0.7492664062500001 0.47613359375000003 0.8047109375 0.49236484375 0.81079609375 0.4774859375 0.8161921875000001 0.45901953124999995 0.75819140625 0.44326484375 0.75521640625 0.45232734375000005 0.72154375 0.442859375 0.7174875000000001 0.45692656249999997 0.7143765625 0.47126406249999997 0.74764375 0.480596875
1 0.9892289062499999 0.51583984375 0.98093671875 0.51389375 0.98276015625 0.50634140625 0.97174921875 0.50276171875 0.9549578125 0.49945781250000004 0.93678984375 0.55727734375 0.9746390625 0.5671890625 0.9892289062499999 0.51583984375
0 0.8871179687499999 0.5645734375 0.9138187500000001 0.5698046875 0.92743984375 0.5225226562499999 0.9001929687500001 0.516253125 0.8871179687499999 0.5645734375
0 0.9045890625 0.5691625 0.896184375 0.56836953125 0.8854007812500001 0.6127828125 0.9012593750000001 0.61722421875 0.91299375 0.5721765624999999 0.9045890625 0.5691625
2 0.45953515625 0.0005320312500000001 0.45967421875000003 0.0194015625 0.49614765624999996 0.0201 0.49516953125 0.0008109375 0.45953515625 0.0005320312500000001
1 0.4534859375 0.0312890625 0.43815390625 0.0307234375 0.42431953125 0.0312828125 0.42362031250000004 0.08956953125 0.43871328125 0.08873046875 0.4529671875 0.088590625 0.4534859375 0.0312890625
1 0.2097921875 0.16444453125 0.16373046875 0.1658 0.16322265625000001 0.23693984375000002 0.22638750000000002 0.23643203124999998 0.22640937499999997 0.16561796875 0.2097921875 0.16444453125
1 0.12615937500000002 0.0001515625 0.088309375 0.000803125 0.08881796875 0.0111359375 0.088309375 0.029767968750000002 0.12658125 0.0295984375 0.12615937500000002 0.0001515625
4 0.249590625 0.056584375 0.23476328125 0.0567546875 0.23459218750000002 0.0598234375 0.22879765624999998 0.05999375 0.2298203125 0.0719265625 0.23305859375 0.07175625 0.23322890625 0.07431328125 0.24192109374999998 0.07465468750000001 0.24192109374999998 0.072096875 0.26901953125 0.0715859375 0.26765625000000004 0.05999375 0.26424765625 0.05999375 0.26441796875 0.05726640625 0.2567484375 0.05726640625 0.2567484375 0.0598234375 0.24907890625 0.060164062500000004 0.249590625 0.056584375
1 0.22601796875 0.04258671875 0.18806484375000002 0.042264843749999996 0.189428125 0.057436718750000004 0.18806484375000002 0.076359375 0.22607109374999998 0.07601796875 0.225559375 0.0582890625 0.22601796875 0.04258671875
0 0.3863921875 0.2069265625 0.40562109375000005 0.20761484375 0.40670312500000005 0.16915 0.3964640625 0.16948515625 0.38572109375 0.16965312500000002 0.38471328125 0.20524765625 0.3863921875 0.20558359375 0.3863921875 0.2069265625
1 0.35298828125 0.21146015624999998 0.3521484375 0.23177578125 0.35147734375 0.25377031250000004 0.40754296874999996 0.25528125 0.40838203125000005 0.2389953125 0.4659578125 0.24101015625 0.46612578125 0.222709375 0.46695859375 0.205059375 0.42097109374999997 0.2045765625 0.42013203125 0.22069453125 0.4093890625 0.22069453125 0.40888515625000005 0.21263515625 0.35298828125 0.21146015624999998
1 0.49728828125 0.26096875 0.5454117187499999 0.26345546875000003 0.54497265625 0.24867890625000003 0.54614296875 0.22556250000000003 0.53561171875 0.22497734375 0.52551875 0.22497734375 0.52537265625 0.23404843749999998 0.49816562500000006 0.23331718750000002 0.497434375 0.24706953125000003 0.49728828125 0.26096875
1 0.5541453125 0.17324765625 0.54493046875 0.17339453124999998 0.54390625 0.21640781250000002 0.562775 0.21699296875 0.5643343749999999 0.17344609375 0.5541453125 0.17324765625
0 0.67460703125 0.16143828124999998 0.6268914062500001 0.14883359375 0.6222234375 0.1646359375 0.6166578125 0.18421015624999998 0.6651328125 0.19480546875 0.6690828125 0.177925 0.67460703125 0.16143828124999998
1 0.64035703125 0.2710171875 0.6455632812500001 0.25270000000000004 0.63586875 0.24982734374999999 0.64164375 0.22929375 0.62096640625 0.22228046875000002 0.615221875 0.22109453124999998 0.5990632812500001 0.28322890625 0.6258140625 0.2887953125 0.63030234375 0.26976015625 0.64035703125 0.2710171875
1 0.5725640624999999 0.43598984375 0.5328734374999999 0.42152578125 0.5221046874999999 0.46030234375 0.56041015625 0.46938046875 0.5725640624999999 0.43598984375
0 0.5672796875 0.50771328125 0.53774296875 0.50001953125 0.53328125 0.5087906249999999 0.5305125 0.5226390624999999 0.5612804687499999 0.53048671875 0.56374140625 0.5181765625 0.5672796875 0.50771328125
1 0.5265125 0.5569531249999999 0.50282109375 0.5520296874999999 0.47528359375000007 0.652509375 0.525128125 0.66512734375 0.55158828125 0.56510859375 0.5265125 0.5569531249999999
4 0.161040625 0.49955078124999996 0.183284375 0.49905234375 0.18278671875000002 0.45339296874999996 0.19208203125 0.45355937500000004 0.1922484375 0.44011093749999997 0.18295234375 0.44077500000000003 0.1835703125 0.39813125 0.16336484375 0.3984359375 0.16336484375 0.46302343749999997 0.144109375 0.46318906249999997 0.14278125 0.4935734375 0.160709375 0.4922453125 0.161040625 0.49955078124999996
0 0.0893015625 0.40889609374999997 0.11054843750000001 0.4090625 0.11206171875 0.37627734375 0.0894671875 0.37784765625 0.0893015625 0.40889609374999997
1 0.159215625 0.6811734375 0.21754609375 0.68059765625 0.21831328125 0.58559765625 0.1594078125 0.58444609375 0.159215625 0.6811734375
0 0.07707578125 0.5869171875 0.04718984375 0.5865421875 0.0454 0.5964546875 0.04608828125 0.6065046875 0.07650781250000001 0.6070554687499999 0.0762328125 0.5963171875 0.07707578125 0.5869171875
1 0.00078125 0.68063359375 0.01942578125 0.6804546874999999 0.01978359375 0.6052109375 0.00078125 0.60556875 0.00078125 0.68063359375
1 0.09237578125 0.92820703125 0.129459375 0.9357625 0.14792578125 0.85535703125 0.11057421875 0.8474984375 0.09237578125 0.92820703125
1 0.0757234375 0.99921875 0.1141796875 0.99921875 0.1237859375 0.96191171875 0.0867109375 0.95379296875 0.0757234375 0.99921875
1 0.63431796875 0.7219296875000001 0.62798203125 0.7476046875 0.65365078125 0.75605390625 0.65771171875 0.7386671875 0.70222578125 0.75069140625 0.70579921875 0.7313546875 0.7118109375 0.71445546875 0.66773125 0.7034875 0.67200859375 0.68683125 0.64617734375 0.68081875 0.6383796875 0.70811796875 0.63318046875 0.70665546875 0.62895703125 0.7211171875 0.63431796875 0.7219296875000001
0 0.6894812499999999 0.66389296875 0.7346453125 0.67559296875 0.7445546875 0.64114375 0.6990664062499999 0.62911953125 0.6894812499999999 0.66389296875
1 0.9250742187500001 0.9450289062499999 0.8743132812500001 0.93166875 0.8677304687499999 0.9538921874999999 0.8629984374999999 0.97591015625 0.91278515625 0.98887421875 0.91813359375 0.96582734375 0.9250742187500001 0.9450289062499999
4 0.66605078125 0.9931296875 0.68493515625 0.9962171874999999 0.7027296875 0.9166664062500001 0.6858429687500001 0.9124890625000001 0.66605078125 0.9931296875
3 0.81386796875 0.68198046875 0.8222125 0.685584375 0.8290101562500001 0.6619453125 0.8203156249999999 0.65940859375 0.81386796875 0.68198046875
3 0.780109375 0.5888484375 0.7901609374999999 0.59150390625 0.79376484375 0.57538203125 0.78428203125 0.5732953125 0.780109375 0.5888484375
3 0.052785937500000005 0.5671062499999999 0.0523578125 0.57380546875 0.06817734375 0.57451796875 0.068628125 0.56699375 0.052785937500000005 0.5671062499999999
3 0.10808203125 0.52534375 0.10580156249999999 0.5324703125 0.12190625 0.533040625 0.12274921875 0.5249984375000001 0.10808203125 0.52534375
3 0.78108203125 0.14194296875 0.7913257812500001 0.1445046875 0.7951953125 0.12056171874999999 0.78652421875 0.1190515625 0.78108203125 0.14194296875
3 0.63883828125 0.056005468749999995 0.6375984375 0.061461718750000005 0.65260078125 0.063321875 0.65495703125 0.05712109375 0.63883828125 0.056005468749999995
3 0.520478125 0.16872109375 0.51955 0.18488906249999998 0.5282960937500001 0.187009375 0.53068125 0.17031093749999998 0.5305484375 0.17004609375 0.520478125 0.16872109375
3 0.48186796875000004 0.07011953125 0.4813015625 0.07861640625 0.49795234375 0.07861640625 0.49837031249999997 0.07081171875 0.48186796875000004 0.07011953125
3 0.40876640625 0.17681640625 0.415475 0.17793515625 0.41655781249999996 0.16223203125000002 0.40951171875 0.16153359375 0.40876640625 0.17681640625