1 0.87116796875 0.24544609374999998 0.9052929687500001 0.246590625 0.90681015625 0.17489921875 0.88353515625 0.17657890625 0.8839937499999999 0.18687421875000002 0.871396875 0.1896203125 0.87116796875 0.24544609374999998
3 0.92500546875 0.22090312499999998 0.9185765625 0.22096484374999997 0.9169734375 0.23423515625000002 0.9240734375 0.23400625000000003 0.92500546875 0.22090312499999998
3 0.7252484375 0.543821875 0.7281515625 0.5492625 0.73701171875 0.54231875 0.73482265625 0.53739921875 0.7252484375 0.543821875
1 0.7340023437500001 0.47645703125 0.6911898437499999 0.51198359375 0.6972078125000001 0.519909375 0.6898093750000001 0.5269132812499999 0.7041835937500001 0.545734375 0.75684453125 0.5036484375 0.7340023437500001 0.47645703125
1 0.51815390625 0.8009585937500001 0.51815390625 0.811890625 0.5061171875 0.8146234375000001 0.5048671875 0.8701437500000001 0.5411328125 0.87310625 0.54140625 0.80177890625 0.51815390625 0.8009585937500001
3 0.55289609375 0.845778125 0.55243515625 0.859071875 0.55973515625 0.8594421875 0.559871875 0.8463242187500001 0.55289609375 0.845778125
1 0.0383890625 0.663634375 0.030107812499999997 0.65035078125 0.0005828125 0.66091328125 0 0.6956789062500001 0.0451546875 0.68134609375 0.0383890625 0.663634375
1 0.30458359375 0.5173125 0.31279453125 0.5116875000000001 0.29953984375 0.49446171874999995 0.24639843749999998 0.5376796875000001 0.26939453125 0.56395 0.3104484375 0.52903046875 0.30458359375 0.5173125
3 0.2751421875 0.49692265625000004 0.2660921875 0.5039203125 0.2692765625 0.50934375 0.27842656250000003 0.50231328125 0.2751421875 0.49692265625000004
3 0.4202515625 0.18696015625 0.42119921875 0.19899687500000002 0.42927734375000004 0.19790859375 0.42798749999999997 0.186315625 0.4202515625 0.18696015625
1 0.4655421875 0.21497656250000002 0.47585703125 0.21433203125000003 0.47102187500000003 0.1566890625 0.4507140625 0.15717265625000001 0.4337625 0.16299765625 0.4426546875 0.22946796875 0.4655421875 0.22753515625 0.4655421875 0.21497656250000002