1 0.753409375 0.09470703124999999 0.75455390625 0.12883203125 0.8103796875 0.12860312499999998 0.8131257812499999 0.11600625 0.82342109375 0.11646484374999999 0.82510078125 0.09318984375 0.753409375 0.09470703124999999
3 0.76599375 0.0759265625 0.76576484375 0.0830265625 0.77903515625 0.0814234375 0.779096875 0.07499453125 0.76599375 0.0759265625
3 0.46260078125000004 0.26517734375 0.45768125 0.26298828125 0.45073749999999996 0.2718484375 0.456178125 0.2747515625 0.46260078125000004 0.26517734375
1 0.48801640625 0.30881015624999997 0.52354296875 0.26599765625 0.4963515625 0.24315546875 0.454265625 0.29581640625 0.47308671875 0.310190625 0.480090625 0.30279218750000003 0.48801640625 0.30881015624999997
1 0.188109375 0.48184609375000004 0.19904140625 0.48184609375000004 0.19822109375000002 0.45859375 0.12689375 0.4588671875 0.12985625 0.49513281249999996 0.1853765625 0.4938828125 0.188109375 0.48184609375000004
3 0.15367578125 0.44012812500000004 0.1405578125 0.44026484374999997 0.14092812500000002 0.44756484375000005 0.154221875 0.44710390625 0.15367578125 0.44012812500000004
1 0.336365625 0.9616109375 0.31865390625 0.9548453125 0.30432109375 1 0.33908671875 0.9994171875 0.34964921875 0.9698921875 0.336365625 0.9616109375
1 0.4883125 0.68720546875 0.48268750000000005 0.69541640625 0.47096953125 0.6895515624999999 0.43605 0.73060546875 0.4623203125 0.7536015625 0.50553828125 0.70046015625 0.4883125 0.68720546875
3 0.49768671875 0.7215734375 0.49065624999999996 0.7307234375 0.4960796875 0.7339078125 0.50307734375 0.7248578125 0.49768671875 0.7215734375
3 0.813684375 0.5720125 0.80209140625 0.57072265625 0.801003125 0.57880078125 0.81303984375 0.5797484374999999 0.813684375 0.5720125
1 0.8433109375000001 0.528978125 0.78566796875 0.52414296875 0.7850234375 0.5344578125 0.77246484375 0.5344578125 0.7705320312499999 0.5573453125000001 0.83700234375 0.5662375 0.84282734375 0.5492859375 0.8433109375000001 0.528978125