2 0 1 0.09796015625 0.9999664062500001 0.10772890625 0.965359375 0.09349531250000001 0.9614523437500001 0.11358984375 0.8827484374999999 0.13787031249999998 0.8897257812499999 0.1387078125 0.8863773437500001 0.17415234375 0.8955867187500001 0.178059375 0.8807953124999999 0.1875484375 0.88330703125 0.19508359375 0.8528859375 0.18587343750000002 0.8500953125 0.1883859375 0.84032734375 0.14121953125 0.8260937500000001 0.153784375 0.775578125 0.0036281250000000003 0.7362265625 0.00976796875 0.7208765625 0 0.71864375 0 1
1 0.5768789062499999 0.95035546875 0.564040625 0.9997546875 0.6006015625 0.99919609375 0.61260234375 0.960403125 0.5768789062499999 0.95035546875
1 0.85261953125 1 0.8629453125 0.9654265625 0.8034992187500001 0.9472851562500001 0.79121953125 0.98607890625 0.8395023437500001 1 0.85261953125 1
1 0.9310437500000001 0.40330625 0.97737265625 0.41558593750000006 0.9762562499999999 0.38097890625 0.941090625 0.37065234375 0.9310437500000001 0.40330625
1 0.45547421874999994 0.00078125 0.4370546875 0.06588671874999999 0.486453125 0.07900390625 0.5076640625 0.00078125 0.45547421874999994 0.00078125
1 0.42617031250000004 0.00078125 0.39239999999999997 0.00078125 0.42365859375000003 0.00755703125 0.42617031250000004 0.00078125
2 0.061399999999999996 0.2040359375 0 0.18701171875 0.00027890624999999997 0.24534140624999998 0.045771093750000005 0.25845859375 0.061399999999999996 0.2040359375
2 0.0800984375 0.33018437500000003 0 0.30813671875000004 0.00027890624999999997 0.35613984374999996 0.06614453125 0.37511796875000003 0.0800984375 0.33018437500000003
2 0.0605625 0.3901890625 0.00027890624999999997 0.37344374999999996 0 0.437634375 0.043258593750000005 0.450471875 0.0605625 0.3901890625
3 0.38197187499999996 0.006632031250000001 0.38065546875 0.01014140625 0.39107421875 0.01321171875 0.39217109375 0.00959296875 0.38197187499999996 0.006632031250000001
3 0.14235859374999998 0.08136796874999999 0.137309375 0.101371875 0.14177656249999998 0.10273125000000001 0.1472140625 0.0825328125 0.14235859374999998 0.08136796874999999
3 0.1559125 0.43119296875 0.15460703125 0.4351109375 0.1647921875 0.4387671875 0.16688125 0.43484921875 0.1559125 0.43119296875
3 0.25599453125 0.61257265625 0.25466484375 0.6165625 0.265525 0.6194437500000001 0.26663359375 0.6152320312499999 0.25599453125 0.61257265625
3 0.35661953125 0.67573984375 0.3557328125 0.6786218749999999 0.3641546875 0.68061640625 0.365928125 0.67751328125 0.35661953125 0.67573984375
3 0.29899296875000003 0.8530523437499999 0.2879109375 0.8503929687499999 0.28702421875 0.85482578125 0.29810625 0.8565984375 0.29899296875000003 0.8530523437499999
3 0.31495078125 0.88009296875 0.3051984375 0.8783195312500001 0.30497734374999996 0.88164375 0.3125125 0.8838601562499999 0.31495078125 0.88009296875
3 0.46236328125000004 0.46120234375 0.45973359374999995 0.47397265624999996 0.46348984375 0.47509921874999994 0.46649453125000007 0.46157812500000006 0.46236328125000004 0.46120234375
3 0.6472781249999999 0.96153203125 0.64594453125 0.9659796875 0.65706171875 0.9702039062500001 0.6588406250000001 0.9653124999999999 0.6472781249999999 0.96153203125
3 0.6417195312499999 0.5523976562499999 0.63860625 0.5648492187499999 0.64260859375 0.5670726562499999 0.64705625 0.553509375 0.6417195312499999 0.5523976562499999
3 0.9870398437500001 0.63495 0.9828398437500001 0.6334890625 0.97882265625 0.64608984375 0.98302265625 0.6468203124999999 0.9870398437500001 0.63495
3 0.9638476562499999 0.72151015625 0.9585523437499999 0.72023203125 0.9543515625 0.74031953125 0.9592828125 0.74068515625 0.9638476562499999 0.72151015625
3 0.9636374999999999 0.2754171875 0.9593101562499999 0.27438671875 0.95621875 0.28551484375 0.9603406250000001 0.28592734375 0.9636374999999999 0.2754171875
3 0.92530625 0.200196875 0.9308703125 0.1797953125 0.9255125 0.17855859375 0.9193304687499999 0.200196875 0.92530625 0.200196875
3 0.47160078125 0.25964062499999996 0.4774953125 0.23740078125 0.47160078125 0.23659687499999998 0.4670453125 0.25856875 0.47160078125 0.25964062499999996
0 0.780259375 0.98430546875 0.79243984375 0.9421421875 0.7551953124999999 0.93206953125 0.74231171875 0.97423359375 0.780259375 0.98430546875
1 0.56194609375 0.91637578125 0.5959109375 0.9257453124999999 0.60574921875 0.8889695312500001 0.570846875 0.8824109375000001 0.56194609375 0.91637578125
1 0.37174140625 0.9032578125 0.36565156249999997 0.9222320312500001 0.35721875000000003 0.9208265625 0.3537046875 0.93792578125 0.40031875 0.9508093750000001 0.406175 0.9341781250000001 0.3979765625 0.9313671875 0.401490625 0.911690625 0.37174140625 0.9032578125
1 0.36799375 0.8449320312499999 0.36401171875 0.85758125 0.34667734375000003 0.85219375 0.34152421875 0.8716359375 0.37736328124999996 0.8817078125 0.379471875 0.8770234374999999 0.40898593749999995 0.88568984375 0.411328125 0.87796015625 0.41788749999999997 0.8795999999999999 0.42116640624999996 0.8690585937499999 0.41531015625 0.86648203125 0.41624765625000004 0.85758125 0.36799375 0.8449320312499999
0 0.30100078125 0.79246171875 0.2932703125 0.81986796875 0.31880312499999997 0.8257242187499999 0.32536171875000003 0.79878671875 0.30100078125 0.79246171875
3 0.25649453125 0.6130328125 0.25532343750000003 0.61631171875 0.26563046875 0.61959140625 0.26726953125 0.615609375 0.25649453125 0.6130328125
2 0.25907109375 0.56243671875 0.13586015625 0.52776875 0.10189531249999999 0.64278125 0.158815625 0.65871015625 0.17732109375 0.5954648437500001 0.24290859375 0.6132671875 0.25907109375 0.56243671875
1 0.006324218750000001 0.49520937500000006 0 0.49403828125000004 0.00046875 0.5256609375 0.006324218750000001 0.49520937500000006
1 0.40758046875 0.72687421875 0.41109453125 0.7160992187499999 0.41812109375000006 0.71891015625 0.4146078125 0.72968515625 0.44927578125 0.73788359375 0.4581765625 0.7039187499999999 0.38415625000000003 0.686584375 0.37408437499999997 0.7168015624999999 0.40758046875 0.72687421875
1 0.43287890625000003 0.631771875 0.42186953125000004 0.6671421875 0.4609875 0.67979140625 0.47293359375 0.643484375 0.43287890625000003 0.631771875
0 0.5167375 0.6238078125000001 0.52610703125 0.593590625 0.49893515624999996 0.58726640625 0.4916734375 0.61701484375 0.5167375 0.6238078125000001
2 0.59367890625 0.80058046875 0.7606843750000001 0.8453265625 0.8057828125000001 0.68113984375 0.6183421874999999 0.63040390625 0.6063632812499999 0.679378125 0.62503671875 0.6843109375 0.59367890625 0.80058046875
1 0.9121867187499999 0.57896328125 0.8917515625 0.57332578125 0.8896375000000001 0.5807249999999999 0.8677929687500001 0.57543984375 0.8836484375 0.51237265625 0.839959375 0.50145078125 0.823046875 0.55606171875 0.8086015625 0.5514812499999999 0.805078125 0.5599375 0.79098515625 0.55606171875 0.775834375 0.61948125 0.92134765625 0.658590625 0.93685 0.5930570312500001 0.91113046875 0.5877718749999999 0.9121867187499999 0.57896328125
2 0.72439453125 0.5447875 0.744125 0.46868359374999996 0.68598984375 0.45459062499999997 0.6655546875 0.53069375 0.72439453125 0.5447875
2 0.5521039062499999 0.525409375 0.5817 0.41653828125 0.49326484375 0.39222734375 0.46155468749999995 0.50426875 0.5521039062499999 0.525409375
2 0.23324375000000003 0.35840390625 0.23641484375 0.343253125 0.23042500000000002 0.3414921875 0.23289140625 0.32598906250000004 0.17933671874999998 0.31260078125 0.15220703124999999 0.40913984374999995 0.20576171875 0.42358515625 0.2247875 0.35699453124999997 0.23324375000000003 0.35840390625
2 0.21562734374999998 0.08006171875 0.17792734375000002 0.22275625 0.22760625 0.23543984375 0.26424921874999996 0.0927453125 0.21562734374999998 0.08006171875
2 0.36818671875 0.1406625 0.36466328125 0.15510859375 0.35092265624999996 0.1512328125 0.32238359375000003 0.25129453125 0.3872125 0.26891171875 0.415046875 0.1677921875 0.3991921875 0.16321171875 0.40306796875 0.1498234375 0.36818671875 0.1406625
2 0.5098242187500001 0.18258984375 0.4795234375 0.30203046875 0.5499898437499999 0.32140859375 0.5644359375 0.27243515625 0.56725390625 0.2727875 0.585928125 0.20091171874999997 0.5098242187500001 0.18258984375
1 0.7670265625 0.34853828125 0.7642078125 0.3552328125 0.79239453125 0.36192734375 0.80824921875 0.3052015625 0.77090234375 0.29533671875 0.75751328125 0.34642421875 0.7670265625 0.34853828125
1 0.8515859375 0.29533671875 0.8610992187500001 0.24953359375 0.84418671875 0.24530546874999998 0.82058046875 0.339378125 0.84771015625 0.3467765625 0.8600421875 0.29709765625 0.8515859375 0.29533671875
1 0.863565625 0.3982171875 0.911834375 0.41125390624999997 0.92416640625 0.366859375 0.8755445312499999 0.35311875000000004 0.863565625 0.3982171875