1 0 0.42547968750000004 0.058020312500000004 0.44102734374999997 0.0663625 0.40083046875 0.005309375 0.383765625 0 0.39855546875000003 0 0.42547968750000004
1 0.0015171874999999999 0.45467890625 0 0.50663203125 0.03830078125 0.519525 0.0527109375 0.47060625 0 0.45392109375 0.0015171874999999999 0.45467890625
1 0.351153125 0.999990625 0.37466484375000003 1 0.38528281249999996 0.9730664062500001 0.365184375 0.9677578125 0.35570390625 0.9924062499999999 0.351153125 0.999990625
1 0.51649140625 0.97572109375 0.52635078125 0.9396953124999999 0.49146328125 0.9279398437499999 0.47743203125000006 0.9764796875 0.51649140625 0.97572109375
1 0.9840640625000001 0.9787546875 0.9840640625000001 0.9635859375000001 0.968515625 0.9624484375 0.9688953124999999 0.9541054687500001 0.9495554687500001 0.9537265625 0.949934375 0.9776171874999999 0.9840640625000001 0.9787546875
1 0.9211140625 0.97685859375 0.9275609375 0.9108750000000001 0.8505796875 0.90177421875 0.8418578125 0.97685859375 0.9211140625 0.97685859375
3 0.37808203125 0.30431015625 0.37548906249999997 0.316125 0.3795234375 0.31698984375 0.38182890625 0.30575078125 0.37808203125 0.30431015625
3 0.45732968749999997 0.20978984375 0.45444765625 0.22333359375 0.45905859375 0.22679140625 0.4628046875 0.21267109374999998 0.45732968749999997 0.20978984375
3 0.7432257812499999 0.69202265625 0.7441203125 0.69671796875 0.7535109375 0.6976125 0.7535109375 0.69224609375 0.7432257812499999 0.69202265625
3 0.8040429687499999 0.5719531250000001 0.8188000000000001 0.5721765624999999 0.8185765625 0.5674812499999999 0.804490625 0.5674812499999999 0.8040429687499999 0.5719531250000001
1 0.30247734375 0.34157578125 0.32524921875 0.25392578125 0.28615 0.2436140625 0.2642375 0.32825625 0.30247734375 0.34157578125
1 0.5224609375 0.3716515625 0.5495289062500001 0.26939375 0.52976484375 0.26251953125 0.53062421875 0.25435546875 0.49066640625 0.24404374999999998 0.48937734375 0.25091874999999997 0.46832421875 0.24748125 0.44125546875 0.349309375 0.5224609375 0.3716515625
1 0.24189609375 0.40516484375 0.21525703125 0.50441484375 0.25564453125000003 0.51257890625 0.28013515624999996 0.4137578125 0.24189609375 0.40516484375
0 0.13104453124999998 0.62944453125 0.11772578125 0.67369921875 0.15209765625 0.6844406249999999 0.164128125 0.63674921875 0.13104453124999998 0.62944453125
0 0.0837828125 0.8215007812499999 0.07003359375 0.8717703125 0.11514765625000001 0.88251171875 0.1280375 0.83438984375 0.0837828125 0.8215007812499999
1 0.32310078125 0.9186023437499999 0.314078125 0.9542640625000001 0.32224140625 0.9577015624999999 0.31708515625 0.96758359375 0.3321234375 0.9727390625 0.33513125 0.9624273437499999 0.34415390625 0.96328671875 0.3540359375 0.9271953125 0.32310078125 0.9186023437499999
1 0.28615 0.9095796875 0.25994140625 0.90227578125 0.25005937500000003 0.9340703124999999 0.27841640624999997 0.9405148437499999 0.28615 0.9095796875
1 0.8137664062500001 0.620421875 0.8292343750000001 0.6199921875000001 0.8288046874999999 0.58948671875 0.77724609375 0.59163515625 0.7789648437500001 0.63073359375 0.81505546875 0.62944453125 0.8137664062500001 0.620421875
1 0.79829921875 0.803884375 0.8502875 0.80173671875 0.8502875 0.7428734375 0.81419609375 0.743303125 0.8137664062500001 0.7690828125 0.79915859375 0.7686531249999999 0.79829921875 0.803884375
1 0.88294140625 0.75791171875 0.8795039062500001 0.75748203125 0.8795039062500001 0.7480296875 0.8601695312500001 0.7501781249999999 0.86231796875 0.8030250000000001 0.88466015625 0.80173671875 0.88294140625 0.75791171875