1 0 0.6014445312500001 0.005309375 0.616234375 0.0663625 0.59916953125 0.058020312500000004 0.55897265625 0 0.5745203125 0 0.6014445312500001
1 0.03830078125 0.48047500000000004 0 0.49336796875 0.0015171874999999999 0.5453210937499999 0 0.54607890625 0.0527109375 0.52939375 0.03830078125 0.48047500000000004
1 0.38528281249999996 0.026933593750000002 0.37466484375000003 0 0.351153125 0.000009375000000000001 0.35570390625 0.007593750000000001 0.365184375 0.032242187500000005 0.38528281249999996 0.026933593750000002
1 0.52635078125 0.060304687499999995 0.51649140625 0.024278906250000003 0.47743203125000006 0.0235203125 0.49146328125 0.07206015625 0.52635078125 0.060304687499999995
1 0.9688953124999999 0.045894531249999995 0.968515625 0.0375515625 0.9840640625000001 0.0364140625 0.9840640625000001 0.0212453125 0.949934375 0.022382812499999998 0.9495554687500001 0.0462734375 0.9688953124999999 0.045894531249999995
1 0.9275609375 0.089125 0.9211140625 0.02314140625 0.8418578125 0.02314140625 0.8505796875 0.09822578125 0.9275609375 0.089125
3 0.37548906249999997 0.683875 0.37808203125 0.69568984375 0.38182890625 0.69424921875 0.3795234375 0.6830101562500001 0.37548906249999997 0.683875
3 0.45444765625 0.77666640625 0.45732968749999997 0.79021015625 0.4628046875 0.78732890625 0.45905859375 0.77320859375 0.45444765625 0.77666640625
3 0.7441203125 0.30328203125000003 0.7432257812499999 0.30797734375 0.7535109375 0.30775390625 0.7535109375 0.3023875 0.7441203125 0.30328203125000003
3 0.8188000000000001 0.4278234375 0.8040429687499999 0.428046875 0.804490625 0.43251875 0.8185765625 0.43251875 0.8188000000000001 0.4278234375
1 0.32524921875 0.74607421875 0.30247734375 0.65842421875 0.2642375 0.67174375 0.28615 0.7563859374999999 0.32524921875 0.74607421875
1 0.48937734375 0.7490812499999999 0.49066640625 0.75595625 0.53062421875 0.74564453125 0.52976484375 0.7374804687500001 0.5495289062500001 0.73060625 0.5224609375 0.6283484374999999 0.44125546875 0.650690625 0.46832421875 0.75251875 0.48937734375 0.7490812499999999
1 0.21525703125 0.49558515625000005 0.24189609375 0.59483515625 0.28013515624999996 0.5862421875 0.25564453125000003 0.48742109375 0.21525703125 0.49558515625000005
0 0.11772578125 0.32630078125 0.13104453124999998 0.37055546875 0.164128125 0.36325078125 0.15209765625 0.315559375 0.11772578125 0.32630078125
0 0.07003359375 0.1282296875 0.0837828125 0.17849921875000002 0.1280375 0.16561015625 0.11514765625000001 0.11748828124999999 0.07003359375 0.1282296875
1 0.33513125 0.03757265625 0.3321234375 0.0272609375 0.31708515625 0.03241640625 0.32224140625 0.0422984375 0.314078125 0.045735937500000004 0.32310078125 0.08139765624999999 0.3540359375 0.07280468749999999 0.34415390625 0.03671328125 0.33513125 0.03757265625
1 0.25994140625 0.09772421875000001 0.28615 0.0904203125 0.27841640624999997 0.059485156250000004 0.25005937500000003 0.0659296875 0.25994140625 0.09772421875000001
1 0.77724609375 0.40836484375 0.8288046874999999 0.41051328125 0.8292343750000001 0.38000781250000004 0.8137664062500001 0.379578125 0.81505546875 0.37055546875 0.7789648437500001 0.36926640625 0.77724609375 0.40836484375
1 0.81419609375 0.256696875 0.8502875 0.2571265625 0.8502875 0.19826328124999998 0.79829921875 0.196115625 0.79915859375 0.231346875 0.8137664062500001 0.2309171875 0.81419609375 0.256696875
1 0.8601695312500001 0.249821875 0.8795039062500001 0.2519703125 0.8795039062500001 0.24251796875 0.88294140625 0.24208828124999998 0.88466015625 0.19826328124999998 0.86231796875 0.19697499999999998 0.8601695312500001 0.249821875