1 0.42547968750000004 1 0.44102734374999997 0.9419796874999999 0.40083046875 0.9336375 0.383765625 0.9946906249999999 0.39855546875000003 1 0.42547968750000004 1
1 0.519525 0.96169921875 0.47060625 0.9472890625 0.45392109375 1 0.45467890625 0.9984828125 0.50663203125 1 0.519525 0.96169921875
1 0.9730664062500001 0.6147171874999999 0.9677578125 0.634815625 0.9924062499999999 0.64429609375 0.999990625 0.648846875 1 0.62533515625 0.9730664062500001 0.6147171874999999
1 0.9279398437499999 0.5085367187500001 0.9764796875 0.52256796875 0.97572109375 0.48350859375 0.9396953124999999 0.47364921875 0.9279398437499999 0.5085367187500001
1 0.9624484375 0.031484374999999995 0.9541054687500001 0.0311046875 0.9537265625 0.05044453125 0.9776171874999999 0.050065625 0.9787546875 0.0159359375 0.9635859375000001 0.0159359375 0.9624484375 0.031484374999999995
1 0.90177421875 0.1494203125 0.97685859375 0.1581421875 0.97685859375 0.0788859375 0.9108750000000001 0.0724390625 0.90177421875 0.1494203125
3 0.31698984375 0.6204765625 0.30575078125 0.61817109375 0.30431015625 0.6219179687499999 0.316125 0.6245109375 0.31698984375 0.6204765625
3 0.22679140625 0.54094140625 0.21267109374999998 0.5371953125 0.20978984375 0.5426703125000001 0.22333359375 0.5455523437500001 0.22679140625 0.54094140625
3 0.6976125 0.24648906249999997 0.69224609375 0.24648906249999997 0.69202265625 0.25677421875 0.69671796875 0.2558796875 0.6976125 0.24648906249999997
3 0.5674812499999999 0.1814234375 0.5674812499999999 0.195509375 0.5719531250000001 0.19595703125 0.5721765624999999 0.1812 0.5674812499999999 0.1814234375
1 0.2436140625 0.71385 0.32825625 0.7357625 0.34157578125 0.69752265625 0.25392578125 0.67475078125 0.2436140625 0.71385
1 0.26251953125 0.47023515624999995 0.25435546875 0.46937578125 0.24404374999999998 0.50933359375 0.25091874999999997 0.51062265625 0.24748125 0.5316757812499999 0.349309375 0.55874453125 0.3716515625 0.4775390625 0.26939375 0.45047109374999994 0.26251953125 0.47023515624999995
1 0.51257890625 0.74435546875 0.4137578125 0.71986484375 0.40516484375 0.75810390625 0.50441484375 0.78474296875 0.51257890625 0.74435546875
0 0.6844406249999999 0.8479023437500001 0.63674921875 0.8358718749999999 0.62944453125 0.86895546875 0.67369921875 0.8822742187499999 0.6844406249999999 0.8479023437500001
0 0.88251171875 0.8848523437500001 0.83438984375 0.8719625000000001 0.8215007812499999 0.9162171875 0.8717703125 0.9299664062499999 0.88251171875 0.8848523437500001
1 0.9577015624999999 0.6777585937499999 0.96758359375 0.68291484375 0.9727390625 0.6678765624999999 0.9624273437499999 0.66486875 0.96328671875 0.6558460937499999 0.9271953125 0.6459640624999999 0.9186023437499999 0.67689921875 0.9542640625000001 0.685921875 0.9577015624999999 0.6777585937499999
1 0.9340703124999999 0.749940625 0.9405148437499999 0.7215835937499999 0.9095796875 0.71385 0.90227578125 0.7400585937499999 0.9340703124999999 0.749940625
1 0.58948671875 0.1711953125 0.59163515625 0.22275390625 0.63073359375 0.22103515625 0.62944453125 0.18494453125000002 0.620421875 0.18623359374999998 0.6199921875000001 0.170765625 0.58948671875 0.1711953125
1 0.7428734375 0.1497125 0.743303125 0.18580390625 0.7690828125 0.18623359374999998 0.7686531249999999 0.20084140625 0.803884375 0.20170078125000002 0.80173671875 0.1497125 0.7428734375 0.1497125
1 0.7480296875 0.12049609375 0.7501781249999999 0.13983046875 0.8030250000000001 0.13768203125 0.80173671875 0.11533984374999999 0.75791171875 0.11705859375000001 0.75748203125 0.12049609375 0.7480296875 0.12049609375