1 0.8713796874999999 0.0410203125 0.93914609375 0.00078125 0.87170703125 0.00078125 0.85076484375 0.00894609375 0.861890625 0.0262921875 0.8713796874999999 0.0410203125
4 0.86108671875 0.51856640625 0.88262421875 0.51800703125 0.8789882812500001 0.42400390625 0.845703125 0.42428359374999997 0.84542265625 0.458975 0.86024765625 0.45841562500000005 0.86108671875 0.51856640625
4 0.9201054687499999 0.51716796875 0.94171875 0.51601640625 0.9366078124999999 0.42036640625 0.9153499999999999 0.42176562500000003 0.9201054687499999 0.51716796875
4 0.82931484375 0.7741609375 0.84917421875 0.77388125 0.8480554687499999 0.6795984374999999 0.8281960937499999 0.6779195312499999 0.8281960937499999 0.695265625 0.814490625 0.6961046875 0.8136515624999999 0.71876640625 0.82931484375 0.71960546875 0.82931484375 0.7741609375
4 0.8956062499999999 0.78059609375 0.9154656250000001 0.779196875 0.914346875 0.68351484375 0.8942078125 0.68379453125 0.8944875 0.72520078125 0.8849773437499999 0.72520078125 0.8849773437499999 0.7386296875 0.8953265625 0.73723125 0.8956062499999999 0.78059609375
1 0.95670859375 0.7691250000000001 0.97712734375 0.7691250000000001 0.97712734375 0.7019796875 0.9418843750000001 0.70337890625 0.9416046874999999 0.7246414062500001 0.95642890625 0.72408203125 0.95670859375 0.7691250000000001
4 0.8020250000000001 0.96564453125 0.8197210937499999 0.9664320312499999 0.8199265625000001 0.89402265625 0.8023046875000001 0.8951414062499999 0.8011859375 0.9172437499999999 0.78859921875 0.9169640625 0.78859921875 0.9340296875 0.8023046875000001 0.9340296875 0.8020250000000001 0.96564453125
4 0.8669171875 0.9863476562500001 0.88560546875 0.9852203125000001 0.878665625 0.90017734375 0.8613234375 0.9010171874999999 0.8669171875 0.9863476562500001
4 0.92054453125 0.9690015624999999 0.936959375 0.9686867187500001 0.93592890625 0.9063328125 0.9197054687499999 0.9063328125 0.92054453125 0.9690015624999999
4 0.9795632812499999 0.9801921874999999 0.99883515625 0.98046015625 0.99690546875 0.91388671875 0.97928359375 0.913046875 0.9795632812499999 0.9801921874999999
3 0.93250390625 0.39740156249999997 0.9313203124999999 0.3895109375 0.91652734375 0.3908921875 0.91790859375 0.398190625 0.93250390625 0.39740156249999997
3 0.8785234375 0.40273046875 0.8770796875 0.3940484375 0.86031484375 0.3956265625 0.8616953125 0.40391093749999996 0.8785234375 0.40273046875
3 0.9766078125 0.7887609375 0.9767718750000001 0.77916953125 0.9619046875 0.7776578125 0.96215703125 0.7872343749999999 0.9766078125 0.7887609375
3 0.92402421875 0.8009484375 0.9233523437500001 0.7925265625 0.9077296875 0.792778125 0.9077296875 0.7995828125 0.92402421875 0.8009484375
3 0.99691953125 0.903859375 0.995921875 0.8950953125 0.97929140625 0.8955992187499999 0.9802992187499999 0.9034117187499999 0.99691953125 0.903859375
3 0.87753359375 0.88490234375 0.87669765625 0.8766648437500001 0.85956328125 0.8774203125 0.8615789062499999 0.8859890625 0.87753359375 0.88490234375