1 0.99921875 0.12829296875 0.99921875 0.06085390625 0.9589796875 0.1286203125 0.9737078125 0.138109375 0.99105390625 0.14923515625 0.99921875 0.12829296875
4 0.57571640625 0.154296875 0.5759960937499999 0.12101171875000001 0.48199296875000003 0.11737578125 0.48143359375 0.13891328125 0.541584375 0.13975234375 0.541025 0.15457734375 0.57571640625 0.154296875
4 0.48398359375 0.05828124999999999 0.48283203124999996 0.07989453125 0.578234375 0.08465 0.57963359375 0.0633921875 0.48398359375 0.05828124999999999
4 0.3038953125 0.185509375 0.304734375 0.17180390625 0.32208046874999996 0.17180390625 0.32040156249999996 0.15194453125000001 0.22611875 0.15082578124999999 0.22583906250000002 0.17068515625 0.28039453124999997 0.17068515625 0.28123359375 0.18634843750000002 0.3038953125 0.185509375
4 0.27479921875 0.11502265625000001 0.27479921875 0.10551250000000001 0.31620546875 0.1057921875 0.31648515625 0.085653125 0.220803125 0.084534375 0.21940390625 0.10439375 0.26276875 0.1046734375 0.2613703125 0.11502265625000001 0.27479921875 0.11502265625000001
1 0.29662109375 0.058115625000000004 0.2980203125 0.02287265625 0.230875 0.02287265625 0.230875 0.04329140625 0.27591796875 0.04357109375 0.27535859375 0.0583953125 0.29662109375 0.058115625000000004
4 0.0830359375 0.21140078125 0.08275625 0.1988140625 0.10485859374999999 0.1976953125 0.10597734375000001 0.1800734375 0.033567968749999996 0.18027890625 0.03435546875 0.19797499999999998 0.06597031249999999 0.1976953125 0.06597031249999999 0.21140078125 0.0830359375 0.21140078125
4 0.0147796875 0.11439453125000001 0.01365234375 0.1330828125 0.09898281249999999 0.1386765625 0.09982265625 0.121334375 0.0147796875 0.11439453125000001
4 0.031313281250000005 0.06304062499999999 0.030998437499999996 0.07945546875000001 0.0936671875 0.08029453125 0.0936671875 0.06407109375 0.031313281250000005 0.06304062499999999
4 0.01953984375 0.00116484375 0.0198078125 0.02043671875 0.08695312499999999 0.02071640625 0.08611328124999999 0.00309453125 0.01953984375 0.00116484375
3 0.6104890625 0.0686796875 0.6025984375 0.06749609375 0.601809375 0.08209140625 0.6091078125 0.08347265625 0.6104890625 0.0686796875
3 0.6059515625 0.12292031249999999 0.59726953125 0.12147656250000001 0.5960890625 0.1383046875 0.6043734374999999 0.13968515625 0.6059515625 0.12292031249999999
3 0.22083046875 0.023228125 0.21123906250000002 0.0233921875 0.21276562499999999 0.03784296875 0.2223421875 0.0380953125 0.22083046875 0.023228125
3 0.20747343749999997 0.07664765625 0.1990515625 0.07597578125 0.20041718749999998 0.09227031249999999 0.20722187500000003 0.09227031249999999 0.20747343749999997 0.07664765625
3 0.1049046875 0.004078125 0.09614062500000001 0.00308046875 0.09658828124999999 0.01970078125 0.10440078125 0.02070859375 0.1049046875 0.004078125
3 0.12333515625 0.12330234375 0.11509765624999999 0.12246640625 0.11401093749999999 0.13842109375 0.12257968749999999 0.14043671875 0.12333515625 0.12330234375