3 0.67338984375 0.31879140625 0.6872671875 0.31937812499999996 0.6876585937499999 0.31331875 0.6739765625 0.31390546874999997 0.67338984375 0.31879140625
3 0.116396875 0.258953125 0.12987500000000002 0.25949218749999997 0.1311328125 0.25302265625000003 0.1169359375 0.25266328125 0.116396875 0.258953125
3 0.25027734375 0.24169921875 0.25027734375 0.23397265625000002 0.23500390625 0.23397265625000002 0.23500390625 0.24169921875 0.25027734375 0.24169921875
3 0.31676953124999996 0.27530859375 0.31676953124999996 0.26937890625 0.30293359375 0.26937890625 0.30293359375 0.27530859375 0.31676953124999996 0.27530859375
3 0.41977343749999996 0.34554296875 0.41977343749999996 0.33841015625000004 0.40535156250000004 0.33841015625000004 0.40535156250000004 0.34554296875 0.41977343749999996 0.34554296875
3 0.3549375 0.35121875 0.3549375 0.344734375 0.341 0.344734375 0.341 0.35121875 0.3549375 0.35121875
3 0.22965234375 0.3575390625 0.22965234375 0.3510546875 0.21847265624999998 0.3510546875 0.21847265624999998 0.3575390625 0.22965234375 0.3575390625
3 0.17746875 0.34408203125000003 0.17746875 0.33776171875 0.16304687499999998 0.33776171875 0.16304687499999998 0.34408203125000003 0.17746875 0.34408203125000003
3 0.33829296875 0.8203984375 0.33829296875 0.8014296875 0.33112890625 0.8014296875 0.33112890625 0.8203984375 0.33829296875 0.8203984375
3 0.1870390625 0.74648828125 0.1870390625 0.7391054687499999 0.1717265625 0.7391054687499999 0.1717265625 0.74648828125 0.1870390625 0.74648828125
3 0.1315546875 0.74216796875 0.1315546875 0.73478515625 0.1166015625 0.73478515625 0.1166015625 0.74216796875 0.1315546875 0.74216796875
3 0.8876875 0.66906640625 0.8876875 0.65644921875 0.8819375 0.65644921875 0.8819375 0.66906640625 0.8876875 0.66906640625
3 0.78320703125 0.696390625 0.78320703125 0.681375 0.77729296875 0.681375 0.77729296875 0.696390625 0.78320703125 0.696390625
3 0.868678125 0.8694101562500001 0.8715531249999999 0.8555109375000001 0.8667609374999999 0.8539140625 0.8622875000000001 0.867653125 0.868678125 0.8694101562500001
4 0.04386171875 0.20111953124999998 0.04353359375 0.21946328125 0.0549984375 0.219790625 0.0549984375 0.24206484375 0.07399687499999999 0.2423921875 0.07399687499999999 0.17065703125 0.057618749999999996 0.169346875 0.055653906249999996 0.20275781249999997 0.04386171875 0.20111953124999998
4 0.12214765624999999 0.15133125 0.11559609374999999 0.23616874999999998 0.13393984375 0.23715156249999997 0.1395078125 0.15231406249999999 0.12214765624999999 0.15133125
4 0.190934375 0.2322375 0.19224453125000002 0.16967421875 0.176521875 0.16738124999999998 0.1739015625 0.2322375 0.190934375 0.2322375
4 0.2521875 0.22372109375 0.25349765625 0.15722734375 0.23449921875 0.156571875 0.23384453125000002 0.22404921875 0.2521875 0.22372109375
4 0.31998828125 0.24239453125 0.31998828125 0.14707421874999999 0.29837109375000004 0.14707421874999999 0.29837109375000004 0.24239453125 0.31998828125 0.24239453125
4 0.38091796875 0.2453359375 0.38091796875 0.14838281250000002 0.35930078125 0.14838281250000002 0.35930078125 0.2453359375 0.38091796875 0.2453359375
0 0.386484375 0.14739843749999998 0.386484375 0.1218515625 0.360609375 0.1218515625 0.360609375 0.14739843749999998 0.386484375 0.14739843749999998
0 0.7985523437500001 0.24533984375 0.80215546875 0.221428125 0.7687445312500001 0.2188078125 0.7648140625 0.24173671875 0.7985523437500001 0.24533984375
0 0.66233203125 0.34887890625 0.66233203125 0.30980859375 0.62083984375 0.30980859375 0.62083984375 0.34887890625 0.66233203125 0.34887890625
1 0.91823203125 0.44790703125000003 0.94336796875 0.45244999999999996 0.9509390625 0.4200453125 0.8837078125 0.402178125 0.8703828124999999 0.4575984375 0.91278046875 0.46638124999999997 0.91823203125 0.44790703125000003
1 0.81435625 0.41005156249999997 0.81435625 0.41065781250000005 0.7280453125 0.41308046875000004 0.7280453125 0.4506328125 0.81526484375 0.45154140624999994 0.81435625 0.41005156249999997
1 0.63204375 0.39581796874999997 0.63204375 0.42125703124999997 0.6132671875 0.4200453125 0.611753125 0.44821015624999994 0.672321875 0.45033046875 0.67353359375 0.44275937499999996 0.7071492187499999 0.44457578125 0.70836015625 0.41005156249999997 0.672625 0.40914296875 0.672625 0.39612109375000004 0.63204375 0.39581796874999997
4 0.42035546874999996 0.4512421875 0.42035546874999996 0.36886718749999997 0.40158203124999997 0.36886718749999997 0.40158203124999997 0.4512421875 0.42035546874999996 0.4512421875
4 0.3558515625 0.4403359375 0.3558515625 0.3728046875 0.3385859375 0.3728046875 0.3385859375 0.4403359375 0.3558515625 0.4403359375
4 0.19685546874999998 0.41247421875 0.1944328125 0.43518828125000003 0.23228828125 0.43609609374999997 0.23380312499999997 0.36795625 0.21260390624999997 0.36886484375 0.2135125 0.41308046875000004 0.19685546874999998 0.41247421875
4 0.17171875 0.45335937499999995 0.17171875 0.358875 0.14809375 0.358875 0.14809375 0.45335937499999995 0.17171875 0.45335937499999995
4 0.10569921874999999 0.459109375 0.10569921874999999 0.364015625 0.08147265625 0.364015625 0.08147265625 0.459109375 0.10569921874999999 0.459109375
4 0.19412890625 0.7171328124999999 0.19412890625 0.6220390625000001 0.16899609375 0.6220390625000001 0.16899609375 0.7171328124999999 0.19412890625 0.7171328124999999
4 0.10024843750000001 0.6777664062500001 0.10024843750000001 0.71350234375 0.13507578125 0.7141078125 0.1371953125 0.62022578125 0.11629921875 0.6181062500000001 0.11508750000000001 0.6777664062500001 0.10024843750000001 0.6777664062500001
4 0.313453125 0.7216796875 0.313453125 0.6250703125 0.288921875 0.6250703125 0.288921875 0.7216796875 0.313453125 0.7216796875
1 0.729859375 0.6665664062500001 0.729859375 0.62355859375 0.64415625 0.62355859375 0.64415625 0.6665664062500001 0.729859375 0.6665664062500001
0 0.8594796875 0.675646875 0.8679593750000001 0.6462703125 0.83555546875 0.63567109375 0.8273781250000001 0.66807578125 0.8594796875 0.675646875
1 1 0.6765554687499999 0.9806179687500001 0.66928671875 0.97244140625 0.7010859375 0.999696875 0.71138203125 1 0.6765554687499999
1 0.9827375 0.8004187500000001 1 0.8049609375 0.99909140625 0.739546875 0.9827375 0.8004187500000001
1 0.9569960937499999 0.88551796875 0.9993945312499999 0.8961179687499999 1 0.82646328125 0.97274375 0.82101171875 0.9569960937499999 0.88551796875
0 0.6541523437500001 0.8228320312499999 0.6541523437500001 0.78830859375 0.60145703125 0.78830859375 0.60145703125 0.8228320312499999 0.6541523437500001 0.8228320312499999
0 0.8513031249999999 0.8870320312500001 0.8631140625 0.8464507812500001 0.8443375 0.84039453125 0.8331328125 0.881278125 0.8513031249999999 0.8870320312500001
1 0.8591773437500001 0.9436640625000001 0.8682624999999999 0.9469953125 0.871290625 0.9403328125 0.8803765625000001 0.94305859375 0.89158125 0.8961179687499999 0.864628125 0.89066640625 0.8531203125 0.9373046875 0.8600859375000001 0.93821328125 0.8591773437500001 0.9436640625000001
1 0.70018359375 0.9264023437500001 0.7480328125 0.92579609375 0.7486390625 0.9127742187500001 0.77589453125 0.9115624999999999 0.7755921875 0.87673515625 0.7431875 0.8755242187500001 0.7428851562500001 0.8870320312500001 0.70048671875 0.8864265625 0.70018359375 0.9264023437500001
1 0.42974296875 0.8821867187500001 0.43004609374999997 0.9170140625000001 0.44973124999999997 0.9197398437500001 0.449428125 0.93821328125 0.46517656250000006 0.9394242187499999 0.46881015625 0.8488734375 0.45003359375 0.8482679687499999 0.44670234375 0.88370078125 0.42974296875 0.8821867187500001
0 0.3743203125 0.8443320312499999 0.3743203125 0.82404296875 0.3473671875 0.82404296875 0.3473671875 0.8443320312499999 0.3743203125 0.8443320312499999
0 0.41255859375000004 0.68672265625 0.42586640625000005 0.687546875 0.42621953125 0.67412109375 0.43305078124999996 0.6738859374999999 0.43411015624999993 0.64385390625 0.40996718750000005 0.64444296875 0.40984921874999997 0.6672906249999999 0.41350078124999995 0.66776171875 0.41255859375000004 0.68672265625