3 0.3260234375 0.31390546874999997 0.31234140625 0.31331875 0.3127328125 0.31937812499999996 0.32661015625 0.31879140625 0.3260234375 0.31390546874999997
3 0.8830640624999999 0.25266328125 0.8688671875 0.25302265625000003 0.870125 0.25949218749999997 0.8836031249999999 0.258953125 0.8830640624999999 0.25266328125
3 0.76499609375 0.24169921875 0.76499609375 0.23397265625000002 0.74972265625 0.23397265625000002 0.74972265625 0.24169921875 0.76499609375 0.24169921875
3 0.69706640625 0.27530859375 0.69706640625 0.26937890625 0.6832304687499999 0.26937890625 0.6832304687499999 0.27530859375 0.69706640625 0.27530859375
3 0.5946484375 0.34554296875 0.5946484375 0.33841015625000004 0.5802265625 0.33841015625000004 0.5802265625 0.34554296875 0.5946484375 0.34554296875
3 0.659 0.35121875 0.659 0.344734375 0.6450625 0.344734375 0.6450625 0.35121875 0.659 0.35121875
3 0.78152734375 0.3575390625 0.78152734375 0.3510546875 0.77034765625 0.3510546875 0.77034765625 0.3575390625 0.78152734375 0.3575390625
3 0.836953125 0.34408203125000003 0.836953125 0.33776171875 0.8225312499999999 0.33776171875 0.8225312499999999 0.34408203125000003 0.836953125 0.34408203125000003
3 0.66887109375 0.8203984375 0.66887109375 0.8014296875 0.66170703125 0.8014296875 0.66170703125 0.8203984375 0.66887109375 0.8203984375
3 0.8282734375 0.74648828125 0.8282734375 0.7391054687499999 0.8129609375 0.7391054687499999 0.8129609375 0.74648828125 0.8282734375 0.74648828125
3 0.8833984375 0.74216796875 0.8833984375 0.73478515625 0.8684453124999999 0.73478515625 0.8684453124999999 0.74216796875 0.8833984375 0.74216796875
3 0.1180625 0.66906640625 0.1180625 0.65644921875 0.1123125 0.65644921875 0.1123125 0.66906640625 0.1180625 0.66906640625
3 0.22270703125 0.696390625 0.22270703125 0.681375 0.21679296875 0.681375 0.21679296875 0.696390625 0.22270703125 0.696390625
3 0.1377125 0.867653125 0.1332390625 0.8539140625 0.12844687500000002 0.8555109375000001 0.131321875 0.8694101562500001 0.1377125 0.867653125
4 0.9450015625000001 0.24206484375 0.9450015625000001 0.219790625 0.95646640625 0.21946328125 0.95613828125 0.20111953124999998 0.9443460937499999 0.20275781249999997 0.9423812500000001 0.169346875 0.926003125 0.17065703125 0.926003125 0.2423921875 0.9450015625000001 0.24206484375
4 0.8604921875 0.15231406249999999 0.86606015625 0.23715156249999997 0.88440390625 0.23616874999999998 0.8778523437500001 0.15133125 0.8604921875 0.15231406249999999
4 0.8260984375 0.2322375 0.823478125 0.16738124999999998 0.8077554687499999 0.16967421875 0.809065625 0.2322375 0.8260984375 0.2322375
4 0.76615546875 0.22404921875 0.76550078125 0.156571875 0.74650234375 0.15722734375 0.7478125 0.22372109375 0.76615546875 0.22404921875
4 0.7016289062500001 0.24239453125 0.7016289062500001 0.14707421874999999 0.68001171875 0.14707421874999999 0.68001171875 0.24239453125 0.7016289062500001 0.24239453125
4 0.64069921875 0.2453359375 0.64069921875 0.14838281250000002 0.6190820312499999 0.14838281250000002 0.6190820312499999 0.2453359375 0.64069921875 0.2453359375
0 0.639390625 0.14739843749999998 0.639390625 0.1218515625 0.613515625 0.1218515625 0.613515625 0.14739843749999998 0.639390625 0.14739843749999998
0 0.2351859375 0.24173671875 0.23125546875 0.2188078125 0.19784453125 0.221428125 0.20144765625 0.24533984375 0.2351859375 0.24173671875
0 0.37916015625 0.34887890625 0.37916015625 0.30980859375 0.33766796875 0.30980859375 0.33766796875 0.34887890625 0.37916015625 0.34887890625
1 0.056632031250000006 0.45244999999999996 0.08176796875 0.44790703125000003 0.08721953125000001 0.46638124999999997 0.1296171875 0.4575984375 0.1162921875 0.402178125 0.0490609375 0.4200453125 0.056632031250000006 0.45244999999999996
1 0.18564375 0.41005156249999997 0.18473515625 0.45154140624999994 0.27195468749999996 0.4506328125 0.27195468749999996 0.41308046875000004 0.18564375 0.41065781250000005 0.18564375 0.41005156249999997
1 0.32646640625 0.44275937499999996 0.327678125 0.45033046875 0.388246875 0.44821015624999994 0.38673281249999997 0.4200453125 0.36795625 0.42125703124999997 0.36795625 0.39581796874999997 0.327375 0.39612109375000004 0.327375 0.40914296875 0.29163984374999996 0.41005156249999997 0.29285078124999997 0.44457578125 0.32646640625 0.44275937499999996
4 0.59841796875 0.4512421875 0.59841796875 0.36886718749999997 0.57964453125 0.36886718749999997 0.57964453125 0.4512421875 0.59841796875 0.4512421875
4 0.6614140625 0.4403359375 0.6614140625 0.3728046875 0.6441484375 0.3728046875 0.6441484375 0.4403359375 0.6614140625 0.4403359375
4 0.8055671875 0.43518828125000003 0.8031445312500001 0.41247421875 0.7864875 0.41308046875000004 0.78739609375 0.36886484375 0.766196875 0.36795625 0.76771171875 0.43609609374999997 0.8055671875 0.43518828125000003
4 0.8519062500000001 0.45335937499999995 0.8519062500000001 0.358875 0.8282812500000001 0.358875 0.8282812500000001 0.45335937499999995 0.8519062500000001 0.45335937499999995
4 0.9185273437499999 0.459109375 0.9185273437499999 0.364015625 0.8943007812499999 0.364015625 0.8943007812499999 0.459109375 0.9185273437499999 0.459109375
4 0.83100390625 0.7171328124999999 0.83100390625 0.6220390625000001 0.8058710937500001 0.6220390625000001 0.8058710937500001 0.7171328124999999 0.83100390625 0.7171328124999999
4 0.8997515625 0.71350234375 0.8997515625 0.6777664062500001 0.8849125000000001 0.6777664062500001 0.88370078125 0.6181062500000001 0.8628046875000001 0.62022578125 0.86492421875 0.7141078125 0.8997515625 0.71350234375
4 0.711078125 0.7216796875 0.711078125 0.6250703125 0.686546875 0.6250703125 0.686546875 0.7216796875 0.711078125 0.7216796875
1 0.35584375 0.6665664062500001 0.35584375 0.62355859375 0.27014062499999997 0.62355859375 0.27014062499999997 0.6665664062500001 0.35584375 0.6665664062500001
0 0.17262187499999998 0.66807578125 0.16444453125 0.63567109375 0.132040625 0.6462703125 0.14052031250000002 0.675646875 0.17262187499999998 0.66807578125
1 0.000303125 0.71138203125 0.02755859375 0.7010859375 0.01938203125 0.66928671875 0 0.6765554687499999 0.000303125 0.71138203125
1 0 0.8049609375 0.0172625 0.8004187500000001 0.00090859375 0.739546875 0 0.8049609375
1 0.02725625 0.82101171875 0 0.82646328125 0.00060546875 0.8961179687499999 0.04300390625 0.88551796875 0.02725625 0.82101171875
0 0.39854296875 0.8228320312499999 0.39854296875 0.78830859375 0.34584765625 0.78830859375 0.34584765625 0.8228320312499999 0.39854296875 0.8228320312499999
0 0.1668671875 0.881278125 0.15566249999999998 0.84039453125 0.1368859375 0.8464507812500001 0.148696875 0.8870320312500001 0.1668671875 0.881278125
1 0.1196234375 0.94305859375 0.128709375 0.9403328125 0.1317375 0.9469953125 0.14082265624999998 0.9436640625000001 0.1399140625 0.93821328125 0.1468796875 0.9373046875 0.135371875 0.89066640625 0.10841875000000001 0.8961179687499999 0.1196234375 0.94305859375
1 0.22410546875 0.9115624999999999 0.2513609375 0.9127742187500001 0.25196718749999997 0.92579609375 0.29981640625 0.9264023437500001 0.29951328125 0.8864265625 0.25711484375000004 0.8870320312500001 0.2568125 0.8755242187500001 0.22440781250000003 0.87673515625 0.22410546875 0.9115624999999999
1 0.5505718749999999 0.93821328125 0.5502687500000001 0.9197398437500001 0.5699539062500001 0.9170140625000001 0.5702570312499999 0.8821867187500001 0.55329765625 0.88370078125 0.54996640625 0.8482679687499999 0.53118984375 0.8488734375 0.5348234374999999 0.9394242187499999 0.5505718749999999 0.93821328125
0 0.6526328125 0.8443320312499999 0.6526328125 0.82404296875 0.6256796875 0.82404296875 0.6256796875 0.8443320312499999 0.6526328125 0.8443320312499999
0 0.56694921875 0.6738859374999999 0.57378046875 0.67412109375 0.57413359375 0.687546875 0.58744140625 0.68672265625 0.58649921875 0.66776171875 0.59015078125 0.6672906249999999 0.5900328125 0.64444296875 0.5658898437500001 0.64385390625 0.56694921875 0.6738859374999999