3 0.10883984375 0.1909609375 0.10883984375 0.2123046875 0.11616015625000001 0.2123046875 0.11616015625000001 0.1909609375 0.10883984375 0.1909609375
3 0.29524609375 0.28934765625000003 0.29524609375 0.29626171874999996 0.30926953125 0.29626171874999996 0.30926953125 0.28934765625000003 0.29524609375 0.28934765625000003
3 0.35012890625000004 0.32980078125 0.35012890625000004 0.33630859375 0.36313671875 0.33630859375 0.36313671875 0.32980078125 0.35012890625000004 0.32980078125
3 0.763390625 0.6776757812499999 0.763390625 0.69251171875 0.77103125 0.69251171875 0.77103125 0.6776757812499999 0.763390625 0.6776757812499999
3 0.72533203125 0.78497265625 0.72533203125 0.79201171875 0.74016796875 0.79201171875 0.74016796875 0.78497265625 0.72533203125 0.78497265625
3 0.8810234375 0.80025390625 0.8810234375 0.8074492187500001 0.8960078125000001 0.8074492187500001 0.8960078125000001 0.80025390625 0.8810234375 0.80025390625
3 0.221140625 0.79396875 0.221140625 0.799625 0.23546874999999998 0.799625 0.23546874999999998 0.79396875 0.221140625 0.79396875
1 0.08805546875 0 0.08805546875 0.0144734375 0.1446046875 0.01311015625 0.14528593750000002 0.00323125 0.16504453125000002 0.0025499999999999997 0.16538515625 0.012088281250000001 0.22159374999999998 0.01038515625 0.22159374999999998 0 0.08805546875 0
1 0.348659375 0.000165625 0.35274765625 0.0151546875 0.3902203125 0.005275 0.3888578125 0.000165625 0.348659375 0.000165625
1 0.99182421875 0.217846875 1 0.21375859375 0.998978125 0.18480234375 0.9846703124999999 0.190934375 0.99182421875 0.217846875
1 0.94924140625 0.42224218750000003 1 0.4096375 0.9993187499999999 0.37931875000000004 0.941065625 0.39635234375 0.94924140625 0.42224218750000003
1 0.2049015625 0.85317578125 0.186846875 0.82353828125 0.10679140625000001 0.8732749999999999 0.12586875 0.90359375 0.2049015625 0.85317578125
0 0.207625 0.8099140625000001 0.207625 0.8460234375000001 0.2416875 0.8460234375000001 0.2416875 0.8099140625000001 0.207625 0.8099140625000001
0 0.09997890625 0.6920437500000001 0.09997890625 0.7322421875 0.15107734374999998 0.7312203125 0.15039609375000002 0.68931875 0.09997890625 0.6920437500000001
1 0.19740703125 0.6116484375 0.13813203125 0.6123296875 0.13745078125000001 0.60483515625 0.10611015625 0.60551640625 0.10474765625 0.6409453125 0.19706640625 0.6409453125 0.19740703125 0.6116484375
1 0.3312859375 0.8933734375 0.32242890625 0.8930328125000001 0.32413203125 0.8753187499999999 0.27746171875000003 0.873615625 0.27712109375 0.9083625 0.3299234375 0.9087031250000001 0.3312859375 0.8933734375
0 0.32992187500000003 0.83239453125 0.32992187500000003 0.86952734375 0.36978125 0.86952734375 0.36978125 0.83239453125 0.32992187500000003 0.83239453125
1 0.48424531249999997 0.8872406249999999 0.468571875 0.8869007812499999 0.46823125 0.8783843750000001 0.43416484375 0.8763406249999999 0.43484609374999994 0.91313203125 0.48356093749999995 0.9155164062500001 0.48424531249999997 0.8872406249999999
0 0.43023046875000004 0.7871796875 0.43023046875000004 0.8190390624999999 0.46831640625000004 0.8190390624999999 0.46831640625000004 0.7871796875 0.43023046875000004 0.7871796875
0 0.6649609375 0.773234375 0.6649609375 0.831234375 0.6940859374999999 0.831234375 0.6940859374999999 0.773234375 0.6649609375 0.773234375
1 0.70130078125 0.84343359375 0.70130078125 0.90566015625 0.73888671875 0.90566015625 0.73888671875 0.84343359375 0.70130078125 0.84343359375
1 0.9537015625 0.87355078125 0.9462343750000001 0.83471953125 0.8536374999999999 0.852890625 0.862846875 0.89172109375 0.9537015625 0.87355078125
0 0.9066562499999999 0.66819453125 0.8596109375 0.6801421875 0.86956796875 0.71299921875 0.91736015625 0.7005539062499999 0.9066562499999999 0.66819453125
0 0.80335625 0.64628984375 0.7864296875 0.64604140625 0.7866789062499999 0.68910390625 0.80559609375 0.68835703125 0.80335625 0.64628984375
1 0.8867429687499999 0.61044609375 0.883009375 0.587296875 0.8718078125 0.59003515625 0.8690703125000001 0.58231875 0.8439296875 0.587296875 0.85513046875 0.6410625 0.883009375 0.6335953125 0.87778203125 0.61193984375 0.8867429687499999 0.61044609375
1 0.76726328125 0.6286171875 0.76726328125 0.6385734375000001 0.78916796875 0.6373289062499999 0.78767421875 0.5994937499999999 0.7398828125 0.60173359375 0.7391359375000001 0.6278703125 0.76726328125 0.6286171875
1 0.6500234375 0.6238875 0.649775 0.60795703125 0.5942664062499999 0.6092015625 0.59376875 0.6500234375 0.6500234375 0.6492765625 0.6515171875 0.641809375 0.661971875 0.6425562499999999 0.661971875 0.6579890625 0.7087679687499999 0.6559976562500001 0.70851875 0.6211492187500001 0.6500234375 0.6238875
3 0.65201953125 0.6856171875 0.65201953125 0.7000546875 0.65674609375 0.7000546875 0.65674609375 0.6856171875 0.65201953125 0.6856171875
0 0.626875 0.655 0.626875 0.693828125 0.64903125 0.693828125 0.64903125 0.655 0.626875 0.655
1 0.45935390624999994 0.62612734375 0.45835781249999996 0.61940703125 0.44641015624999997 0.6184109375 0.44591250000000004 0.62662578125 0.4068328125 0.6263765625 0.40558750000000005 0.6960734375000001 0.46831484375 0.69731796875 0.46806562500000004 0.6256296875 0.45935390624999994 0.62612734375
4 0.2064546875 0.4678171875 0.1519421875 0.40708124999999995 0.13775390625 0.41853125 0.19226640625 0.47901796875 0.2064546875 0.4678171875
0 0.08498359375 0.43944062500000003 0.0837390625 0.47179921875 0.10863046875 0.47229765625000003 0.10912890625 0.44068515625 0.08498359375 0.43944062500000003
0 0.3339 0.45288203125 0.33414921875000003 0.48598749999999996 0.35306640625 0.48548984375000004 0.35281796875000004 0.45313125000000004 0.3339 0.45288203125
1 0.43471093749999995 0.42151875 0.43471093749999995 0.40832578125 0.4247546875 0.40807734375000004 0.42450546874999995 0.36426796875 0.403596875 0.364765625 0.40459218750000003 0.37098828125 0.38393203124999997 0.370490625 0.38617265624999997 0.40011171875 0.40434296875 0.40011171875 0.4060859375 0.46458125 0.4247546875 0.46433203125 0.42500312500000004 0.42126953125 0.43471093749999995 0.42151875
1 0.7712460937500001 0.43844453124999994 0.7851851562500001 0.436453125 0.80708984375 0.42799062499999996 0.8123171875 0.42649687500000005 0.80335625 0.39214609375 0.764525 0.40285000000000004 0.7712460937500001 0.43844453124999994
0 0.7734859375 0.33987421875 0.7799578125 0.3622765625 0.80783671875 0.35381328125 0.80385390625 0.33240625 0.7734859375 0.33987421875
2 0.7174796875 0.21118437499999998 0.7441140625 0.3105015625 0.7931507812499999 0.29805625 0.76801015625 0.19774296875 0.7174796875 0.21118437499999998
1 0.94125546875 0.2338359375 0.9868078125 0.22039375 0.9773484375000001 0.18728828125000002 0.9317968750000001 0.199734375 0.94125546875 0.2338359375
1 0.900184375 0.12281875 0.8947085937500001 0.1071375 0.8690703125000001 0.1138578125 0.8770351562500001 0.1404921875 0.87205703125 0.14148750000000002 0.87678671875 0.15816484375 0.8815156249999999 0.156671875 0.888734375 0.18156328125 0.913875 0.17509140625 0.91038984375 0.15891171875000001 0.9534523437500001 0.14746171875 0.9427492187500001 0.11111953125 0.900184375 0.12281875
2 0.40110703125 0.18255859375 0.40285000000000004 0.2761515625 0.46134531250000005 0.2768984375 0.4591046875 0.18206093750000002 0.40110703125 0.18255859375
2 0.26196328125 0.18231015625 0.20521015625 0.18255859375 0.2047125 0.191021875 0.18330546875 0.19176875 0.18430156250000002 0.183803125 0.12680156250000002 0.18255859375 0.12655234375 0.25872734375 0.18405234374999999 0.25897578125 0.18455 0.24951718750000002 0.20521015625 0.24877031249999998 0.20595703125 0.2574828125 0.26221171875 0.25723359375 0.26196328125 0.18231015625