3 0.11616015625000001 0.8090390624999999 0.11616015625000001 0.7876953125 0.10883984375 0.7876953125 0.10883984375 0.8090390624999999 0.11616015625000001 0.8090390624999999
3 0.30926953125 0.71065234375 0.30926953125 0.7037382812499999 0.29524609375 0.7037382812499999 0.29524609375 0.71065234375 0.30926953125 0.71065234375
3 0.36313671875 0.67019921875 0.36313671875 0.66369140625 0.35012890625000004 0.66369140625 0.35012890625000004 0.67019921875 0.36313671875 0.67019921875
3 0.77103125 0.32232421875 0.77103125 0.30748828125 0.763390625 0.30748828125 0.763390625 0.32232421875 0.77103125 0.32232421875
3 0.74016796875 0.21502734375000002 0.74016796875 0.20798828125000002 0.72533203125 0.20798828125000002 0.72533203125 0.21502734375000002 0.74016796875 0.21502734375000002
3 0.8960078125000001 0.19974609375000002 0.8960078125000001 0.19255078125 0.8810234375 0.19255078125 0.8810234375 0.19974609375000002 0.8960078125000001 0.19974609375000002
3 0.23546874999999998 0.20603125000000003 0.23546874999999998 0.20037500000000003 0.221140625 0.20037500000000003 0.221140625 0.20603125000000003 0.23546874999999998 0.20603125000000003
1 0.22159374999999998 1 0.22159374999999998 0.9896148437500001 0.16538515625 0.9879117187500001 0.16504453125000002 0.9974500000000001 0.14528593750000002 0.99676875 0.1446046875 0.98688984375 0.08805546875 0.9855265624999999 0.08805546875 1 0.22159374999999998 1
1 0.3888578125 0.999834375 0.3902203125 0.9947250000000001 0.35274765625 0.9848453125000001 0.348659375 0.999834375 0.3888578125 0.999834375
1 0.9846703124999999 0.809065625 0.998978125 0.81519765625 1 0.78624140625 0.99182421875 0.782153125 0.9846703124999999 0.809065625
1 0.941065625 0.6036476562499999 0.9993187499999999 0.62068125 1 0.5903625 0.94924140625 0.5777578125 0.941065625 0.6036476562499999
1 0.12586875 0.09640625 0.10679140625000001 0.126725 0.186846875 0.17646171875 0.2049015625 0.14682421875 0.12586875 0.09640625
0 0.2416875 0.1900859375 0.2416875 0.1539765625 0.207625 0.1539765625 0.207625 0.1900859375 0.2416875 0.1900859375
0 0.15039609375000002 0.31068125 0.15107734374999998 0.26877968750000003 0.09997890625 0.2677578125 0.09997890625 0.30795625000000004 0.15039609375000002 0.31068125
1 0.13813203125 0.3876703125 0.19740703125 0.38835156249999997 0.19706640625 0.35905468749999997 0.10474765625 0.35905468749999997 0.10611015625 0.39448359375000003 0.13745078125000001 0.39516484375 0.13813203125 0.3876703125
1 0.32242890625 0.1069671875 0.3312859375 0.1066265625 0.3299234375 0.091296875 0.27712109375 0.09163750000000001 0.27746171875000003 0.126384375 0.32413203125 0.12468125000000001 0.32242890625 0.1069671875
0 0.36978125 0.16760546875 0.36978125 0.13047265624999999 0.32992187500000003 0.13047265624999999 0.32992187500000003 0.16760546875 0.36978125 0.16760546875
1 0.468571875 0.11309921875 0.48424531249999997 0.112759375 0.48356093749999995 0.08448359375 0.43484609374999994 0.08686796875 0.43416484375 0.12365937499999999 0.46823125 0.121615625 0.468571875 0.11309921875
0 0.46831640625000004 0.21282031250000003 0.46831640625000004 0.1809609375 0.43023046875000004 0.1809609375 0.43023046875000004 0.21282031250000003 0.46831640625000004 0.21282031250000003
0 0.6940859374999999 0.226765625 0.6940859374999999 0.168765625 0.6649609375 0.168765625 0.6649609375 0.226765625 0.6940859374999999 0.226765625
1 0.73888671875 0.15656640625 0.73888671875 0.09433984375 0.70130078125 0.09433984375 0.70130078125 0.15656640625 0.73888671875 0.15656640625
1 0.862846875 0.10827890625 0.8536374999999999 0.14710937500000001 0.9462343750000001 0.16528046875 0.9537015625 0.12644921874999998 0.862846875 0.10827890625
0 0.91736015625 0.29944609375 0.86956796875 0.28700078125 0.8596109375 0.3198578125 0.9066562499999999 0.33180546875 0.91736015625 0.29944609375
0 0.80559609375 0.31164296875 0.7866789062499999 0.31089609375 0.7864296875 0.35395859375 0.80335625 0.35371015625 0.80559609375 0.31164296875
1 0.8690703125000001 0.41768124999999995 0.8718078125 0.40996484375 0.883009375 0.412703125 0.8867429687499999 0.38955390625 0.87778203125 0.38806015625 0.883009375 0.3664046875 0.85513046875 0.3589375 0.8439296875 0.412703125 0.8690703125000001 0.41768124999999995
1 0.76726328125 0.3614265625 0.76726328125 0.3713828125 0.7391359375000001 0.37212968750000003 0.7398828125 0.39826640625 0.78767421875 0.40050625 0.78916796875 0.36267109375 0.76726328125 0.3614265625
1 0.6515171875 0.358190625 0.6500234375 0.3507234375 0.59376875 0.34997656250000003 0.5942664062499999 0.3907984375 0.649775 0.39204296875 0.6500234375 0.37611249999999996 0.70851875 0.37885078125 0.7087679687499999 0.34400234375 0.661971875 0.3420109375 0.661971875 0.35744375 0.6515171875 0.358190625
3 0.65674609375 0.3143828125 0.65674609375 0.2999453125 0.65201953125 0.2999453125 0.65201953125 0.3143828125 0.65674609375 0.3143828125
0 0.64903125 0.34500000000000003 0.64903125 0.306171875 0.626875 0.306171875 0.626875 0.34500000000000003 0.64903125 0.34500000000000003
1 0.44591250000000004 0.37337421875 0.44641015624999997 0.3815890625 0.45835781249999996 0.38059296875 0.45935390624999994 0.37387265625 0.46806562500000004 0.3743703125 0.46831484375 0.30268203125 0.40558750000000005 0.3039265625 0.4068328125 0.3736234375 0.44591250000000004 0.37337421875
4 0.19226640625 0.52098203125 0.13775390625 0.58146875 0.1519421875 0.59291875 0.2064546875 0.5321828125 0.19226640625 0.52098203125
0 0.10912890625 0.55931484375 0.10863046875 0.5277023437499999 0.0837390625 0.52820078125 0.08498359375 0.560559375 0.10912890625 0.55931484375
0 0.35281796875000004 0.54686875 0.35306640625 0.51451015625 0.33414921875000003 0.5140125 0.3339 0.5471179687500001 0.35281796875000004 0.54686875
1 0.38617265624999997 0.5998882812499999 0.38393203124999997 0.629509375 0.40459218750000003 0.62901171875 0.403596875 0.635234375 0.42450546874999995 0.63573203125 0.4247546875 0.59192265625 0.43471093749999995 0.5916742187499999 0.43471093749999995 0.5784812500000001 0.42500312500000004 0.57873046875 0.4247546875 0.53566796875 0.4060859375 0.53541875 0.40434296875 0.5998882812499999 0.38617265624999997 0.5998882812499999
1 0.7851851562500001 0.563546875 0.7712460937500001 0.5615554687500001 0.764525 0.59715 0.80335625 0.60785390625 0.8123171875 0.573503125 0.80708984375 0.572009375 0.7851851562500001 0.563546875
0 0.80385390625 0.66759375 0.80783671875 0.64618671875 0.7799578125 0.6377234374999999 0.7734859375 0.66012578125 0.80385390625 0.66759375
2 0.76801015625 0.8022570312499999 0.7931507812499999 0.7019437500000001 0.7441140625 0.6894984375 0.7174796875 0.788815625 0.76801015625 0.8022570312499999
1 0.9317968750000001 0.800265625 0.9773484375000001 0.8127117187499999 0.9868078125 0.77960625 0.94125546875 0.7661640625 0.9317968750000001 0.800265625
1 0.888734375 0.8184367187499999 0.8815156249999999 0.843328125 0.87678671875 0.8418351562499999 0.87205703125 0.8585125 0.8770351562500001 0.8595078125000001 0.8690703125000001 0.8861421875 0.8947085937500001 0.8928625 0.900184375 0.8771812499999999 0.9427492187500001 0.88888046875 0.9534523437500001 0.85253828125 0.91038984375 0.84108828125 0.913875 0.82490859375 0.888734375 0.8184367187499999
2 0.4591046875 0.8179390625 0.46134531250000005 0.7231015625 0.40285000000000004 0.7238484374999999 0.40110703125 0.8174414062500001 0.4591046875 0.8179390625
2 0.18405234374999999 0.74102421875 0.12655234375 0.7412726562499999 0.12680156250000002 0.8174414062500001 0.18430156250000002 0.8161968749999999 0.18330546875 0.8082312500000001 0.2047125 0.808978125 0.20521015625 0.8174414062500001 0.26196328125 0.81768984375 0.26221171875 0.74276640625 0.20595703125 0.7425171875000001 0.20521015625 0.7512296875 0.18455 0.7504828125 0.18405234374999999 0.74102421875