3 0.86346953125 0.12732109375 0.883275 0.12886484375 0.8843039062500001 0.12243437500000001 0.8637265624999999 0.1211484375 0.86346953125 0.12732109375
3 0.8606398437499999 0.13349453125 0.88378984375 0.13555234375 0.8840468749999999 0.12937890624999998 0.8606398437499999 0.1270640625 0.8606398437499999 0.13349453125
3 0.932784375 0.01093046875 0.932784375 0.022685156249999998 0.93938359375 0.022685156249999998 0.93958984375 0.01196171875 0.932784375 0.01093046875
3 0.55680390625 0.15324921875 0.57019140625 0.15818125 0.57301015625 0.1527203125 0.55891796875 0.14902109375 0.55680390625 0.15324921875
3 0.5236953125 0.87386796875 0.520775 0.88658984375 0.5284921875 0.8884671875000001 0.5307859374999999 0.8755367187499999 0.5236953125 0.87386796875
3 0.40982109375000003 0.8215195312500001 0.40502421875000005 0.8331984374999999 0.41232421874999997 0.8367445312499999 0.41670390625 0.8244390625 0.40982109375000003 0.8215195312500001
3 0.15571796875 0.7351734375000001 0.16524453125 0.73993671875 0.1709234375 0.71850234375 0.162496875 0.7163039062500001 0.15571796875 0.7351734375000001
3 0.15993203125 0.79104921875 0.18118281249999998 0.7912320312500001 0.18118281249999998 0.7846367187500001 0.16084765625 0.78445390625 0.15993203125 0.79104921875
1 0 0.6509671875 0.06810000000000001 0.66633359375 0.07578281249999999 0.62931484375 0 0.61080546875 0 0.6509671875
1 0 0.9149859375 0.06076640625 0.91463671875 0.06425859375000001 0.8570132812500001 0.0548296875 0.8580609375 0.0544796875 0.8371070312500001 0.06530625 0.8367578124999999 0.066703125 0.78053203125 0 0.7787859375 0 0.9149859375
1 0.8406 0 0.8325671874999999 0.07368749999999999 0.9090492187500001 0.08241875 0.9167320312499999 0 0.8406 0
1 0.9488609374999999 0 0.94921015625 0.0062859375 0.9701640625 0.0055875000000000005 0.9708625 0 0.9488609374999999 0
1 0.53711796875 0.092196875 0.5486421874999999 0.05378125 0.49940078125 0.04086015625 0.50987734375 0.00104765625 0.47495468750000003 0 0.45714375 0.07089375 0.53711796875 0.092196875
0 0.058321875 0.015017187500000001 0.09988046874999999 0.027938281250000002 0.10511875 0.011175781249999999 0.06425859375000001 0.00034921875000000003 0.058321875 0.015017187500000001
1 0.13445390625 0.07263984375 0.0544796875 0.05413046875000001 0.0516859375 0.07124296875 0.12991406249999998 0.0901015625 0.13445390625 0.07263984375
0 0.22455546875 0.16343984375 0.23433437499999998 0.12781875 0.1938234375 0.11629375 0.19068046875 0.11489687500000001 0.17985390625 0.1498203125 0.22455546875 0.16343984375
1 0.2434140625 0.18718828125 0.305228125 0.20534765625 0.316403125 0.16588515625 0.25319296874999997 0.14947109375 0.2434140625 0.18718828125
0 0.407553125 0.039463281249999996 0.39917109375000004 0.07543359375 0.43130078125000004 0.0852125 0.4407296875 0.051336718749999996 0.407553125 0.039463281249999996
0 0.39078984375000003 0.20814218750000002 0.43095156250000005 0.2207140625 0.43444374999999996 0.20849140625 0.4250140625 0.2043 0.43165 0.1816 0.40056796875 0.17426640625 0.39078984375000003 0.20814218750000002
4 0.42745937500000003 0.23188984375000002 0.44771484375000004 0.237128125 0.46238203125000005 0.1767109375 0.44387265625000005 0.17182187499999999 0.42745937500000003 0.23188984375000002
0 0.53641953125 0.16378984375 0.52698984375 0.2151265625 0.577628125 0.22455546875 0.58880390625 0.17531406249999998 0.53641953125 0.16378984375
1 0.8681890624999999 0.3073234375 0.8681890624999999 0.2783375 0.85456875 0.27868671875 0.8566640624999999 0.24131874999999997 0.8130101562500001 0.23922343750000002 0.8112640624999999 0.30662500000000004 0.8681890624999999 0.3073234375
0 0.8165023437500001 0.4721609375 0.8161531249999999 0.4379359375 0.80323203125 0.43828515625 0.80393046875 0.3967265625 0.7669117187500001 0.39777421875 0.76621328125 0.47181171875 0.8165023437500001 0.4721609375
1 0.53048203125 0.4407296875 0.512321875 0.52489453125 0.55772265625 0.53502265625 0.5671515625 0.4934640625 0.57448515625 0.49486093750000004 0.5825179687500001 0.45050859374999996 0.53048203125 0.4407296875
1 0.40441015625 0.42920546875000004 0.39742500000000003 0.46308046875000003 0.382059375 0.46028671875000005 0.376121875 0.49171796875 0.4337453125 0.5004484375 0.44247578125000003 0.43444374999999996 0.40441015625 0.42920546875000004
0 0.24236640625 0.50289296875 0.28148046875 0.51511640625 0.29405234375 0.46238203125000005 0.25668515625 0.45190546875 0.24236640625 0.50289296875
1 0.22769843750000002 0.3555171875 0.22490468749999998 0.37262968750000003 0.26786015625 0.38345625 0.274146875 0.35726328125 0.237128125 0.34818359375 0.23538203124999998 0.35656484375 0.22769843750000002 0.3555171875
4 0.13270781250000002 0.32338828125 0.12118359375000001 0.401615625 0.14143828125 0.40510859374999997 0.15331250000000002 0.32513437500000003 0.13270781250000002 0.32338828125
1 0.09045078125 0.67192109375 0.15750312500000002 0.68833515625 0.1669328125 0.6478242187500001 0.10022968750000001 0.6331562500000001 0.09045078125 0.67192109375
1 0.39742500000000003 0.7417671875 0.39637734375 0.748053125 0.41733125 0.7518945312499999 0.42396640625000004 0.7075421875 0.36215312499999996 0.6935734375 0.353421875 0.72989296875 0.39742500000000003 0.7417671875
1 0.47809765625 0.7539906249999999 0.46308046875000003 0.8283765624999999 0.4934640625 0.83501171875 0.50079765625 0.8014859375000001 0.5346734375 0.8091687500000001 0.5430546875 0.7676101562500001 0.47809765625 0.7539906249999999
0 0.42326796875 0.81755 0.41593437499999997 0.8496796874999999 0.4393328125 0.85421953125 0.44596796875000005 0.82453515625 0.42326796875 0.81755
1 0.16169375 0.8657445312500001 0.17217109375 0.8667921875 0.17217109375 0.870284375 0.2193171875 0.8723796875 0.220015625 0.86644296875 0.22874609375000002 0.8653953124999999 0.2290953125 0.8793640625 0.30068828124999997 0.8776179687500001 0.30068828124999997 0.830471875 0.23363593749999997 0.830471875 0.23433437499999998 0.8210429687499999 0.16169375 0.82034453125 0.16169375 0.8657445312500001