0 0.84507421875 0.13081484375000002 0.84482578125 0.17135546875000002 0.8940601562499999 0.17235078125 0.8950546875000001 0.15145859374999998 0.896521875 0.13206171875 0.84507421875 0.13081484375000002
1 0.94279765625 0.23328593749999998 0.94284375 0.21980624999999998 0.8510421875 0.22109921875 0.8512906250000001 0.25815781250000003 0.8823734375000001 0.25815781250000003 0.88311953125 0.2497015625 0.94279765625 0.24895546875000002 0.94279765625 0.23328593749999998
0 0.9538945312499999 0.01704453125 0.95364609375 0.05435156249999999 0.9874640625 0.054103124999999995 0.98649296875 0.0164796875 0.9538945312499999 0.01704453125
1 0.86487421875 0 0.93126640625 0.04116953125 0.95397890625 0.0055671875 0.9389749999999999 0 0.86487421875 0
4 0.8829765625 0.44319296875 0.8975617187499999 0.45575 0.95227109375 0.39486171875 0.93836484375 0.38225234375 0.8829765625 0.44319296875
0 0.83040859375 0.42380234375 0.8545945312500001 0.42306406250000006 0.8548781249999999 0.39023203125 0.8293007812500001 0.39037734375 0.83040859375 0.42380234375
1 0.8711273437499999 0.6801703125 0.93083125 0.6792828125 0.9306093750000001 0.6712906249999999 0.949475 0.670846875 0.949475 0.68105859375 1 0.68083671875 0.99987109375 0.60487890625 0.9496968750000001 0.60424765625 0.9496968750000001 0.61290546875 0.931053125 0.61268359375 0.9306093750000001 0.602471875 0.87090546875 0.6033593749999999 0.8711273437499999 0.6801703125
1 0.8319585937499999 0.9246984375 0.88990546875 0.9260414062500001 0.88968125 0.91708984375 0.90936953125 0.91731328125 0.90892265625 0.9267125 0.9648546874999999 0.9282789062499999 0.96720859375 0.85179375 0.90959375 0.8508507812499999 0.90936953125 0.8591304687499999 0.8916953124999999 0.8591304687499999 0.89191875 0.8495078125 0.83240625 0.84794140625 0.8319585937499999 0.9246984375
0 0.52918046875 0.33830625 0.6530125 0.33785234375 0.65293359375 0.26101328125 0.5285 0.26253828125 0.52918046875 0.33830625
2 0.57744296875 0.9093453125 0.5776726562500001 0.9488984374999999 0.6202062500000001 0.9484390625 0.62089609375 0.909575 0.62037578125 0.9094992187500001 0.57744296875 0.9093453125
2 0.35155 0.94774921875 0.3943125 0.9482085937500001 0.3936234375 0.89554765625 0.35131953125000004 0.89439765625 0.35155 0.94774921875
4 0.055643750000000006 0.8836890625 0.07677031250000001 0.88138046875 0.06943125 0.7856171875 0.048009375 0.786734375 0.05156015625 0.8474640625 0.044103906250000005 0.84835234375 0.04516953125 0.8772960937500001 0.055643750000000006 0.87623125 0.055643750000000006 0.8836890625
3 0.85231484375 0.6725414062499999 0.8605820312500001 0.67400078125 0.8629843749999999 0.6516453125 0.85344921875 0.650490625 0.85231484375 0.6725414062499999
3 0.66263046875 0.23750624999999997 0.66168671875 0.24637890625 0.684525 0.24675625 0.6849023437499999 0.2376953125 0.66263046875 0.23750624999999997
3 0.9665703125 0.0697296875 0.981171875 0.07020078125 0.9816429687499999 0.062349218750000004 0.96625625 0.061250000000000006 0.9665703125 0.0697296875
3 0.9717515625 0.05418359375 0.969553125 0.060621875000000006 0.9828992187500001 0.0634484375 0.9843125 0.056225000000000004 0.9717515625 0.05418359375