0 0.15145859374999998 0.10494531250000001 0.13206171875 0.103478125 0.13081484375000002 0.15492578125 0.17135546875000002 0.15517421874999998 0.17235078125 0.10593984375000001 0.15145859374999998 0.10494531250000001
1 0.2497015625 0.11688046875 0.24895546875000002 0.057202343749999995 0.23328593749999998 0.057202343749999995 0.21980624999999998 0.05715625 0.22109921875 0.1489578125 0.25815781250000003 0.148709375 0.25815781250000003 0.1176265625 0.2497015625 0.11688046875
0 0.054103124999999995 0.0125359375 0.0164796875 0.01350703125 0.01704453125 0.04610546875 0.05435156249999999 0.04635390625 0.054103124999999995 0.0125359375
1 0 0.13512578125000002 0.04116953125 0.06873359375 0.0055671875 0.04602109375 0 0.061024999999999996 0 0.13512578125000002
4 0.39486171875 0.04772890625 0.38225234375 0.06163515625 0.44319296875 0.1170234375 0.45575 0.10243828125000001 0.39486171875 0.04772890625
0 0.39023203125 0.145121875 0.39037734375 0.17069921875 0.42380234375 0.16959140625 0.42306406250000006 0.14540546875 0.39023203125 0.145121875
1 0.602471875 0.069390625 0.6033593749999999 0.12909453125 0.6801703125 0.12887265625 0.6792828125 0.06916875 0.6712906249999999 0.069390625 0.670846875 0.050525 0.68105859375 0.050525 0.68083671875 0 0.60487890625 0.00012890625 0.60424765625 0.050303125000000004 0.61290546875 0.050303125000000004 0.61268359375 0.06894687499999999 0.602471875 0.069390625
1 0.8495078125 0.10808124999999999 0.84794140625 0.16759375 0.9246984375 0.16804140625 0.9260414062500001 0.11009453124999999 0.91708984375 0.11031875 0.91731328125 0.09063046875 0.9267125 0.09107734375 0.9282789062499999 0.0351453125 0.85179375 0.03279140625 0.8508507812499999 0.09040625 0.8591304687499999 0.09063046875 0.8591304687499999 0.1083046875 0.8495078125 0.10808124999999999
0 0.26101328125 0.34706640625 0.26253828125 0.4715 0.33830625 0.47081953125 0.33785234375 0.3469875 0.26101328125 0.34706640625
2 0.909575 0.37910390625 0.9094992187500001 0.37962421874999996 0.9093453125 0.42255703125000005 0.9488984374999999 0.42232734375 0.9484390625 0.37979375000000004 0.909575 0.37910390625
2 0.89554765625 0.6063765625 0.89439765625 0.6486804687500001 0.94774921875 0.64845 0.9482085937500001 0.6056874999999999 0.89554765625 0.6063765625
4 0.8772960937500001 0.95483046875 0.87623125 0.94435625 0.8836890625 0.94435625 0.88138046875 0.9232296874999999 0.7856171875 0.93056875 0.786734375 0.951990625 0.8474640625 0.9484398437499999 0.84835234375 0.9558960937500001 0.8772960937500001 0.95483046875
3 0.6516453125 0.137015625 0.650490625 0.14655078125 0.6725414062499999 0.14768515625 0.67400078125 0.13941796875 0.6516453125 0.137015625
3 0.24675625 0.315475 0.2376953125 0.31509765624999997 0.23750624999999997 0.33736953125 0.24637890625 0.33831328125 0.24675625 0.315475
3 0.062349218750000004 0.01835703125 0.061250000000000006 0.03374375 0.0697296875 0.0334296875 0.07020078125 0.018828125 0.062349218750000004 0.01835703125
3 0.0634484375 0.01710078125 0.056225000000000004 0.0156875 0.05418359375 0.0282484375 0.060621875000000006 0.030446875 0.0634484375 0.01710078125