0 0.84507421875 0.86918515625 0.896521875 0.86793828125 0.8950546875000001 0.8485414062500001 0.8940601562499999 0.8276492187500001 0.84482578125 0.8286445312499999 0.84507421875 0.86918515625
1 0.8510421875 0.7789007812500001 0.94284375 0.78019375 0.94279765625 0.7667140625 0.94279765625 0.75104453125 0.88311953125 0.7502984374999999 0.8823734375000001 0.7418421875 0.8512906250000001 0.7418421875 0.8510421875 0.7789007812500001
0 0.98649296875 0.9835203124999999 0.9874640625 0.9458968750000001 0.95364609375 0.9456484375 0.9538945312499999 0.98295546875 0.98649296875 0.9835203124999999
1 0.9389749999999999 1 0.95397890625 0.9944328125 0.93126640625 0.9588304687500001 0.86487421875 1 0.9389749999999999 1
4 0.93836484375 0.6177476562499999 0.95227109375 0.60513828125 0.8975617187499999 0.54425 0.8829765625 0.55680703125 0.93836484375 0.6177476562499999
0 0.8293007812500001 0.60962265625 0.8548781249999999 0.6097679687500001 0.8545945312500001 0.5769359374999999 0.83040859375 0.57619765625 0.8293007812500001 0.60962265625
1 0.9496968750000001 0.39575234375 0.99987109375 0.39512109375 1 0.31916328125 0.949475 0.31894140625 0.949475 0.329153125 0.9306093750000001 0.32870937499999997 0.93083125 0.3207171875 0.8711273437499999 0.3198296875 0.87090546875 0.39664062499999997 0.9306093750000001 0.397528125 0.931053125 0.38731640624999997 0.9496968750000001 0.38709453125 0.9496968750000001 0.39575234375
1 0.90959375 0.14914921875 0.96720859375 0.14820625 0.9648546874999999 0.07172109374999999 0.90892265625 0.0732875 0.90936953125 0.08268671875 0.88968125 0.08291015625 0.88990546875 0.07395859375 0.8319585937499999 0.0753015625 0.83240625 0.15205859375 0.89191875 0.15049218749999999 0.8916953124999999 0.14086953124999999 0.90936953125 0.14086953124999999 0.90959375 0.14914921875
0 0.5285 0.73746171875 0.65293359375 0.73898671875 0.6530125 0.6621476562499999 0.52918046875 0.66169375 0.5285 0.73746171875
2 0.57744296875 0.0906546875 0.62037578125 0.09050078125 0.62089609375 0.090425 0.6202062500000001 0.0515609375 0.5776726562500001 0.051101562499999996 0.57744296875 0.0906546875
2 0.35131953125000004 0.10560234375 0.3936234375 0.10445234375000001 0.3943125 0.051791406250000005 0.35155 0.05225078125 0.35131953125000004 0.10560234375
4 0.048009375 0.21326562500000001 0.06943125 0.21438281250000002 0.07677031250000001 0.11861953125 0.055643750000000006 0.11631093749999999 0.055643750000000006 0.12376875000000001 0.04516953125 0.12270390625000001 0.044103906250000005 0.15164765625 0.05156015625 0.1525359375 0.048009375 0.21326562500000001
3 0.85344921875 0.349509375 0.8629843749999999 0.3483546875 0.8605820312500001 0.32599921875 0.85231484375 0.32745859374999997 0.85344921875 0.349509375
3 0.6849023437499999 0.7623046875 0.684525 0.75324375 0.66168671875 0.75362109375 0.66263046875 0.76249375 0.6849023437499999 0.7623046875
3 0.96625625 0.93875 0.9816429687499999 0.93765078125 0.981171875 0.92979921875 0.9665703125 0.9302703125 0.96625625 0.93875
3 0.9843125 0.9437749999999999 0.9828992187500001 0.9365515625 0.969553125 0.939378125 0.9717515625 0.94581640625 0.9843125 0.9437749999999999