1 0.91406015625 0 0.9061828125 0.023671875000000002 0.9433164062499999 0.034453125 0.9533375 0.000321875 0.9492640625 0 0.91406015625 0
1 0.9394578125 0.0575921875 0.8993062500000001 0.04566875 0.8883398437500001 0.09460234375 0.9285273437500001 0.10506171875 0.9394578125 0.0575921875
1 0.90827265625 0.1740453125 0.92032890625 0.12738046875 0.8830351562500001 0.11595546875 0.8703359374999999 0.1645515625 0.90827265625 0.1740453125
1 0.9119703124999999 0.20072421875000002 0.8626203125 0.1854375 0.8512070312500001 0.22341328124999998 0.8987882812500001 0.23805625 0.9119703124999999 0.20072421875000002
3 0.8931625000000001 0.252184375 0.872290625 0.25262578125 0.8713007812500001 0.25910390625 0.8931625000000001 0.25894296875 0.8931625000000001 0.252184375
1 0.8801414062499999 0.45559453124999993 0.90055703125 0.4615484375 0.904896875 0.44561796875 0.8534765625 0.43063828125 0.84815234375 0.44867578124999996 0.84863515625 0.45704296875 0.8785343749999999 0.46734140625 0.8801414062499999 0.45559453124999993
1 0.9781984375 0.8944531250000001 0.9997390625 0.89734921875 0.9997390625 0.88656796875 0.9793242187500001 0.8843156249999999 0.97916328125 0.8836718749999999 0.9790023437500001 0.884959375 0.9781984375 0.8944531250000001
1 0.7152406250000001 0.97599375 0.71974140625 0.95877578125 0.69836171875 0.9513742187500001 0.696271875 0.9589367187500001 0.68228671875 0.9539484375 0.67667109375 0.9697390625000001 0.67601796875 0.9695570312499999 0.68968125 0.976315625 0.7152406250000001 0.97599375
0 0.71357578125 0.82935625 0.68405546875 0.8194898437499999 0.6695875 0.8634187499999999 0.69836171875 0.8729125 0.71357578125 0.82935625
1 0.7194203124999999 0.82998125 0.74369296875 0.83448671875 0.75864296875 0.7799375000000001 0.7018984374999999 0.76207578125 0.695146875 0.787178125 0.72906484375 0.7976375 0.7194203124999999 0.82998125
1 0.8255210937499999 0.7260164062500001 0.84127421875 0.69496015625 0.8067132812500001 0.67388046875 0.7890312500000001 0.7047757812500001 0.8255210937499999 0.7260164062500001