1 0.5401203125 0.13525703125 0.49204921874999996 0.1247125 0.4837828125 0.1593953125 0.5333796875 0.17095625 0.5401203125 0.13525703125
0 0.5425359375000001 0.20830625 0.5492765625 0.178959375 0.5059109375 0.16879609375 0.49891640625000006 0.19903203125 0.5425359375000001 0.20830625
4 0.10192734375000001 0.21899687499999998 0.11975703124999999 0.22649609375000002 0.12238489687500001 0.21446246953124998 0.08198671874999999 0.19954453125 0.07706015625 0.210325 0.085740625 0.21430937499999997 0.08433281249999999 0.217121875 0.09981640625 0.22227734375 0.10192734375000001 0.21899687499999998
4 0.08972265625 0.32426953125 0.08803671874999999 0.32691640624999996 0.0672015625 0.31837421875 0.068646875 0.31500546875 0.06009609375 0.31151640625 0.059132031249999994 0.31416328125000004 0.056121875 0.31464453125 0.05118359375 0.32535234375 0.0964671875 0.34412109375 0.09688593749999999 0.34456171874999997 0.10110859375 0.3333125 0.09490156250000001 0.33004453125 0.0962265625 0.32655546874999997 0.08972265625 0.32426953125
4 0.1279734375 0.36216875000000004 0.12713046875 0.37155312500000004 0.147725 0.3770875 0.14989296875 0.36950781250000003 0.1645859375 0.3721546875 0.16614816875 0.361229984375 0.1465203125 0.3555515625 0.14724296875 0.3511 0.13255 0.34748984374999997 0.13158671875 0.350378125 0.12568515625 0.35085937500000003 0.1230359375 0.360725 0.1279734375 0.36216875000000004
0 0.08480234375 0.44991250000000005 0.08644062500000001 0.4266609375 0.049514843749999995 0.42199921875 0.0487921875 0.4476265625 0.08480234375 0.44991250000000005
0 0.1320859375 0.48648749999999996 0.13356015625 0.46186484375000003 0.11161171875 0.46098125 0.1108890625 0.4856453125 0.1320859375 0.48648749999999996
4 0.52669453125 0.29768125 0.44771015625 0.27049140625 0.43986171875 0.29133671875 0.5221796875 0.31772890625 0.52669453125 0.29768125
1 0.43515234375 0.39668515625 0.38495703125 0.3800109375 0.37021640625 0.41615624999999995 0.42305390625 0.43145546875 0.43515234375 0.39668515625
0 0.4155875 0.50183359375 0.42860546875 0.46893984375000003 0.393571875 0.45727421875 0.38017109375 0.490359375 0.4155875 0.50183359375
4 0.43199531249999995 0.5608304687500001 0.39004609375 0.5447390624999999 0.385834375 0.55430078125 0.42909921874999996 0.57074765625 0.43199531249999995 0.5608304687500001
1 0.04683359375 0.647628125 0.03138828125 0.63572890625 0.02443515625 0.644759375 0.024626562499999997 0.68205234375 0.04683359375 0.647628125
1 0.0962875 0.71437265625 0.11007109374999999 0.7183890625 0.12092265625000001 0.69312265625 0.088246875 0.6797570312500001 0.07522890625 0.70901796875 0.09533046875 0.7164765625 0.0962875 0.71437265625
1 0.160384375 0.73963984375 0.1708546875 0.7126359375 0.15425859375 0.70808515625 0.14277265625 0.7354328125 0.160384375 0.73963984375
4 0.289703125 0.75991171875 0.26443359375000003 0.76698828125 0.2688359375 0.77999296875 0.2849171875 0.77463828125 0.28702265625 0.77769765625 0.3061671875 0.7711953125 0.301425 0.75797734375 0.29774375000000003 0.754175 0.2885546875 0.75685234375 0.289703125 0.75991171875
4 0.6494453124999999 0.9727421875 0.71357734375 0.97446328125 0.7126203125 0.9555304687499999 0.6502109375 0.95361796875 0.6494453124999999 0.9727421875
4 0.5697398437500001 0.9267140625 0.523171875 0.9335367187499999 0.5256609375 0.94596796875 0.57256328125 0.9377445312500001 0.5697398437500001 0.9267140625
0 0.5771578125 0.90159921875 0.57720078125 0.9031828125000001 0.55131328125 0.901790625 0.55035625 0.9186195312500001 0.57811484375 0.9207234375000001 0.5771578125 0.90159921875
4 0.35600703125 0.9515140625 0.34389609375 0.946228125 0.324228125 0.98842421875 0.3349484375 0.994353125 0.35600703125 0.9515140625
4 0.142559375 0.95992890625 0.18376874999999998 0.9034695312500001 0.17031796875 0.894140625 0.12839296875 0.949984375 0.142559375 0.95992890625
3 0.1486859375 0.90006953125 0.15679375 0.8960085937500001 0.15308828125 0.89203671875 0.14677109375 0.8964351562499999 0.1486859375 0.90006953125