3 0.04850078125 0.090521875 0.0429046875 0.0760390625 0.03781796875 0.078071875 0.043032031250000005 0.09268125 0.04850078125 0.090521875
1 0.10865234374999999 0.1078 0.1019125 0.08734609374999999 0.10788984374999999 0.0855671875 0.10860234375 0.0883625 0.13746953125 0.08112109375 0.14103046875 0.08899765625 0.16099687499999998 0.08429687500000001 0.1590890625 0.07476875 0.17333203125000002 0.06778125 0.16341250000000002 0.03157421875 0.0970796875 0.0496140625 0.10280234375 0.07044921875 0.0979703125 0.072228125 0.09453671875 0.06473203125 0.057784375 0.071846875 0.06884765625 0.117709375 0.09059453125 0.1149140625 0.10865234374999999 0.1078
0 0.30489921875000003 0.10335468750000001 0.32410078124999997 0.11010703125000001 0.33208906250000003 0.08586015625 0.30932734375000004 0.0799796875 0.30489921875000003 0.10335468750000001
4 0.43186171875 0.02892734375 0.46734687499999994 0.08954375 0.4785609375 0.082484375 0.4456875 0.02079375 0.43186171875 0.02892734375
1 0.5036101562499999 0.02776875 0.5175890625 0.026080468750000002 0.51851015625 0.0329859375 0.5294171875 0.03206484375 0.5300312500000001 0.02500625 0.5421671875 0.023625 0.5397093749999999 0.012882812499999998 0.5437031250000001 0.01180859375 0.5417062500000001 0.0013734375 0.5011523437500001 0.00597734375 0.5036101562499999 0.02776875
3 0.5828320312499999 0.046475 0.57624609375 0.01758515625 0.57094921875 0.01944453125 0.5772484375 0.04790546875 0.5828320312499999 0.046475
0 0.59614609375 0.015010937499999998 0.5773914062500001 0.01758515625 0.58655390625 0.05677265625 0.60445 0.05291171875 0.5962898437499999 0.015439843750000001 0.59614609375 0.015010937499999998
4 0.42054375000000005 0.2204421875 0.41882578125 0.20814218750000002 0.38117265625 0.214578125 0.3818890625 0.22601953125000002 0.42054375000000005 0.2204421875
0 0.38348984375 0.41279374999999996 0.40410546875 0.40292578125 0.38578046875 0.34614609375 0.36988906250000003 0.34342890625 0.35628828125 0.34700390625 0.34512109375 0.35258203125 0.3361015625 0.36116328124999997 0.35471328125 0.41708515625000003 0.38348984375 0.41279374999999996
0 0.1636796875 0.5962953125 0.1666859375 0.6585093750000001 0.22652968750000002 0.6572218750000001 0.222834375 0.5943203125000001 0.1636796875 0.5962953125
1 0.01583828125 0.94866796875 0 0.9483820312500001 0.00050078125 0.975678125 0.01726953125 0.9752703125 0.01583828125 0.94866796875
1 0.055753125 0.9997265625 0.07765497109375 0.99999819140625 0.07722812500000001 0.9997265625 0.07751484374999999 0.9994406250000001 0.07753628359375 0.99948350390625 0.07780078124999999 0.99472109375 0.05561015625 0.99414921875 0.055753125 0.9997265625
1 0.39985546875 0.97727265625 0.38711406249999997 0.9622546875 0.36964765625 0.9759851562499999 0.38553906250000003 0.99071640625 0.39985546875 0.97727265625