3 0.090521875 0.9514992187500001 0.0760390625 0.9570953125000001 0.078071875 0.96218203125 0.09268125 0.9569679687500001 0.090521875 0.9514992187500001
1 0.1078 0.89134765625 0.08734609374999999 0.8980874999999999 0.0855671875 0.89211015625 0.0883625 0.89139765625 0.08112109375 0.86253046875 0.08899765625 0.85896953125 0.08429687500000001 0.839003125 0.07476875 0.8409109375 0.06778125 0.82666796875 0.03157421875 0.8365875 0.0496140625 0.9029203125 0.07044921875 0.89719765625 0.072228125 0.9020296875 0.06473203125 0.90546328125 0.071846875 0.942215625 0.117709375 0.93115234375 0.1149140625 0.90940546875 0.1078 0.89134765625
0 0.10335468750000001 0.6951007812500001 0.11010703125000001 0.6758992187499999 0.08586015625 0.6679109375000001 0.0799796875 0.6906726562500001 0.10335468750000001 0.6951007812500001
4 0.02892734375 0.56813828125 0.08954375 0.5326531250000001 0.082484375 0.5214390625 0.02079375 0.5543125 0.02892734375 0.56813828125
1 0.02776875 0.49638984375 0.026080468750000002 0.48241093749999997 0.0329859375 0.48148984375000003 0.03206484375 0.4705828125 0.02500625 0.46996874999999994 0.023625 0.45783281249999996 0.012882812499999998 0.460290625 0.01180859375 0.45629687499999994 0.0013734375 0.45829375 0.00597734375 0.49884765625 0.02776875 0.49638984375
3 0.046475 0.41716796875 0.01758515625 0.42375390625 0.01944453125 0.42905078124999996 0.04790546875 0.42275156249999996 0.046475 0.41716796875
0 0.015010937499999998 0.40385390625 0.01758515625 0.42260859375 0.05677265625 0.41344609375 0.05291171875 0.39554999999999996 0.015439843750000001 0.40371015625 0.015010937499999998 0.40385390625
4 0.2204421875 0.57945625 0.20814218750000002 0.58117421875 0.214578125 0.61882734375 0.22601953125000002 0.6181109375 0.2204421875 0.57945625
0 0.41279374999999996 0.61651015625 0.40292578125 0.59589453125 0.34614609375 0.6142195312500001 0.34342890625 0.6301109375 0.34700390625 0.64371171875 0.35258203125 0.65487890625 0.36116328124999997 0.6638984375 0.41708515625000003 0.64528671875 0.41279374999999996 0.61651015625
0 0.5962953125 0.8363203125 0.6585093750000001 0.8333140625000001 0.6572218750000001 0.7734703125 0.5943203125000001 0.7771656250000001 0.5962953125 0.8363203125
1 0.94866796875 0.98416171875 0.9483820312500001 1 0.975678125 0.9994992187499999 0.9752703125 0.98273046875 0.94866796875 0.98416171875
1 0.9997265625 0.9442468749999999 0.99999819140625 0.92234502890625 0.9997265625 0.9227718749999999 0.9994406250000001 0.9224851562499999 0.99948350390625 0.92246371640625 0.99472109375 0.92219921875 0.99414921875 0.94438984375 0.9997265625 0.9442468749999999
1 0.97727265625 0.60014453125 0.9622546875 0.6128859375 0.9759851562499999 0.63035234375 0.99071640625 0.6144609375 0.97727265625 0.60014453125