1 0.9456093750000001 0.02196953125 0.9450914062500001 0 0.9224867187499999 0.0006296875 0.9238078125 0.0232890625 0.9456093750000001 0.02196953125
4 0.882846875 0.01866953125 0.86566953125 0.01954921875 0.86566953125 0.0243890625 0.861265625 0.0243890625 0.86148515625 0.0353890625 0.8989226562500001 0.0331890625 0.8987023437499999 0.022189062500000002 0.8841679687499999 0.023509375 0.882846875 0.01866953125
0 0.50142265625 0.02453828125 0.50312265625 0.0477359375 0.5196390625 0.047296093750000004 0.5200796875 0.02485625 0.50142265625 0.02453828125
1 0.47636171875000005 0.42060624999999996 0.47596496874999994 0.4207385 0.47614140625 0.4208265625 0.47944453125 0.45954609375000005 0.53802265625 0.45712578125 0.53538046875 0.41708671875 0.4772421875 0.42148671875000004 0.47636171875000005 0.42126640625 0.47636171875000005 0.42060624999999996
0 0.501753125 0.52696640625 0.5364789062499999 0.5268867187499999 0.5351578124999999 0.504446875 0.5034460937499999 0.5042265625 0.501753125 0.52696640625
1 0.6860070312500001 0.35845781250000003 0.662884375 0.37231796875 0.66420546875 0.37737734375 0.65495625 0.38177734375 0.66838984375 0.4075171875 0.68292421875 0.4009171875 0.69371484375 0.4218171875 0.7186 0.40707734375 0.7095703125 0.39057734375000003 0.71771875 0.38375781249999996 0.70014921875 0.35596953125 0.6996609375 0.355378125 0.68931015625 0.36021796875 0.6860070312500001 0.35845781250000003
1 0.62788515625 0.50469921875 0.6281054687500001 0.5343984374999999 0.657834375 0.53285859375 0.6578953125 0.48834375 0.6404375 0.48797968750000004 0.6395562499999999 0.50469921875 0.62788515625 0.50469921875
1 0.62372265625 0.6087578125 0.5968554687500001 0.60787734375 0.5961953125 0.63625703125 0.6224015625 0.6366968749999999 0.62372265625 0.6087578125
4 0.64750625 0.56761796875 0.64992890625 0.5533187500000001 0.61689609375 0.54891875 0.6140328125 0.56233828125 0.64750625 0.56761796875
0 0.515021875 0.641096875 0.514296875 0.64217578125 0.49674296875 0.641096875 0.49432109375 0.65803671875 0.51281953125 0.66023671875 0.515021875 0.641096875
0 0.2738 0.7197265625 0.27430625000000003 0.69994453125 0.24671249999999997 0.6992671875 0.24671249999999997 0.72060625 0.2738 0.7197265625
0 0.6072140625 0.699046875 0.60771875 0.68409921875 0.5854125 0.68430703125 0.5845312500000001 0.6983867187499999 0.6072140625 0.699046875
1 0.6109578124999999 0.7272062499999999 0.6107375 0.72698671875 0.57484140625 0.72786640625 0.57506171875 0.75052578125 0.6113984375 0.75052578125 0.6109578124999999 0.7272062499999999
1 0.60875546875 0.85524453125 0.60837890625 0.85542734375 0.57616328125 0.85414453125 0.576603125 0.87614375 0.60941640625 0.87460390625 0.60875546875 0.85524453125
0 0.5792601562499999 0.93524765625 0.610359375 0.9379546875000001 0.61229296875 0.9114882812499999 0.58190234375 0.9070882812500001 0.5792601562499999 0.93524765625
1 0.5678085937499999 0.982546875 0.5772781250000001 0.9807867187499999 0.57881953125 0.9645070312499999 0.57023125 0.96362734375 0.570665525 0.9521352328124999 0.55283359375 0.9515273437499999 0.54908984375 0.9884867187499999 0.5391796875 0.9889265625 0.53896015625 0.999046875 0.5664875 0.99970703125 0.5678085937499999 0.982546875
3 0.58360546875 0.9903281249999999 0.58360546875 0.977765625 0.57683203125 0.977765625 0.57683203125 0.9903281249999999 0.58360546875 0.9903281249999999