1 0.8654648437500001 0.03514453125 0.92616953125 0.035896875 0.93011640625 0.02029765625 0.9269210937500001 0.0037585937499999998 0.8645250000000001 0.0035710937499999996 0.8654648437500001 0.03514453125
4 0.84009296875 0.486953125 0.8748617187500001 0.48638906249999997 0.8746734375 0.476428125 0.84140859375 0.47793203125000006 0.84009296875 0.486953125
4 0.8267492187500001 0.5023640625 0.8656523437500001 0.4997328125 0.86678046875 0.48920859375000003 0.8265609375 0.4916515625 0.8267492187500001 0.5023640625
0 0.89027265625 0.625840625 0.93011640625 0.62414921875 0.9284250000000001 0.60591953125 0.88613828125 0.6077984375 0.89027265625 0.625840625
1 0.9427078124999999 0.64012421875 0.9742820312499999 0.63768125 0.9737179687499999 0.60479140625 0.9417687499999999 0.60685859375 0.9427078124999999 0.64012421875
3 0.9464671875 0.8156601562500001 0.94985 0.8158484375 0.9575554687500001 0.81490859375 0.95811953125 0.80889453125 0.94891015625 0.80964609375 0.9464671875 0.8156601562500001
1 0.9348148437500001 0.85963828125 0.9799203125 0.860390625 0.98104765625 0.8417843749999999 0.977853125 0.8250578125000001 0.9344390625000001 0.8258093750000001 0.9348148437500001 0.85963828125
1 0.55592734375 0.8384015625 0.63279453125 0.83764921875 0.63260703125 0.8011890625 0.62809609375 0.80100078125 0.55724296875 0.80344453125 0.55592734375 0.8384015625
3 0.5369453125 0.8209226562499999 0.5422078124999999 0.820546875 0.54164375 0.8064515625 0.53656953125 0.807015625 0.5369453125 0.8209226562499999
1 0.5918234375 0.567015625 0.59126015625 0.5999054687500001 0.64595078125 0.6027242187499999 0.6491453125 0.5824265625 0.6444468750000001 0.56400859375 0.59539453125 0.56306875 0.5918234375 0.567015625
1 0.58280234375 0.24413437500000001 0.64595078125 0.23849609374999997 0.6461382812500001 0.22158125 0.63956015625 0.20372734375 0.58129921875 0.21049296874999998 0.58280234375 0.24413437500000001
4 0.43376562500000004 0.8741101562500001 0.4542515625 0.8750500000000001 0.45650703125 0.7932953125 0.438840625 0.7921679687500001 0.43376562500000004 0.8741101562500001
1 0.4087703125 0.21707109375 0.469475 0.20786171874999998 0.46458828125 0.1727171875 0.40407109375 0.1813625 0.4087703125 0.21707109375
1 0.32833125 0.65459609375 0.38415 0.65534765625 0.3875328125 0.6369296875 0.38659296875 0.617759375 0.33321796875 0.6158796875 0.32833125 0.65459609375
0 0.29111953125 0.6478296875 0.29168359375 0.6779 0.31386015624999997 0.67996796875 0.31517578125 0.6476421875 0.29111953125 0.6478296875
0 0.34862890625 0.7957085937499999 0.39129140625000003 0.8259671875000001 0.411025 0.79364140625 0.39505 0.77841796875 0.36930234375 0.76563828125 0.34862890625 0.7957085937499999
1 0.2990125 0.8855742187500001 0.29920078125 0.8949710937500001 0.32663984375 0.8953468750000001 0.33039921875 0.87091484375 0.32682812499999997 0.84817421875 0.27251328125 0.8504296874999999 0.27307734375 0.88407109375 0.2990125 0.8855742187500001
0 0.20654609375000002 0.8748617187500001 0.22891093749999997 0.876553125 0.229475 0.8462945312500001 0.20786171874999998 0.8462945312500001 0.20654609375000002 0.8748617187500001
1 0.164071875 0.85606796875 0.164071875 0.8662164062500001 0.17121328125 0.8671562500000001 0.1714015625 0.87749296875 0.19057109375 0.87786875 0.1888796875 0.8585109375 0.19188671875000002 0.8541882812500001 0.1941421875 0.8534367187499999 0.1941421875 0.84159609375 0.19996875 0.8417843749999999 0.19978046875 0.8226140624999999 0.16877031250000002 0.8237421875000001 0.16914609375 0.855128125 0.164071875 0.85606796875
1 0.23323359375 0.25315546875 0.29976484375 0.2540953125 0.300328125 0.2381203125 0.300328125 0.228159375 0.2967578125 0.21857421875 0.23191796875 0.21876250000000003 0.23323359375 0.25315546875
1 0.03307734375 0.24187890625000003 0.0374 0.24507421875 0.11032109375000002 0.24451015625 0.11032109375000002 0.22721953125 0.10825390625 0.20992890625 0.03702421875 0.2082375 0.033453125 0.212184375 0.03307734375 0.24187890625000003
3 0.09303046875 0.50198828125 0.10505859375 0.5016125 0.10562265625 0.49522265625 0.09340625 0.49522265625 0.09303046875 0.50198828125
1 0.09171484375 0.542959375 0.07555234375 0.5435234375 0.07104140625000001 0.54408671875 0.0699140625 0.5651359375 0.12516796875 0.5692710937500001 0.1261078125 0.5469062499999999 0.13512890625 0.5469062499999999 0.13512890625 0.5345015625 0.12742343750000001 0.5335625 0.126671875 0.51476796875 0.09115078125000001 0.51345234375 0.09171484375 0.542959375
0 0.06935 0.78013984375 0.12291328125 0.7807039062500001 0.12310078124999999 0.76078203125 0.12103359375 0.7451828125 0.0701015625 0.7463109375 0.06935 0.78013984375
1 0.10393125 0.86809609375 0.11483125000000001 0.86828359375 0.11370390625 0.887078125 0.14828515625 0.8848226562500001 0.1449015625 0.8372734375 0.1048703125 0.83671015625 0.10393125 0.86809609375