1 0.97970234375 0.93011640625 0.99624140625 0.9269210937500001 0.99642890625 0.8645250000000001 0.9648554687500001 0.8654648437500001 0.964103125 0.92616953125 0.97970234375 0.93011640625
4 0.523571875 0.8746734375 0.5220679687499999 0.84140859375 0.513046875 0.84009296875 0.5136109375 0.8748617187500001 0.523571875 0.8746734375
4 0.51079140625 0.86678046875 0.5083484375 0.8265609375 0.4976359375 0.8267492187500001 0.5002671875 0.8656523437500001 0.51079140625 0.86678046875
0 0.39408046875 0.9284250000000001 0.3922015625 0.88613828125 0.37415937499999996 0.89027265625 0.37585078125 0.93011640625 0.39408046875 0.9284250000000001
1 0.39520859375 0.9737179687499999 0.39314140625 0.9417687499999999 0.35987578125 0.9427078124999999 0.36231874999999997 0.9742820312499999 0.39520859375 0.9737179687499999
3 0.18509140625 0.9575554687500001 0.19110546875 0.95811953125 0.19035390624999998 0.94891015625 0.18433984375 0.9464671875 0.1841515625 0.94985 0.18509140625 0.9575554687500001
1 0.158215625 0.98104765625 0.17494218749999998 0.977853125 0.174190625 0.9344390625000001 0.14036171875 0.9348148437500001 0.13960937499999998 0.9799203125 0.158215625 0.98104765625
1 0.1988109375 0.63260703125 0.19899921874999998 0.62809609375 0.19655546875000002 0.55724296875 0.1615984375 0.55592734375 0.16235078125 0.63279453125 0.1988109375 0.63260703125
3 0.1935484375 0.54164375 0.192984375 0.53656953125 0.17907734375 0.5369453125 0.179453125 0.5422078124999999 0.1935484375 0.54164375
1 0.39727578124999996 0.64595078125 0.41757343750000003 0.6491453125 0.43599140625 0.6444468750000001 0.43693125000000005 0.59539453125 0.43298437500000003 0.5918234375 0.40009453125 0.59126015625 0.39727578124999996 0.64595078125
1 0.7784187499999999 0.6461382812500001 0.79627265625 0.63956015625 0.78950703125 0.58129921875 0.755865625 0.58280234375 0.76150390625 0.64595078125 0.7784187499999999 0.6461382812500001
4 0.20670468749999998 0.45650703125 0.20783203125 0.438840625 0.12588984375 0.43376562500000004 0.12495 0.4542515625 0.20670468749999998 0.45650703125
1 0.8272828125 0.46458828125 0.8186375 0.40407109375 0.78292890625 0.4087703125 0.79213828125 0.469475 0.8272828125 0.46458828125
1 0.3630703125 0.3875328125 0.382240625 0.38659296875 0.3841203125 0.33321796875 0.34540390625 0.32833125 0.34465234375 0.38415 0.3630703125 0.3875328125
0 0.32003203125 0.31386015624999997 0.3523578125 0.31517578125 0.3521703125 0.29111953125 0.3221 0.29168359375 0.32003203125 0.31386015624999997
0 0.20635859375 0.411025 0.22158203125 0.39505 0.23436171875 0.36930234375 0.20429140625 0.34862890625 0.1740328125 0.39129140625000003 0.20635859375 0.411025
1 0.10465312499999999 0.32663984375 0.12908515625 0.33039921875 0.15182578124999999 0.32682812499999997 0.1495703125 0.27251328125 0.11592890625 0.27307734375 0.11442578125 0.2990125 0.10502890625000001 0.29920078125 0.10465312499999999 0.32663984375
0 0.15370546875 0.229475 0.15370546875 0.20786171874999998 0.12513828124999998 0.20654609375000002 0.123446875 0.22891093749999997 0.15370546875 0.229475
1 0.13284374999999998 0.17121328125 0.12250703125 0.1714015625 0.12213125 0.19057109375 0.14148906249999998 0.1888796875 0.14581171875 0.19188671875000002 0.14656328125 0.1941421875 0.15840390625 0.1941421875 0.158215625 0.19996875 0.1773859375 0.19978046875 0.1762578125 0.16877031250000002 0.144871875 0.16914609375 0.14393203125 0.164071875 0.13378359374999998 0.164071875 0.13284374999999998 0.17121328125
1 0.7618796875 0.300328125 0.7718406250000001 0.300328125 0.7814257812500001 0.2967578125 0.7812375 0.23191796875 0.74684453125 0.23323359375 0.7459046875 0.29976484375 0.7618796875 0.300328125
1 0.7554898437500001 0.11032109375000002 0.77278046875 0.11032109375000002 0.7900710937500001 0.10825390625 0.7917625 0.03702421875 0.787815625 0.033453125 0.75812109375 0.03307734375 0.75492578125 0.0374 0.7554898437500001 0.11032109375000002
3 0.50477734375 0.10562265625 0.50477734375 0.09340625 0.49801171875000005 0.09303046875 0.49838750000000004 0.10505859375 0.50477734375 0.10562265625
1 0.45591328124999997 0.07104140625000001 0.4348640625 0.0699140625 0.43072890625 0.12516796875 0.45309375 0.1261078125 0.45309375 0.13512890625 0.4654984375 0.13512890625 0.46643749999999995 0.12742343750000001 0.48523203125 0.126671875 0.48654765624999996 0.09115078125000001 0.457040625 0.09171484375 0.45647656249999996 0.07555234375 0.45591328124999997 0.07104140625000001
0 0.23921796875 0.12310078124999999 0.2548171875 0.12103359375 0.2536890625 0.0701015625 0.21986015625 0.06935 0.21929609375 0.12291328125 0.23921796875 0.12310078124999999
1 0.11292187499999999 0.11370390625 0.11517734375 0.14828515625 0.1627265625 0.1449015625 0.16328984375 0.1048703125 0.13190390624999998 0.10393125 0.13171640625 0.11483125000000001 0.11292187499999999 0.11370390625