1 0.32198671874999996 1 0.322225 0.9976218749999999 0.24826796875 0.9961953125 0.24826796875 0.99928671875 0.32198671874999996 1
3 0.28940781250000003 0.94792109375 0.28893203125 0.9545796875000001 0.3110484375 0.9576710937499999 0.3110484375 0.95029921875 0.28940781250000003 0.94792109375
3 0.45230390624999994 0.02999609375 0.45135234375 0.027380468749999998 0.442078125 0.02405078125 0.43970000000000004 0.02999609375 0.44968828125 0.03380078125 0.45230390624999994 0.02999609375
3 0.437321875 0.12511796875 0.43541953125 0.121075 0.42590781250000004 0.12036171874999999 0.42400546875 0.12321562500000001 0.42448046875 0.12749609374999998 0.4356578125 0.12773359374999999 0.437321875 0.12511796875
1 0.46514531249999996 0.1415265625 0.4282859375 0.13558125000000001 0.42043828124999993 0.20335546875000002 0.45634687500000004 0.20739843750000003 0.46514531249999996 0.1415265625
1 0.48345625 0.045453125 0.44849921875 0.039983593750000004 0.44445625 0.044978125 0.437321875 0.10656953124999999 0.47370625000000005 0.1110875 0.48345625 0.045453125
1 0.43756015625 0 0.4380359375 0.00811796875 0.47560859375 0.0119234375 0.476084375 0.00050859375 0.4380359375 0 0.43756015625 0
1 0.5286390625 0.9096343750000001 0.5262609375 0.93198828125 0.51294375 0.9303234375 0.50961484375 0.9545796875000001 0.5212671875 0.9548171875 0.51484609375 1 0.5723953125000001 0.9995242187500001 0.583571875 0.9155796875 0.5286390625 0.9096343750000001
3 0.51841328125 0.8984578125 0.51199296875 0.89821953125 0.50985234375 0.92104921875 0.51698671875 0.92128671875 0.51841328125 0.8984578125
3 0.55146796875 0.836153125 0.5433828125 0.8366281250000001 0.5431453125 0.8525609375000001 0.55027890625 0.8527992187500001 0.55146796875 0.836153125
1 0.5826203125 0.76742734375 0.5402914062499999 0.76386015625 0.5357734375 0.8247382812499999 0.5792914062500001 0.8247382812499999 0.5826203125 0.76742734375
1 0.622809375 0.1662578125 0.5861875000000001 0.162215625 0.5752484375 0.23807499999999998 0.57667578125 0.23712343749999998 0.61115703125 0.240690625 0.622809375 0.1662578125
1 0.6147242187499999 0.0559171875 0.60616328125 0.132965625 0.6437359375 0.13581875000000002 0.6532484375000001 0.0609109375 0.6147242187499999 0.0559171875
1 0.6463523437500001 0.023100000000000002 0.60996796875 0.02476484375 0.64516328125 0.029045312499999996 0.6463523437500001 0.023100000000000002
1 0.73933359375 0.02405078125 0.79926015625 0.03356328125 0.8042539062499999 0.03023359375 0.80615703125 0.021910937499999998 0.73933359375 0.02405078125
0 0.7726265625 0.0440265625 0.76834609375 0.08231328125000001 0.8025898437500001 0.08469140625 0.80782109375 0.04830703125 0.7726265625 0.0440265625
1 0.8006875000000001 0.14223984375 0.800925 0.13106328125 0.79783359375 0.1305875 0.803303125 0.10656953124999999 0.8004492187500001 0.10347734374999999 0.7628765625 0.09967265625 0.75502890625 0.1491359375 0.7947421875 0.15579453125 0.7975953125 0.142953125 0.8006875000000001 0.14223984375
1 0.78356484375 0.29348359375 0.7864187499999999 0.25353203125 0.78308984375 0.25210546875 0.76240078125 0.24996484375 0.761925 0.2418796875 0.77096171875 0.240690625 0.774290625 0.23712343749999998 0.77571796875 0.21429453125000003 0.74147421875 0.21548359375 0.73814453125 0.260190625 0.735290625 0.26280625 0.730059375 0.27659921875000004 0.73219921875 0.29633671875 0.779284375 0.2977640625 0.78356484375 0.29348359375
3 0.75669296875 0.6449578125000001 0.7360046875 0.64329375 0.73433984375 0.6509031249999999 0.7555046875 0.65137890625 0.75669296875 0.6449578125000001
2 0.6437359375 0.5924031249999999 0.64421171875 0.61261640625 0.7433765625000001 0.6266468749999999 0.7519375 0.6245070312500001 0.7569312499999999 0.587171875 0.64991953125 0.5712390625 0.6437359375 0.5924031249999999
3 0.749559375 0.7481648437499999 0.74718125 0.74531171875 0.7276812500000001 0.7445984375 0.7291078125 0.75149453125 0.7476570312499999 0.753159375 0.749559375 0.7481648437499999
2 0.69272421875 0.87134765625 0.71341328125 0.72200703125 0.7250656249999999 0.7236710937499999 0.7276812500000001 0.70892734375 0.72126015625 0.7082140625 0.72007109375 0.7025070312499999 0.7169796875000001 0.7006046875 0.72482734375 0.6397265625 0.68463828125 0.63378125 0.6725109375 0.7324703125 0.65919375 0.8225976562499999 0.652296875 0.8642140625 0.6534859375 0.8654031249999999 0.6689437500000001 0.86849453125 0.69272421875 0.87134765625
1 0.99949140625 0.73912890625 0.97261953125 0.733659375 0.9683390624999999 0.753396875 0.95906484375 0.75292109375 0.9493148437500001 0.8254515625 0.937425 0.8242625 0.9291015625 0.9010734375 1 0.91177421875 0.99949140625 0.73912890625
3 0.98974140625 0.20811171874999998 0.9752351562499999 0.20549609375000003 0.97499765625 0.21215390625000002 0.9890281249999999 0.21310546874999997 0.98974140625 0.20811171874999998
1 0.9997296875 0.162453125 0.9766625 0.160075 0.97190625 0.19978828125 0.9997296875 0.20359296875 0.9997296875 0.162453125
1 1 0.02262421875 0.9833210937500001 0.022861718750000003 0.9821320312499999 0.035703125 0.9997296875 0.037843749999999995 1 0.02262421875
1 1 0.05187421875 0.99164375 0.052587499999999995 0.98855234375 0.064715625 0.9997296875 0.06638046875 1 0.05187421875
1 0.9997296875 0.0682828125 0.9752351562499999 0.064715625 0.9723820312499999 0.07636796875 0.99949140625 0.08136171875 0.9997296875 0.0682828125