1 0.8500500000000001 0.61111796875 0.84809375 0.58604296875 0.8412484375 0.5870203125 0.8366851562500001 0.546965625 0.7861578125 0.55282734375 0.79421015625 0.65680859375 0.84711640625 0.6528015625 0.8425523437500001 0.61339765625 0.8500500000000001 0.61111796875
1 0.66536640625 0.031629687499999996 0.6610265625 0.00078125 0.63475 0.00078125 0.60179375 0.00576328125 0.60100078125 0.0053796875 0.60895546875 0.03981796875 0.66536640625 0.031629687499999996
3 0.5932859374999999 0.020740625 0.589840625 0.02011484375 0.58738828125 0.02248046875 0.5901539062500001 0.0351328125 0.59406875 0.03481953125 0.5932859374999999 0.020740625
2 0.22497421874999998 0.00078125 0.24537734375000003 0.07952109375000001 0.34054140624999996 0.057659375 0.325978125 0.00078125 0.22497421874999998 0.00078125
1 0.2763 0.42047578124999996 0.24038359374999999 0.42338984375 0.24494140625 0.4805796875 0.28049375 0.47766562500000004 0.2763 0.42047578124999996
0 0.19127890625 0.4818546875 0.16228984375 0.49751874999999995 0.17177031250000002 0.51573203125 0.20112421875000003 0.5017078125000001 0.19127890625 0.4818546875
3 0.0688703125 0.1227046875 0.06897421875000001 0.12539765625 0.07093359375 0.12683203125 0.08141796875 0.12301484375 0.07934375 0.11835312499999999 0.0688703125 0.1227046875
3 0.09552031250000001 0.11327734375000001 0.08352421875 0.11890468750000001 0.08535859375 0.12260078125 0.09707578125 0.117628125 0.09552031250000001 0.11327734375000001
3 0.1096234375 0.12570859375000001 0.1078609375 0.12156484375000001 0.09487109375 0.1264171875 0.095209375 0.1296453125 0.09780234374999999 0.130784375 0.1096234375 0.12570859375000001
3 0.088884375 0.13202734375 0.07513046875 0.13880078125 0.0778921875 0.14445859375 0.09241015625 0.13793203125 0.088884375 0.13202734375
3 0.1101421875 0.12809140624999998 0.09735859375 0.13305 0.10070546875 0.13710390625 0.11180078125 0.13264921875 0.1101421875 0.12809140624999998
3 0.096665625 0.1476890625 0.0969765625 0.1418875 0.09345078125 0.14126640625 0.07730624999999999 0.14937109375 0.07696328125 0.154940625 0.08287343750000001 0.15504374999999998 0.096665625 0.1476890625
3 0.11678203125 0.13950546875 0.11667890624999999 0.13473984375 0.11253046874999999 0.1338078125 0.097825 0.1411328125 0.09687265625 0.1469640625 0.10050234375 0.14727421875 0.11678203125 0.13950546875
3 0.14722265625 0.1578 0.14557031250000002 0.15460156249999998 0.134003125 0.15976015625 0.13358984375 0.16130781249999998 0.13451953125 0.16368125 0.14722265625 0.1578
3 0.14825625 0.16223671875 0.14835937500000002 0.15976015625 0.14711953125 0.15852265625 0.134128125 0.163753125 0.13513906250000002 0.16553828125 0.1371015625 0.16626093749999998 0.14825625 0.16223671875
3 0.14691328125 0.16182421875 0.13689453125 0.1665703125 0.1376890625 0.16901640625 0.14009609375 0.16894296875 0.14887578125 0.16584765625 0.14887578125 0.16254609375 0.14691328125 0.16182421875
3 0.13916718749999998 0.169665625 0.14047578125 0.17211328125 0.15300703124999998 0.16883984375 0.152490625 0.1669828125 0.14918515625 0.16533203125 0.13916718749999998 0.169665625
3 0.14040625 0.1723484375 0.140509375 0.17389609374999998 0.141559375 0.17582890625 0.1537296875 0.17162578125 0.1537296875 0.16853046875 0.1514578125 0.169253125 0.14040625 0.1723484375
3 0.1431078125 0.17923515625 0.154453125 0.17492734375000002 0.1537296875 0.17193515625 0.1415421875 0.17585625 0.1431078125 0.17923515625
3 0.12519843749999998 0.172875 0.1374671875 0.16943515625 0.135678125 0.16490703125 0.12434609375000001 0.16848203125 0.12519843749999998 0.172875
3 0.1265390625 0.17591484375 0.13997265625 0.17342734375 0.137765625 0.16913671875 0.12565781250000002 0.17283125 0.1265390625 0.17591484375
3 0.12716484374999998 0.1794015625 0.141284375 0.17628671875 0.13973437500000002 0.17348671875 0.12565781250000002 0.176346875 0.12716484374999998 0.1794015625
3 0.12756640625 0.17950468749999998 0.12822265625 0.18248359375 0.14080781250000002 0.1796234375 0.1422390625 0.17747890625 0.14038984375000002 0.17610859375000001 0.12756640625 0.17950468749999998