1 0.3471984375 0.84711640625 0.38660234375 0.8425523437500001 0.38888203125 0.8500500000000001 0.41395703125 0.84809375 0.4129796875 0.8412484375 0.453034375 0.8366851562500001 0.44717265624999997 0.7861578125 0.34319140625 0.79421015625 0.3471984375 0.84711640625
1 0.9946203125 0.60100078125 0.9601820312499999 0.60895546875 0.9683703124999999 0.66536640625 0.99921875 0.6610265625 0.99921875 0.63475 0.9942367187500001 0.60179375 0.9946203125 0.60100078125
3 0.9648671875 0.5901539062500001 0.9651804687500001 0.59406875 0.979259375 0.5932859374999999 0.97988515625 0.589840625 0.9775195312499999 0.58738828125 0.9648671875 0.5901539062500001
2 0.9423406249999999 0.34054140624999996 0.99921875 0.325978125 0.99921875 0.22497421874999998 0.92047890625 0.24537734375000003 0.9423406249999999 0.34054140624999996
1 0.5194203125 0.24494140625 0.522334375 0.28049375 0.57952421875 0.2763 0.57661015625 0.24038359374999999 0.5194203125 0.24494140625
0 0.48426796875000006 0.17177031250000002 0.4982921875 0.20112421875000003 0.5181453125 0.19127890625 0.50248125 0.16228984375 0.48426796875000006 0.17177031250000002
3 0.87698515625 0.08141796875 0.881646875 0.07934375 0.8772953125 0.0688703125 0.87460234375 0.06897421875000001 0.87316796875 0.07093359375 0.87698515625 0.08141796875
3 0.8773992187499999 0.08535859375 0.8823718749999999 0.09707578125 0.8867226562500001 0.09552031250000001 0.8810953125 0.08352421875 0.8773992187499999 0.08535859375
3 0.8703546875000001 0.095209375 0.869215625 0.09780234374999999 0.87429140625 0.1096234375 0.8784351562499999 0.1078609375 0.8735828124999999 0.09487109375 0.8703546875000001 0.095209375
3 0.8555414062500001 0.0778921875 0.8620679687499999 0.09241015625 0.8679726562500001 0.088884375 0.86119921875 0.07513046875 0.8555414062500001 0.0778921875
3 0.8628960937500001 0.10070546875 0.8673507812500001 0.11180078125 0.87190859375 0.1101421875 0.8669499999999999 0.09735859375 0.8628960937500001 0.10070546875
3 0.845059375 0.07696328125 0.8449562500000001 0.08287343750000001 0.8523109375000001 0.096665625 0.8581125000000001 0.0969765625 0.85873359375 0.09345078125 0.8506289062500001 0.07730624999999999 0.845059375 0.07696328125
3 0.8530359375 0.09687265625 0.85272578125 0.10050234375 0.86049453125 0.11678203125 0.86526015625 0.11667890624999999 0.8661921875 0.11253046874999999 0.8588671874999999 0.097825 0.8530359375 0.09687265625
3 0.8386921875000001 0.13358984375 0.83631875 0.13451953125 0.8422000000000001 0.14722265625 0.8453984374999999 0.14557031250000002 0.84023984375 0.134003125 0.8386921875000001 0.13358984375
3 0.8344617187500001 0.13513906250000002 0.8337390625 0.1371015625 0.83776328125 0.14825625 0.84023984375 0.14835937500000002 0.8414773437499999 0.14711953125 0.836246875 0.134128125 0.8344617187500001 0.13513906250000002
3 0.8341523437499999 0.14887578125 0.83745390625 0.14887578125 0.83817578125 0.14691328125 0.8334296875 0.13689453125 0.8309835937500001 0.1376890625 0.83105703125 0.14009609375 0.8341523437499999 0.14887578125
3 0.8330171875 0.152490625 0.83466796875 0.14918515625 0.830334375 0.13916718749999998 0.82788671875 0.14047578125 0.83116015625 0.15300703124999998 0.8330171875 0.152490625
3 0.83146953125 0.1537296875 0.830746875 0.1514578125 0.8276515625 0.14040625 0.82610390625 0.140509375 0.8241710937500001 0.141559375 0.82837421875 0.1537296875 0.83146953125 0.1537296875
3 0.82806484375 0.1537296875 0.82414375 0.1415421875 0.8207648437499999 0.1431078125 0.82507265625 0.154453125 0.82806484375 0.1537296875
3 0.83509296875 0.135678125 0.8315179687500001 0.12434609375000001 0.827125 0.12519843749999998 0.8305648437500001 0.1374671875 0.83509296875 0.135678125
3 0.8308632812500001 0.137765625 0.82716875 0.12565781250000002 0.82408515625 0.1265390625 0.82657265625 0.13997265625 0.8308632812500001 0.137765625
3 0.8265132812499999 0.13973437500000002 0.8236531250000001 0.12565781250000002 0.8205984374999999 0.12716484374999998 0.8237132812500001 0.141284375 0.8265132812499999 0.13973437500000002
3 0.82252109375 0.1422390625 0.8238914062499999 0.14038984375000002 0.8204953125 0.12756640625 0.81751640625 0.12822265625 0.8203765625000001 0.14080781250000002 0.82252109375 0.1422390625