2 0.30377187499999997 0.8798546875 0.30076015625 0.8712046875 0.29436015625 0.872896875 0.28846171875 0.8465695312499999 0.1928328125 0.87195703125 0.22442734375 0.9990593750000001 0.32542031250000003 1 0.29718359375 0.88267578125 0.30377187499999997 0.8798546875
3 0.2197015625 0.8545304687499999 0.23799375 0.84899609375 0.238725 0.8466984375 0.23736640625 0.84419296875 0.23496250000000002 0.8427304687499999 0.21659062499999998 0.84780703125 0.21593828125 0.8512929687499999 0.21698359374999998 0.8534859375 0.2197015625 0.8545304687499999
4 0.7411296875 0.75721640625 0.7368812499999999 0.73997265625 0.6696484375 0.7576906250000001 0.6750109375 0.77190703125 0.7411296875 0.75721640625
3 0.72996171875 0.71300546875 0.71821796875 0.7151265625 0.7170804687500001 0.72018203125 0.7300859375 0.71746015625 0.72996171875 0.71300546875
1 0.6134921875 0.7335453125 0.57794453125 0.74010390625 0.5768296875 0.73515390625 0.570884375 0.73428828125 0.57063671875 0.7412171875 0.56244375 0.74223359375 0.5691507812500001 0.7772234375 0.61918984375 0.7680671875 0.6134921875 0.7335453125
3 0.57925859375 0.5565875 0.57521484375 0.555353125 0.56350625 0.559590625 0.5626328125 0.56578984375 0.5795953125 0.5610765625 0.57925859375 0.5565875
1 0.5418499999999999 0.51618671875 0.53398671875 0.51865546875 0.53724453125 0.532571875 0.54600625 0.5293171875 0.55272890625 0.5525179687499999 0.5873468749999999 0.54368203125 0.57072109375 0.48633515625 0.5364578125 0.49531328124999996 0.5418499999999999 0.51618671875
1 0.2738421875 0.43257578125 0.249546875 0.43781406250000005 0.25814921874999996 0.47249687500000004 0.2822359375 0.467028125 0.2738421875 0.43257578125
1 0.614825 0.38780468749999997 0.62431328125 0.3850703125 0.6277804687499999 0.39546015625000003 0.66026015625 0.38579921875 0.6546031250000001 0.36246640625 0.6613546875 0.360096875 0.658253125 0.35007109375 0.65223125 0.3520765625 0.6473046874999999 0.3364 0.61415625 0.34290078125 0.6188390625 0.36155546875 0.60989765625 0.36374296875 0.614825 0.38780468749999997
3 0.60507109375 0.37965781249999997 0.60053828125 0.3817890625 0.60387109375 0.39191171874999997 0.6092046875 0.38924765625 0.60507109375 0.37965781249999997
3 0.6020046875 0.3274453125 0.60493828125 0.32518125000000003 0.60253828125 0.321984375 0.59285859375 0.32299921875000004 0.59013828125 0.32611328125 0.59293828125 0.32917734374999996 0.6020046875 0.3274453125
3 0.41267578125000004 0.34063203125 0.40758593750000005 0.3423859375 0.41147578124999995 0.3524859375 0.4165421875 0.35048828125 0.41267578125000004 0.34063203125
1 0.45178593749999996 0.32171796874999997 0.42591953125000004 0.33064218749999996 0.4297859375 0.34009921875 0.41725312499999995 0.3464921875 0.4213765625 0.36357109374999996 0.436453125 0.35874609375 0.43751953125 0.3616765625 0.46311875 0.35261953125 0.45178593749999996 0.32171796874999997
0 0.56587734375 0.4101390625 0.56004140625 0.37940703125 0.5403085937500001 0.38366953125 0.54417578125 0.4144375 0.56587734375 0.4101390625
1 0.6121703125 0.25801640625 0.5149125 0.2792296875 0.526928125 0.33207265625 0.62501484375 0.30889687499999996 0.6121703125 0.25801640625
3 0.35308828124999997 0.12757109375 0.34851484374999997 0.12968671874999999 0.35164296875 0.1410015625 0.35699140625000003 0.13941328125000002 0.35308828124999997 0.12757109375
2 0.29762656249999997 0.15356562499999998 0.28027890625 0.15760859375 0.30128828125 0.23429140624999997 0.3182015625 0.22923671875 0.31473203125000004 0.21176328125000002 0.37621796875 0.1966 0.38214453125 0.22346015624999999 0.41365859374999997 0.21551796875 0.40614140625 0.18750234375 0.42001875 0.1846140625 0.4096109375 0.138690625 0.41336953125000003 0.13666953125 0.40859843749999997 0.12381640625000001 0.40614140625 0.12569375 0.399925 0.10013281249999999 0.3591328125 0.11213515624999999 0.37168828125000003 0.15443203125 0.3047578125 0.17609375 0.29762656249999997 0.15356562499999998