2 0.28846171875 0.15343046875 0.29436015625 0.127103125 0.30076015625 0.1287953125 0.30377187499999997 0.1201453125 0.29718359375 0.11732421875000001 0.32542031250000003 0 0.22442734375 0.000940625 0.1928328125 0.12804296875 0.28846171875 0.15343046875
3 0.23736640625 0.15580703125 0.238725 0.1533015625 0.23799375 0.15100390625 0.2197015625 0.14546953125 0.21698359374999998 0.14651406250000001 0.21593828125 0.14870703125 0.21659062499999998 0.15219296875 0.23496250000000002 0.15726953125 0.23736640625 0.15580703125
4 0.6750109375 0.22809296875 0.6696484375 0.242309375 0.7368812499999999 0.26002734375 0.7411296875 0.24278359374999997 0.6750109375 0.22809296875
3 0.7300859375 0.28253984375 0.7170804687500001 0.27981796875 0.71821796875 0.2848734375 0.72996171875 0.28699453125 0.7300859375 0.28253984375
1 0.570884375 0.26571171875 0.5768296875 0.26484609375 0.57794453125 0.25989609375 0.6134921875 0.2664546875 0.61918984375 0.23193281250000003 0.5691507812500001 0.2227765625 0.56244375 0.25776640624999997 0.57063671875 0.2587828125 0.570884375 0.26571171875
3 0.57925859375 0.4434125 0.5795953125 0.4389234375 0.5626328125 0.43421015625 0.56350625 0.44040937500000005 0.57521484375 0.444646875 0.57925859375 0.4434125
1 0.54600625 0.47068281250000005 0.53724453125 0.46742812499999997 0.53398671875 0.48134453125 0.5418499999999999 0.48381328124999995 0.5364578125 0.50468671875 0.57072109375 0.51366484375 0.5873468749999999 0.45631796874999997 0.55272890625 0.44748203125 0.54600625 0.47068281250000005
1 0.2822359375 0.532971875 0.25814921874999996 0.527503125 0.249546875 0.5621859375 0.2738421875 0.56742421875 0.2822359375 0.532971875
1 0.65223125 0.6479234375 0.658253125 0.64992890625 0.6613546875 0.639903125 0.6546031250000001 0.63753359375 0.66026015625 0.61420078125 0.6277804687499999 0.60453984375 0.62431328125 0.6149296875 0.614825 0.6121953125 0.60989765625 0.63625703125 0.6188390625 0.63844453125 0.61415625 0.65709921875 0.6473046874999999 0.6636 0.65223125 0.6479234375
3 0.6092046875 0.61075234375 0.60387109375 0.6080882812499999 0.60053828125 0.6182109375 0.60507109375 0.6203421875 0.6092046875 0.61075234375
3 0.60493828125 0.67481875 0.6020046875 0.6725546875 0.59293828125 0.67082265625 0.59013828125 0.6738867187500001 0.59285859375 0.6770007812500001 0.60253828125 0.678015625 0.60493828125 0.67481875
3 0.4165421875 0.64951171875 0.41147578124999995 0.6475140625 0.40758593750000005 0.6576140625 0.41267578125000004 0.65936796875 0.4165421875 0.64951171875
1 0.41725312499999995 0.6535078125 0.4297859375 0.65990078125 0.42591953125000004 0.6693578125 0.45178593749999996 0.67828203125 0.46311875 0.64738046875 0.43751953125 0.6383234375 0.436453125 0.64125390625 0.4213765625 0.63642890625 0.41725312499999995 0.6535078125
0 0.54417578125 0.5855625 0.5403085937500001 0.61633046875 0.56004140625 0.62059296875 0.56587734375 0.5898609375 0.54417578125 0.5855625
1 0.62501484375 0.6911031249999999 0.526928125 0.66792734375 0.5149125 0.7207703125 0.6121703125 0.74198359375 0.62501484375 0.6911031249999999
3 0.35699140625000003 0.8605867187499999 0.35164296875 0.8589984375 0.34851484374999997 0.87031328125 0.35308828124999997 0.87242890625 0.35699140625000003 0.8605867187499999
2 0.40614140625 0.8743062500000001 0.40859843749999997 0.8761835937500001 0.41336953125000003 0.8633304687500001 0.4096109375 0.861309375 0.42001875 0.8153859375 0.40614140625 0.81249765625 0.41365859374999997 0.7844820312499999 0.38214453125 0.77653984375 0.37621796875 0.8034000000000001 0.31473203125000004 0.78823671875 0.3182015625 0.77076328125 0.30128828125 0.76570859375 0.28027890625 0.84239140625 0.29762656249999997 0.846434375 0.3047578125 0.82390625 0.37168828125000003 0.84556796875 0.3591328125 0.8878648437500001 0.399925 0.8998671874999999 0.40614140625 0.8743062500000001