3 0.7154625 0.36290078124999997 0.7159500000000001 0.36826484375 0.7336875 0.37135390625000003 0.73501328125 0.36448749999999996 0.717740625 0.3607875 0.7154625 0.36290078124999997
2 0.7318976562499999 0.20684375 0.6848156249999999 0.1949765625 0.676190625 0.2406421875 0.6599179687500001 0.23836640625 0.63599765625 0.3318515625 0.69929765625 0.34729453125 0.7318976562499999 0.20684375
1 0.7039328125 0.0236828125 0.71239453125 0.024821093750000002 0.71564921875 0.0074265625 0.6984 0.00011171874999999999 0.6500703125 0 0.6453515624999999 0.01913125 0.64714140625 0.01994375 0.64616484375 0.02238203125 0.6935453125000001 0.034209375 0.7014921875 0.0350625 0.7039328125 0.0236828125
2 0.5982695312499999 0.094559375 0.6033140625 0.09537265624999999 0.59615390625 0.10918984375 0.59599140625 0.12821015625 0.662871875 0.144140625 0.6716585937499999 0.110328125 0.64253046875 0.102525 0.65134609375 0.06518828125000001 0.6085210937500001 0.054569531250000004 0.5982695312499999 0.094559375
2 0.8591203125 0.01896875 0.84528828125 0.077815625 0.8794609375 0.08870703125 0.8967375000000001 0.029818749999999998 0.8776710937500001 0.02205703125 0.8591203125 0.01896875
1 0.891496875 0.805121875 0.9315539062499999 0.8162734374999999 0.9397625 0.779209375 0.901346875 0.76936953125 0.891496875 0.805121875
3 0.8797328125 0.7030484375 0.8786234374999999 0.715346875 0.88373671875 0.71433046875 0.8852781249999999 0.7043781250000001 0.8797328125 0.7030484375
1 0.83426171875 0.7032703125 0.8655367187499999 0.70847734375 0.867421875 0.7006109375 0.8808421875000001 0.7024945312499999 0.8847343750000001 0.6641234375 0.8432445312500001 0.65873125 0.83426171875 0.7032703125
0 0.8063132812499999 0.715346875 0.77337421875 0.70659375 0.7658328125 0.73949921875 0.79994765625 0.7467484375 0.8063132812499999 0.715346875
1 0.55930859375 0.8934796875 0.55173515625 0.9270546875000001 0.60642734375 0.938859375 0.61256171875 0.903646875 0.55930859375 0.8934796875
0 0.5117359375 0.94455078125 0.51836328125 0.913340625 0.49587890625000003 0.9067203125000001 0.48783125 0.9400585937500001 0.510990625 0.944890625 0.5117359375 0.94455078125
3 0.67618984375 0.73414765625 0.68328046875 0.7367390625 0.68727421875 0.72460390625 0.68051328125 0.7224 0.67618984375 0.73414765625
1 0.66443046875 0.6911296874999999 0.6571671875 0.6885382812499999 0.6550914062500001 0.69769453125 0.6348578125000001 0.6935484375 0.631571875 0.70650546875 0.62327109375 0.70529609375 0.6182554687499999 0.72965546875 0.6262109375 0.7319015624999999 0.62448125 0.7465867187499999 0.66005390625 0.75415703125 0.67255859375 0.6935484375 0.66443046875 0.6911296874999999
1 0.55738046875 0.6947578125 0.53697421875 0.68888359375 0.53853046875 0.6814546874999999 0.5241765625 0.67799921875 0.52106328125 0.6838734375 0.50117578125 0.67920859375 0.488378125 0.72101796875 0.5454718749999999 0.7378250000000001 0.55738046875 0.6947578125
4 0.621471875 0.68248046875 0.6308109375 0.68852734375 0.656425 0.64838828125 0.64723984375 0.6429171874999999 0.621471875 0.68248046875
2 0.26669140625 0.65232421875 0.33813671875 0.669653125 0.3728296875 0.5283765625 0.30079687499999996 0.50928515625 0.26669140625 0.65232421875
1 0.17065234375 0.5716265625 0.17691642109375 0.5346161953124999 0.12584375 0.5264968750000001 0.1201515625 0.56428828125 0.17065234375 0.5716265625
3 0.19171796875 0.54964375 0.189303125 0.5511515625000001 0.1867375 0.5632140625 0.19354140625 0.5646046874999999 0.1960953125 0.5520562499999999 0.19171796875 0.54964375
2 0.39577734375 0.35003046875 0.40000703125000003 0.3328265625 0.35911875000000004 0.32407421875 0.35791015625 0.3213578125 0.2102703125 0.2851390625 0.18126640624999998 0.4058671875 0.3313234375 0.4423875 0.3388765625 0.4125078125 0.3440125 0.414921875 0.34763828124999996 0.4022453125 0.36606796875000003 0.407678125 0.37120390625 0.38262734374999996 0.43173046875 0.3965109375 0.43958593749999997 0.36270703125 0.39577734375 0.35003046875
2 0.45892890625 0.14215859375 0.45923125000000004 0.13763125 0.37856328125 0.11650390625 0.3640609375 0.18622421875 0.44687031250000003 0.21317890625000002 0.46376328125 0.143365625 0.45892890625 0.14215859375
3 0.3512546875 0.10853359375 0.33502578125000004 0.09364140625 0.33068515625 0.09722265625 0.34561875 0.11196484375 0.3512546875 0.10853359375
0 0.28652734375 0.07837109375 0.279734375 0.10344374999999999 0.3105421875 0.11168203125000001 0.316909375 0.08760859374999999 0.28652734375 0.07837109375
0 0.2326828125 0.05933125 0.22588984375 0.09081328125 0.2658953125 0.09967343749999999 0.27231171875000004 0.06932265625 0.2326828125 0.05933125
1 0.410346875 0.02393828125 0.41690546875 0 0.3780875 0.000134375 0.3750046875 0.015020312499999999 0.410346875 0.02393828125