3 0.63709921875 0.2845375 0.6392125 0.282259375 0.6355125 0.26498671875 0.62864609375 0.2663125 0.63173515625 0.28405 0.63709921875 0.2845375
2 0.8050234375 0.31518437499999996 0.79315625 0.26810234374999997 0.65270546875 0.30070234375 0.6681484375 0.36400234375 0.76163359375 0.34008203125 0.7593578125 0.323809375 0.8050234375 0.31518437499999996
1 0.98086875 0.35464843749999997 1 0.34992968750000003 0.99988828125 0.3016 0.9925734374999999 0.28435078125 0.97517890625 0.28760546875 0.9763171875 0.2960671875 0.9649374999999999 0.29850781249999997 0.965790625 0.3064546875 0.9776179687500001 0.35383515625 0.98005625 0.35285859375 0.98086875 0.35464843749999997
2 0.855859375 0.337128125 0.87178984375 0.40400859375 0.89081015625 0.40384609375 0.90462734375 0.3966859375 0.905440625 0.40173046875 0.94543046875 0.39147890625000004 0.93481171875 0.34865390625 0.897475 0.35746953124999997 0.889671875 0.32834140624999997 0.855859375 0.337128125
2 0.98103125 0.1408796875 0.9779429687500001 0.12232890625 0.9701812500000001 0.1032625 0.91129296875 0.12053906249999999 0.922184375 0.15471171875 0.98103125 0.1408796875
1 0.23063046874999998 0.098653125 0.22079062500000002 0.0602375 0.1837265625 0.06844609375 0.19487812499999999 0.10850312499999999 0.23063046874999998 0.098653125
3 0.29562187500000003 0.114721875 0.28566953125 0.11626328125 0.284653125 0.1213765625 0.2969515625 0.12026718750000001 0.29562187500000003 0.114721875
1 0.29152265625 0.13446328125 0.2967296875 0.16573828125 0.34126875 0.15675546875 0.33587656250000003 0.115265625 0.29750546875 0.11915781249999999 0.2993890625 0.132578125 0.29152265625 0.13446328125
0 0.25325156249999997 0.20005234375 0.26050078125 0.23416718749999998 0.29340625 0.22662578125000002 0.284653125 0.19368671875000001 0.25325156249999997 0.20005234375
1 0.096353125 0.38743828125 0.061140625000000004 0.39357265625000004 0.0729453125 0.44826484375 0.1065203125 0.44069140625000003 0.096353125 0.38743828125
0 0.055449218749999994 0.4882640625 0.055109375 0.489009375 0.059941406249999996 0.5121687500000001 0.0932796875 0.50412109375 0.08665937500000001 0.48163671875 0.055449218749999994 0.4882640625
3 0.27759999999999996 0.31948671875 0.27539609375 0.31272578125 0.2632609375 0.31671953125 0.26585234375 0.32381015625 0.27759999999999996 0.31948671875
1 0.27034453125 0.38174453124999996 0.29470390625 0.37672890625 0.29349453125 0.368428125 0.3064515625 0.3651421875 0.30230546875000003 0.34490859375 0.31146171875 0.34283281250000003 0.30887031249999997 0.33556953125 0.3064515625 0.32744140625 0.24584296874999997 0.33994609374999996 0.25341328125 0.37551875 0.2680984375 0.3737890625 0.27034453125 0.38174453124999996
1 0.32200078125 0.4758234375 0.3185453125 0.46146953125 0.31111640625 0.46302578125 0.3052421875 0.44261953125 0.262175 0.45452812500000006 0.27898203125 0.511621875 0.32079140625 0.49882421875 0.3161265625 0.47893671875 0.32200078125 0.4758234375
4 0.35708281249999996 0.35276015625 0.35161171874999997 0.343575 0.31147265625 0.3691890625 0.31751953125 0.378528125 0.35708281249999996 0.35276015625
2 0.49071484375 0.699203125 0.4716234375 0.6271703125 0.330346875 0.6618632812499999 0.34767578125 0.73330859375 0.49071484375 0.699203125
1 0.43571171875000003 0.8798484375 0.47350312499999997 0.8741562500000001 0.4653838046875 0.82308357890625 0.4283734375 0.8293476562500001 0.43571171875000003 0.8798484375
3 0.45035625 0.8082820312500001 0.44794375000000003 0.8039046875 0.4353953125 0.8064585937500001 0.4367859375 0.8132625000000001 0.4488484375 0.810696875 0.45035625 0.8082820312500001
2 0.5977546874999999 0.65236171875 0.585078125 0.6559875 0.5874921875 0.6611234375 0.5576125000000001 0.6686765625 0.5941328125 0.81873359375 0.7148609375 0.7897296875 0.6786421875 0.64208984375 0.6759257812499999 0.64088125 0.6671734375 0.59999296875 0.64996953125 0.6042226562499999 0.63729296875 0.5604140625 0.6034890625 0.56826953125 0.6173726562499999 0.62879609375 0.592321875 0.63393203125 0.5977546874999999 0.65236171875
2 0.8623687500000001 0.54076875 0.85784140625 0.5410710937500001 0.856634375 0.53623671875 0.78682109375 0.5531296875 0.81377578125 0.6359390625 0.88349609375 0.62143671875 0.8623687500000001 0.54076875
3 0.88803515625 0.6543812499999999 0.9027773437500001 0.6693148437499999 0.9063585937499999 0.6649742187500001 0.89146640625 0.6487453125 0.88803515625 0.6543812499999999
0 0.91239140625 0.683090625 0.88831796875 0.6894578124999999 0.89655625 0.720265625 0.9216289062499999 0.71347265625 0.91239140625 0.683090625
0 0.93067734375 0.7276882812500001 0.9003265624999999 0.7341046875 0.90918671875 0.77411015625 0.94066875 0.7673171875 0.93067734375 0.7276882812500001
1 0.9849796874999999 0.6249953125000001 0.999865625 0.6219125 1 0.58309453125 0.9760617187499999 0.589653125 0.9849796874999999 0.6249953125000001