1 0.160240625 1 0.180125 0.9438742187500001 0.14352890625 0.9318039062500001 0.12453203125000001 0.9995765625 0.160240625 1
1 0.1414140625 0.8684203125 0.13358671875 0.90526484375 0.18139375 0.9175460937500001 0.19091328125 0.8843015624999999 0.14103749999999998 0.8681671874999999 0.1414140625 0.8684203125
4 0.1399328125 0.8247289062500001 0.15706718749999998 0.8285406249999999 0.15664453125 0.8262109375 0.1775859375 0.8310812500000001 0.18118203125000001 0.8196468749999999 0.15220234375 0.8122359375 0.15220234375 0.8105421875 0.14310625 0.8084242187499999 0.14268281249999998 0.8105421875 0.13929843749999998 0.8103304687499999 0.13786328125 0.8202375 0.14056796875 0.821553125 0.1399328125 0.8247289062500001
0 0.19831640625 0.7463109375 0.1653171875 0.7384765625 0.153734375 0.7859570312499999 0.186259375 0.7945898437500001 0.19831640625 0.7463109375
1 0.14289453125 0.7223124999999999 0.19239375 0.7360765625 0.19493203125 0.7348054687500001 0.2129125 0.74009921875 0.20889375000000002 0.7483578125 0.227296875 0.7528046875000001 0.24062343749999998 0.6937265625 0.20656640624999997 0.68504453125 0.20804765625 0.67763359375 0.1359140625 0.65772890625 0.115009375 0.739296875 0.1365484375 0.74518125 0.14289453125 0.7223124999999999
1 0.000390625 0.690925 0.011178906249999999 0.6534453124999999 0.00010546875000000001 0.6488343750000001 0.000390625 0.690925
1 0.38729296875 0.9126148437499999 0.33971328125 0.9001695312500001 0.3316203125 0.9349437500000001 0.3810765625 0.946121875 0.38729296875 0.9126148437499999
1 0.07315390625 0.3969859375 0 0.37879609375 0.00094765625 0.42235546875 0.06311171875 0.43743359374999996 0.07315390625 0.3969859375
1 0.04948359375 0.24269296875 0.10543203125 0.25848984375 0.11451718749999999 0.24460781250000002 0.11666875000000002 0.22593984374999998 0.05823984375 0.21131015625 0.04948359375 0.24269296875
0 0.0207921875 0.10268124999999999 0.0296390625 0.06989140625 0.009315625 0.06558359375 0.000478125 0.0982984375 0.0207921875 0.10268124999999999
1 0.16568359375 0.0919109375 0.09419453125 0.07372109375 0.0862234375 0.10583281250000001 0.15731484375 0.123503125 0.16568359375 0.0919109375
1 0.341825 0.56593359375 0.26937968749999996 0.542 0.2593375 0.5779 0.329153125 0.60183359375 0.33847734375 0.5824476562500001 0.341825 0.56593359375
3 0.34069453125 0.5402375 0.32978671875 0.5378875 0.32840625 0.54410703125 0.3386 0.5466234375 0.34069453125 0.5402375
1 0.26366796875 0.30561640625000003 0.25863593749999997 0.30348515625 0.25495859374999996 0.31452890624999996 0.25999062500000003 0.31607890625 0.2588296875 0.32363515625 0.26560390625 0.32518515625 0.2619265625 0.34204140625 0.28418515625 0.34727265625000003 0.29599140625000003 0.29689765625 0.267584375 0.29037890625 0.26366796875 0.30561640625000003
3 0.3014109375 0.31607890625 0.29850781249999997 0.32053515625 0.29599140625000003 0.33080390625 0.30185546875 0.3304578125 0.30547578125 0.31801640625 0.3014109375 0.31607890625
3 0.39996015625000003 0.41305078125000005 0.40143125 0.40068281250000004 0.39746015625000003 0.39950546875000004 0.39336875 0.412853125 0.396725 0.41599531250000005 0.39996015625000003 0.41305078125000005
4 0.48335703125 0.39980000000000004 0.48438671875 0.39022968750000003 0.4717375 0.3865484375 0.47541484375 0.37550625000000004 0.45482265625 0.3696171875 0.45055781250000004 0.38095390625 0.40643203124999994 0.3697640625 0.40065156249999995 0.38725156250000003 0.4793859375 0.40819218749999997 0.48335703125 0.39980000000000004
1 0.41996093749999996 0.00078125 0.41643046874999995 0.01179296875 0.4684078125 0.022427343750000002 0.47320546874999997 0.0010453125 0.41996093749999996 0.00078125
4 0.4081796875 0.15783125 0.3158109375 0.13324296875 0.3123703125 0.15286328124999998 0.40244375000000004 0.1763828125 0.4081796875 0.15783125
3 0.37332109375 0.18173203124999998 0.36140703125 0.17893515625 0.36114531250000004 0.1837625 0.37126171874999997 0.1871796875 0.37332109375 0.18173203124999998
1 0.5815828125 0.088078125 0.49906875 0.0732078125 0.49303828125000004 0.10692421875 0.572359375 0.1232890625 0.5793765625 0.10559921875 0.5815828125 0.088078125
1 0.8904992187499999 0.024065625 0.85078671875 0.02377109375 0.8425015625000001 0.06105078125 0.8809390625000001 0.06705781250000001 0.8904992187499999 0.024065625
3 0.7263671875 0.60569609375 0.71680703125 0.60304609375 0.714453125 0.6074625 0.72508671875 0.6117078125 0.727103125 0.6084937499999999 0.7263671875 0.60569609375
1 0.67091640625 0.6262109375 0.6660625 0.658896875 0.68047734375 0.66125234375 0.6800359375 0.6656695312500001 0.70033359375 0.66935 0.69695078125 0.6914351562500001 0.73038359375 0.6957960937500001 0.738428125 0.6357804687499999 0.67091640625 0.6262109375
1 0.8077390624999999 0.65498359375 0.7995023437500001 0.6895828125000001 0.8429429687500001 0.69910625 0.8514226562499999 0.66587890625 0.8077390624999999 0.65498359375
1 0.83700859375 0.4338375 0.8009726562499999 0.42485625000000005 0.7881765625 0.47462109375 0.78842890625 0.47420937500000004 0.82465390625 0.48360234375 0.83700859375 0.4338375
3 0.8199828124999999 0.41133046875 0.80815234375 0.4082 0.80669140625 0.41531874999999996 0.8188953124999999 0.41800078125000006 0.8199828124999999 0.41133046875
3 0.8452765624999999 0.27334375 0.844053125 0.27933359375 0.8561554687499999 0.28123906249999997 0.8571078125 0.27484140625000003 0.8452765624999999 0.27334375
1 0.8525031249999999 0.1831875 0.8386320312500001 0.24948046875 0.87194921875 0.25519765625 0.8847320312500001 0.19407734375000002 0.8525031249999999 0.1831875
0 0.9055382812499999 0.144709375 0.8714054687499999 0.13885546875000002 0.8662750000000001 0.1698421875 0.8984671875 0.17533749999999998 0.9055382812499999 0.144709375
0 0.99873125 0.5082093750000001 0.996146875 0.50793671875 0.9912515624999999 0.5215492187499999 0.9962570312500001 0.52367109375 0.99921875 0.51133984375 0.99873125 0.5082093750000001
1 0.99921875 0.74211953125 0.9991390625 0.6931140625000001 0.97751640625 0.7068625 0.98010078125 0.714621875 0.9677257812500001 0.722653125 0.98299375 0.74955859375 0.99921875 0.74211953125