1 0.06267265625 0.515625 0.01397421875 0.50211640625 0.0047929687499999995 0.5394523437500001 0.05563125 0.55125625 0.06267265625 0.515625
1 0.15948281250000002 0.31443359375 0.16671875 0.29524765625 0.16847890625 0.27704062500000004 0.117825 0.26646875 0.1095609375 0.30379765625 0.15948281250000002 0.31443359375
4 0.0286421875 0.23886484375 0.0092796875 0.24238828125 0.0191734375 0.3126015625 0.0370515625 0.3107140625 0.0286421875 0.23886484375
3 0.006859374999999999 0.27110625 0.0012953125 0.2737171875 0.004 0.28481015625 0.0084234375 0.28346328125000003 0.006859374999999999 0.27110625
1 0.20437109375 0.08812890625 0.1829859375 0.0820375 0.186115625 0.06915859375 0.16890234375 0.0653296875 0.1647296875 0.07768671875 0.15290703125 0.07472734375 0.1450828125 0.11110234375000001 0.1923640625 0.12357890625000001 0.20106796875000002 0.10466328124999999 0.20437109375 0.08812890625
3 0.15904921875 0.14632343750000001 0.17035078125 0.14910859375000002 0.17052499999999998 0.14458359375000002 0.16131796874999998 0.14131953125000002 0.15904921875 0.14632343750000001
1 0.31083515625 0.60243359375 0.323875 0.60556640625 0.33187265625 0.5798078125 0.31848515625 0.57476015625 0.31848515625 0.57162734375 0.287884375 0.56414375 0.2795015625 0.5963140625000001 0.30996562499999997 0.6041734375 0.31083515625 0.60243359375
4 0.29953359375 0.5611273437500001 0.31744218750000003 0.56843671875 0.32144062500000004 0.5592125 0.3042859375 0.5519624999999999 0.29953359375 0.5611273437500001
1 0.30648828125 0.63086015625 0.27171484375 0.62181015625 0.25836953125 0.67197265625 0.29466562500000004 0.6808109375 0.30648828125 0.63086015625
3 0.347346875 0.66323203125 0.34456484375 0.661665625 0.34178281250000003 0.66271015625 0.34021875 0.6755890625000001 0.3408109375 0.6753640625 0.3449125 0.6755890625000001 0.347346875 0.66323203125
4 0.222684375 0.78923984375 0.21572968750000002 0.80803671875 0.28132812500000004 0.82981171875 0.28631953125 0.81534609375 0.222684375 0.78923984375
0 0.48180703124999996 0.5553015625 0.44877265624999996 0.5459031249999999 0.445428125 0.56631171875 0.47606953125 0.57253125 0.48180703124999996 0.5553015625
3 0.41904140625 0.437821875 0.4060015625 0.43538515625 0.4047296875 0.44317109375 0.41712890625 0.44495781250000005 0.41904140625 0.437821875
1 0.46668125 0.430628125 0.47728671875 0.43306484375 0.48667578125000005 0.38798750000000004 0.42530078125 0.377196875 0.42147578125 0.40173671874999994 0.43329843749999997 0.403303125 0.4295140625 0.4290828125 0.46581171875000005 0.435675 0.46668125 0.430628125
3 0.507365625 0.274859375 0.49762890625 0.2722484375 0.49682421874999994 0.2782875 0.5070179687499999 0.2797328125 0.507365625 0.274859375
1 0.5324023437500001 0.2712046875 0.54109609375 0.25432265625 0.54318203125 0.23378515625000001 0.4889359375 0.22978203125 0.4821546875 0.26180625 0.5324023437500001 0.2712046875
1 0.37835703125000003 0.16840312500000001 0.42078046875 0.18319687499999998 0.43295078125 0.1572640625 0.38931015625 0.14003359375 0.37835703125000003 0.16840312500000001
0 0.5521874999999999 0.43510078124999996 0.5149796875 0.42726875 0.5054171875 0.47391249999999996 0.5414078124999999 0.48087421875 0.5521874999999999 0.43510078124999996
0 0.6036515625 0.4485015625 0.5516656249999999 0.4377109375 0.545928125 0.47356406250000005 0.5958281249999999 0.48365859375 0.6036515625 0.4485015625
1 0.75687734375 0.6387968749999999 0.70958515625 0.6283546875 0.69797109375 0.6839734375 0.74801015625 0.69188046875 0.75687734375 0.6387968749999999
0 0.71132421875 0.5799125 0.6414296875 0.5677296875 0.63535703125 0.5989234375 0.70436953125 0.6114140625 0.71132421875 0.5799125
0 0.82514921875 0.04256875 0.8211507812500001 0.040653906249999996 0.8242804687499999 0.028818749999999997 0.7945492187500001 0.023771875 0.78693515625 0.05548671875 0.81923828125 0.061191406250000004 0.82514921875 0.04256875