1 0.294215625 0.24452812499999999 0.32492578125 0.2210203125 0.3002375 0.1857578125 0.26398984375 0.21059062499999998 0.294215625 0.24452812499999999
3 0.28486015625 0.1752953125 0.27547968749999996 0.1811140625 0.2784171875 0.1858953125 0.28829531249999996 0.18005625 0.28486015625 0.1752953125
3 0.34031953125 0.5096640625 0.34031953125 0.5065171875 0.328484375 0.50318515625 0.32501953125 0.509603125 0.33662109375 0.51225546875 0.34031953125 0.5096640625
1 0.36029062500000003 0.45320625000000003 0.32182734375 0.44432109375 0.3094375 0.484859375 0.35141484375 0.49429999999999996 0.36029062500000003 0.45320625000000003
1 0.39313671875 0.6797093750000001 0.36243984375 0.70432890625 0.38777343750000004 0.73912890625 0.42031953125 0.7143242187500001 0.39313671875 0.6797093750000001
3 0.40016328124999995 0.6669367187499999 0.3960953125 0.6793390625 0.40049375 0.6805296875 0.40423125000000004 0.6674921875 0.40016328124999995 0.6669367187499999
3 0.3761234375 0.6671218750000001 0.3644734375 0.67397109375 0.36580859375 0.67914296875 0.37815781249999997 0.6711945312500001 0.3761234375 0.6671218750000001
1 0.45471484375 1 0.45342031250000003 0.964159375 0.41366250000000004 0.9658257812500001 0.41532656250000005 1 0.45471484375 1
1 0.6577640625 0.7962734375 0.645559375 0.83496171875 0.68463125 0.8481265625000001 0.69567265625 0.8101570312499999 0.6577640625 0.7962734375
3 0.6577640625 0.78849921875 0.67089296875 0.7920164062499999 0.67181796875 0.788684375 0.6599359375 0.78486171875 0.6577640625 0.78849921875
1 0.64907265625 0.5732796875 0.62336875 0.53958984375 0.58860390625 0.56328359375 0.61720390625 0.59645390625 0.6376078125 0.585496875 0.64907265625 0.5732796875
3 0.62891640625 0.5927156250000001 0.6183757812499999 0.6004906250000001 0.6235859375 0.6047781249999999 0.63261484375 0.596603125 0.62891640625 0.5927156250000001
1 0.5880492187499999 0.3201125 0.546071875 0.3267765625 0.55504921875 0.36836718749999997 0.5941515625 0.3630578125 0.5880492187499999 0.3201125
3 0.54736640625 0.31937187499999997 0.5571671874999999 0.316225 0.55679765625 0.31159765625 0.5462570312499999 0.3134484375 0.54478203125 0.3159234375 0.54736640625 0.31937187499999997