1 0 0.15657265625 0.0102640625 0.156059375 0.0092375 0.07369296875 0 0.07420546875 0 0.15657265625
4 0.0313046875 0.07754140625 0.026428906250000002 0.14861796875 0.04233828125 0.1501578125 0.04721328125 0.077028125 0.0313046875 0.07754140625
4 0.11315859375 0.09832578125 0.10289453125 0.16760625 0.11880312500000001 0.17017265625 0.12983671875 0.09960859375 0.11315859375 0.09832578125
1 0.0826234375 0 0.0826234375 0.0092875 0.10725703125 0.0105703125 0.109309375 0.00543828125 0.1113625 0.0013328125 0.109309375 0 0.0826234375 0
1 0.34329609375 0.04111015625 0.35109140625 0.00018203125 0.32464140625 0 0.31907265625000003 0.0386046875 0.34329609375 0.04111015625
0 0.201578125 0.21373281249999998 0.22719296875 0.21735234375 0.22969921875 0.20064687499999997 0.2054765625 0.19730625 0.201578125 0.21373281249999998
1 0.349978125 0.23210859374999998 0.34775078125 0.27248046875 0.37615 0.2722015625 0.38004765625000003 0.23238750000000002 0.349978125 0.23210859374999998
1 0.01154375 0.1798109375 0.0152046875 0.1795296875 0.01633046875 0.1682671875 0.00056328125 0.16629609375 0 0.1826265625 0.01154375 0.18347109374999998 0.01154375 0.1798109375
1 0.00028125 0.20177265625000002 0.02027265625 0.20374374999999997 0.02027265625 0.1927625 0.00028125 0.18994687500000002 0.00028125 0.20177265625000002
4 0.0436421875 0.2133171875 0.03012734375 0.21106406249999998 0.02928203125 0.217540625 0.01098125 0.21500625 0.0099475515625 0.22663213515625 0.021117187500000002 0.229084375 0.021117187500000002 0.23246328125 0.03632109375 0.23584140625 0.03632109375 0.23246328125 0.03941875 0.23274453125 0.0436421875 0.2133171875
4 0.06419609375 0.10125546875 0.06194375 0.12969296875 0.07151640625 0.129975 0.07433203125 0.10181875 0.06419609375 0.10125546875
4 0.18019921875 0.23077343749999998 0.18160703125 0.21387968750000003 0.177665625 0.212471875 0.18019921875 0.18853906250000002 0.17006328125 0.1879765625 0.16583984375 0.23021093750000002 0.17710234375 0.23049218749999997 0.18019921875 0.23077343749999998
0 0.16724765625 0.12237265625 0.1593640625 0.12209062500000001 0.1511984375 0.12490625 0.14866484375 0.15813046875 0.16893671875 0.16010156250000002 0.1709078125 0.1263140625 0.16724765625 0.12237265625
4 0.2162390625 0.1316640625 0.22496796875 0.13250859375 0.22665703124999997 0.12012031249999999 0.2204625 0.11899375000000001 0.2204625 0.11308125 0.20863749999999998 0.1116734375 0.2044140625 0.15081015625 0.21370546875000002 0.1530625 0.2162390625 0.1316640625
4 0.55383203125 0.02382578125 0.5422875 0.02213671875 0.53665625 0.05648671875 0.54820078125 0.057050000000000003 0.55383203125 0.02382578125
1 0.8694625 0.23556015624999999 0.8646757812500001 0.29891171875 0.90353125 0.302571875 0.9080359375 0.23781249999999998 0.8694625 0.23556015624999999
1 0.9387265625 0.14686796875000002 0.9398523437499999 0.127721875 0.92408515625 0.12546953125 0.9246484374999999 0.10913906250000001 0.9007156249999999 0.10773124999999999 0.8990265624999999 0.16179140625 0.9192984375 0.16207265625 0.91986171875 0.1457421875 0.9387265625 0.14686796875000002