3 0.9568890624999999 0.11677421875 0.97173359375 0.1154578125 0.97267265625 0.10887421875 0.9559289062499999 0.10808359375000001 0.9568890624999999 0.11677421875
3 0.79078046875 0.10736953125 0.7920953125 0.0910046875 0.78478125 0.093421875 0.78514296875 0.10680546875000001 0.79078046875 0.10736953125
1 0.9223265625 0.14047343750000002 0.9989921875000001 0.14423515625 0.9991796875000001 0.1276828125 0.9218125 0.1244375 0.9223265625 0.14047343750000002
3 0.7825203125 0.1964 0.79060078125 0.20053828125 0.7971773437499999 0.20034999999999997 0.79792890625 0.1937671875 0.7842171875 0.18956953125 0.7825203125 0.1964
1 0.9384820312500001 0.27402109375 0.9989874999999999 0.28417890625000003 0.99936328125 0.24693593749999998 0.9438046874999999 0.24116718750000002 0.9384820312500001 0.27402109375
1 0.77274921875 0.36067109375 0.82104140625 0.36217578125 0.8244234374999999 0.35841406249999996 0.83137578125 0.35785 0.8310000000000001 0.34430703125 0.8242359374999999 0.34411875 0.82198046875 0.32756640625 0.7746304687500001 0.32660078124999997 0.77274921875 0.36067109375
1 0.8231078125 0.67046640625 0.8809828124999999 0.66990234375 0.88398984375 0.64977578125 0.8794796874999999 0.6302140625 0.861440625 0.6302140625 0.86087734375 0.6221257812500001 0.8490390624999999 0.62306640625 0.84847578125 0.6311546875 0.820853125 0.634728125 0.8231078125 0.67046640625
3 0.8364273437499999 0.61613203125 0.8387046874999999 0.6243828125 0.8509179687499999 0.62268984375 0.8505421875 0.61478984375 0.8364273437499999 0.61613203125
1 0.71753984375 0.9074625 0.7243046875 0.965584375 0.74647734375 0.965584375 0.7620734375 0.9599414062499999 0.756303125 0.9037671875 0.71753984375 0.9074625
3 0.7303171875000001 0.67591484375 0.73069296875 0.69152734375 0.7361429687500001 0.691715625 0.7368484375000001 0.67679140625 0.7303171875000001 0.67591484375
1 0.685971875 0.69359609375 0.70438671875 0.69359609375 0.723553125 0.69303203125 0.7207343749999999 0.6356625 0.6821484375 0.63647109375 0.685971875 0.69359609375
1 0.80021796875 0.24667890625000002 0.8066070312500001 0.22956171875 0.8067953125 0.21056406249999998 0.7382578125 0.19831015624999998 0.7316328125 0.23106640625 0.80021796875 0.24667890625000002
0 0.6824015625000001 0.24128671875 0.6778921875 0.27533203125 0.7286265625 0.28624140625 0.732196875 0.26893671874999997 0.73261875 0.24878046875 0.6824015625000001 0.24128671875
1 0.7026953125000001 0.0736296875 0.70307109375 0.112565625 0.7821796875 0.11237734375 0.78196171875 0.07368515625 0.7026953125000001 0.0736296875
1 0.48429140625 0.3089 0.52487890625 0.3162359375 0.52694609375 0.3073953125 0.5397234375 0.30965234375 0.5385960937500001 0.3173640625 0.5600171875 0.3211265625 0.5628359374999999 0.28802109374999996 0.4926734375 0.2772578125 0.48429140625 0.3089
0 0.40560625000000006 0.6950000000000001 0.447696875 0.6918023437499999 0.4490125 0.6724281249999999 0.441871875 0.656628125 0.40301093750000005 0.66015546875 0.40560625000000006 0.6950000000000001
1 0.29519687499999997 0.61980234375 0.35062890625 0.62638515625 0.35495078125 0.608328125 0.3523203125 0.5876375 0.30066015625000003 0.5812078125 0.29519687499999997 0.61980234375
3 0.280540625 0.5925281250000001 0.28824453125 0.59365625 0.289371875 0.5784210937500001 0.2820515625 0.57782421875 0.280540625 0.5925281250000001
1 0.40025859375 0.10918203124999999 0.47692421874999996 0.10654843750000001 0.47673671874999995 0.06817734375 0.40272890625 0.06889140625 0.40025859375 0.10918203124999999
1 0.20552031249999997 0.11566875000000001 0.26339531250000003 0.116796875 0.2650859375 0.09968046875 0.26264375 0.08162343749999999 0.20705078124999998 0.08073359375 0.20552031249999997 0.11566875000000001
0 0.144075 0.12770625 0.17113359374999998 0.12883515625 0.1737640625 0.0940375 0.14576640624999998 0.09328515625 0.144075 0.12770625
4 0.25174140624999997 0.2642296875 0.32239375 0.2664875 0.32352109375000004 0.25632968749999996 0.32032734375 0.24523203124999998 0.253009375 0.24426874999999998 0.25174140624999997 0.2642296875
1 0.157225 0.7401140625 0.20081875 0.7389859375000001 0.19386640625 0.643809375 0.15545234375 0.6446484375 0.157225 0.7401140625
3 0.2099390625 0.7469476562499999 0.21106640625 0.7631234375 0.2187703125 0.7629359375 0.2174546875 0.74657109375 0.21071640625 0.746434375 0.2099390625 0.7469476562499999
1 0.19194921874999998 1 0.18393046875000002 0.9449328124999999 0.12317578124999999 0.9530632812500001 0.12918828124999998 1 0.19194921874999998 1
1 0.10607578124999999 0.524328125 0.1338859375 0.52357578125 0.1338859375 0.5352375 0.15511953125 0.53486171875 0.15549531249999998 0.51812109375 0.15775 0.50232109375 0.15079765625 0.4853921875 0.10300859375 0.48957187500000005 0.10607578124999999 0.524328125
3 0.09423828125 0.1957234375 0.10156640624999999 0.19553515625 0.09931171875 0.18406171875 0.09426796875 0.18421171875 0.09423828125 0.1957234375
1 0.12956406250000002 0.21798125000000002 0.0963046875 0.22174375 0.103290625 0.2916375 0.141778125 0.28607265625 0.12956406250000002 0.21798125000000002