3 0.8845421874999999 0.028266406249999997 0.88322578125 0.0431109375 0.89191640625 0.04407109375 0.8911257812500001 0.02732734375 0.8845421874999999 0.028266406249999997
3 0.9089953124999999 0.2079046875 0.89263046875 0.20921953124999998 0.89319453125 0.21485703125 0.906578125 0.21521875000000001 0.9089953124999999 0.2079046875
1 0.85576484375 0.0010078125 0.8595265624999999 0.0776734375 0.8755625 0.0781875 0.8723171875 0.0008203125000000001 0.85576484375 0.0010078125
3 0.79965 0.20282265625 0.79946171875 0.20939921875 0.8036 0.21747968750000002 0.8104304687500001 0.2157828125 0.8062328125 0.20207109375 0.79965 0.20282265625
1 0.71582109375 0.0010125 0.7259789062500001 0.06151796875 0.7588328125 0.056195312500000004 0.7530640625 0.0006367187499999999 0.71582109375 0.0010125
1 0.65588125 0.1757640625 0.65569296875 0.16899999999999998 0.64215 0.16862421875 0.6415859375 0.1755765625 0.63782421875 0.17895859375 0.63932890625 0.22725078124999998 0.67339921875 0.22536953125 0.67243359375 0.17801953125 0.65588125 0.1757640625
1 0.37693359375 0.1509609375 0.37787421875 0.13912265625 0.3697859375 0.13855937499999998 0.3697859375 0.12052031249999999 0.35022421875 0.11601015625 0.33009765625 0.11901718750000001 0.32953359375 0.1768921875 0.365271875 0.17914687499999998 0.3688453125 0.15152421875 0.37693359375 0.1509609375
3 0.3756171875 0.1612953125 0.38386796875 0.16357265625 0.38521015625 0.1494578125 0.37731015625 0.14908203125 0.3756171875 0.1612953125
1 0.034415625 0.25352265625000003 0.034415625 0.2756953125 0.0925375 0.28246015625 0.0962328125 0.243696875 0.040058593749999996 0.2379265625 0.034415625 0.25352265625000003
3 0.30847265625000003 0.26930703125 0.32408515625 0.26968281250000004 0.32320859375 0.2631515625 0.308284375 0.26385703125000004 0.30847265625000003 0.26930703125
1 0.30696796875 0.276446875 0.30640390625 0.29561328124999997 0.30640390625 0.314028125 0.36352890625 0.3178515625 0.3643375 0.27926562499999996 0.30696796875 0.276446875
1 0.7894359375 0.1932046875 0.7704382812499999 0.19339296875 0.75332109375 0.19978203125 0.76893359375 0.2683671875 0.80168984375 0.2617421875 0.7894359375 0.1932046875
0 0.71375859375 0.2713734375 0.7246679687500001 0.3221078125 0.75871328125 0.3175984375 0.7512195312500001 0.26738125 0.73106328125 0.26780312500000003 0.71375859375 0.2713734375
1 0.887434375 0.29692890625 0.9263703124999999 0.2973046875 0.92631484375 0.21803828125 0.8876226562499999 0.2178203125 0.887434375 0.29692890625
1 0.6788734375 0.4399828125 0.6826359375 0.46140390625 0.6903476562499999 0.4602765625 0.6926046875 0.47305390625 0.6837640625 0.47512109375 0.6910999999999999 0.51570859375 0.7227421875 0.5073265625000001 0.7119789062499999 0.43716406250000006 0.6788734375 0.4399828125
0 0.32757187499999996 0.5509875 0.30819765625 0.552303125 0.305 0.5943937499999999 0.33984453124999997 0.5969890625 0.343371875 0.558128125 0.32757187499999996 0.5509875
1 0.391671875 0.64504921875 0.37361484375 0.64937109375 0.38019765625 0.704803125 0.41879218749999997 0.69933984375 0.41236249999999997 0.6476796874999999 0.391671875 0.64504921875
3 0.40634375 0.7117554687500001 0.407471875 0.719459375 0.42217578125 0.7179484375 0.42157890625 0.710628125 0.40634375 0.7117554687500001
1 0.8934515624999999 0.52307578125 0.8908179687500001 0.5997414062499999 0.93110859375 0.59727109375 0.9318226562499999 0.52326328125 0.8934515624999999 0.52307578125
1 0.9003195312500001 0.7349140625 0.883203125 0.7366046875000001 0.88433125 0.7944796875 0.91926640625 0.79294921875 0.9183765625 0.73735625 0.9003195312500001 0.7349140625
0 0.8711648437499999 0.8288664062500001 0.8722937500000001 0.855925 0.90671484375 0.8542335937500001 0.9059625 0.8262359375000001 0.8711648437499999 0.8288664062500001
4 0.7436703125 0.6764789062500001 0.7335125 0.67760625 0.7357703124999999 0.7482585937499999 0.75573125 0.746990625 0.75476796875 0.67967265625 0.7436703125 0.6764789062500001
1 0.26101406250000003 0.79918125 0.2598859375 0.8427749999999999 0.3553515625 0.84454765625 0.356190625 0.80613359375 0.26101406250000003 0.79918125
3 0.2370640625 0.7812296875 0.2368765625 0.78893359375 0.25305234374999996 0.7900609375000001 0.253565625 0.78928359375 0.25342890625000003 0.7825453125 0.2370640625 0.7812296875
1 0 0.87081171875 0.04693671875 0.87682421875 0.0550671875 0.8160695312499999 0 0.8080507812500001 0 0.87081171875
1 0.49767890625 0.8422499999999999 0.48187890624999996 0.8445046875 0.46513828124999995 0.8448804687499999 0.46476249999999997 0.8661140625 0.47642421874999996 0.8661140625 0.475671875 0.8939242187499999 0.510428125 0.89699140625 0.5146078125 0.84920234375 0.49767890625 0.8422499999999999
3 0.8044648437499999 0.8984335937499999 0.8042765624999999 0.90576171875 0.81578828125 0.90573203125 0.81593828125 0.9006882812500001 0.8044648437499999 0.8984335937499999
1 0.77825625 0.9036953125 0.78201875 0.8704359374999999 0.71392734375 0.8582218749999999 0.7083625 0.896709375 0.77825625 0.9036953125