3 0.97173359375 0.8845421874999999 0.9568890624999999 0.88322578125 0.9559289062499999 0.89191640625 0.97267265625 0.8911257812500001 0.97173359375 0.8845421874999999
3 0.7920953125 0.9089953124999999 0.79078046875 0.89263046875 0.78514296875 0.89319453125 0.78478125 0.906578125 0.7920953125 0.9089953124999999
1 0.9989921875000001 0.85576484375 0.9223265625 0.8595265624999999 0.9218125 0.8755625 0.9991796875000001 0.8723171875 0.9989921875000001 0.85576484375
3 0.7971773437499999 0.79965 0.79060078125 0.79946171875 0.7825203125 0.8036 0.7842171875 0.8104304687500001 0.79792890625 0.8062328125 0.7971773437499999 0.79965
1 0.9989874999999999 0.71582109375 0.9384820312500001 0.7259789062500001 0.9438046874999999 0.7588328125 0.99936328125 0.7530640625 0.9989874999999999 0.71582109375
1 0.8242359374999999 0.65588125 0.8310000000000001 0.65569296875 0.83137578125 0.64215 0.8244234374999999 0.6415859375 0.82104140625 0.63782421875 0.77274921875 0.63932890625 0.7746304687500001 0.67339921875 0.82198046875 0.67243359375 0.8242359374999999 0.65588125
1 0.8490390624999999 0.37693359375 0.86087734375 0.37787421875 0.861440625 0.3697859375 0.8794796874999999 0.3697859375 0.88398984375 0.35022421875 0.8809828124999999 0.33009765625 0.8231078125 0.32953359375 0.820853125 0.365271875 0.84847578125 0.3688453125 0.8490390624999999 0.37693359375
3 0.8387046874999999 0.3756171875 0.8364273437499999 0.38386796875 0.8505421875 0.38521015625 0.8509179687499999 0.37731015625 0.8387046874999999 0.3756171875
1 0.74647734375 0.034415625 0.7243046875 0.034415625 0.71753984375 0.0925375 0.756303125 0.0962328125 0.7620734375 0.040058593749999996 0.74647734375 0.034415625
3 0.73069296875 0.30847265625000003 0.7303171875000001 0.32408515625 0.7368484375000001 0.32320859375 0.7361429687500001 0.308284375 0.73069296875 0.30847265625000003
1 0.723553125 0.30696796875 0.70438671875 0.30640390625 0.685971875 0.30640390625 0.6821484375 0.36352890625 0.7207343749999999 0.3643375 0.723553125 0.30696796875
1 0.8067953125 0.7894359375 0.8066070312500001 0.7704382812499999 0.80021796875 0.75332109375 0.7316328125 0.76893359375 0.7382578125 0.80168984375 0.8067953125 0.7894359375
0 0.7286265625 0.71375859375 0.6778921875 0.7246679687500001 0.6824015625000001 0.75871328125 0.73261875 0.7512195312500001 0.732196875 0.73106328125 0.7286265625 0.71375859375
1 0.70307109375 0.887434375 0.7026953125000001 0.9263703124999999 0.78196171875 0.92631484375 0.7821796875 0.8876226562499999 0.70307109375 0.887434375
1 0.5600171875 0.6788734375 0.5385960937500001 0.6826359375 0.5397234375 0.6903476562499999 0.52694609375 0.6926046875 0.52487890625 0.6837640625 0.48429140625 0.6910999999999999 0.4926734375 0.7227421875 0.5628359374999999 0.7119789062499999 0.5600171875 0.6788734375
0 0.4490125 0.32757187499999996 0.447696875 0.30819765625 0.40560625000000006 0.305 0.40301093750000005 0.33984453124999997 0.441871875 0.343371875 0.4490125 0.32757187499999996
1 0.35495078125 0.391671875 0.35062890625 0.37361484375 0.29519687499999997 0.38019765625 0.30066015625000003 0.41879218749999997 0.3523203125 0.41236249999999997 0.35495078125 0.391671875
3 0.28824453125 0.40634375 0.280540625 0.407471875 0.2820515625 0.42217578125 0.289371875 0.42157890625 0.28824453125 0.40634375
1 0.47692421874999996 0.8934515624999999 0.40025859375 0.8908179687500001 0.40272890625 0.93110859375 0.47673671874999995 0.9318226562499999 0.47692421874999996 0.8934515624999999
1 0.2650859375 0.9003195312500001 0.26339531250000003 0.883203125 0.20552031249999997 0.88433125 0.20705078124999998 0.91926640625 0.26264375 0.9183765625 0.2650859375 0.9003195312500001
0 0.17113359374999998 0.8711648437499999 0.144075 0.8722937500000001 0.14576640624999998 0.90671484375 0.1737640625 0.9059625 0.17113359374999998 0.8711648437499999
4 0.32352109375000004 0.7436703125 0.32239375 0.7335125 0.25174140624999997 0.7357703124999999 0.253009375 0.75573125 0.32032734375 0.75476796875 0.32352109375000004 0.7436703125
1 0.20081875 0.26101406250000003 0.157225 0.2598859375 0.15545234375 0.3553515625 0.19386640625 0.356190625 0.20081875 0.26101406250000003
3 0.2187703125 0.2370640625 0.21106640625 0.2368765625 0.2099390625 0.25305234374999996 0.21071640625 0.253565625 0.2174546875 0.25342890625000003 0.2187703125 0.2370640625
1 0.12918828124999998 0 0.12317578124999999 0.04693671875 0.18393046875000002 0.0550671875 0.19194921874999998 0 0.12918828124999998 0
1 0.15775 0.49767890625 0.15549531249999998 0.48187890624999996 0.15511953125 0.46513828124999995 0.1338859375 0.46476249999999997 0.1338859375 0.47642421874999996 0.10607578124999999 0.475671875 0.10300859375 0.510428125 0.15079765625 0.5146078125 0.15775 0.49767890625
3 0.10156640624999999 0.8044648437499999 0.09423828125 0.8042765624999999 0.09426796875 0.81578828125 0.09931171875 0.81593828125 0.10156640624999999 0.8044648437499999
1 0.0963046875 0.77825625 0.12956406250000002 0.78201875 0.141778125 0.71392734375 0.103290625 0.7083625 0.0963046875 0.77825625