0 0.754196875 0.8620257812500001 0.75549453125 0.8952015624999999 0.79526953125 0.8965476562499999 0.79565078125 0.86248359375 0.754196875 0.8620257812500001
1 0.84351796875 0.8036828125 0.8242796875 0.8080296875 0.8290890624999999 0.865 0.8661914062499999 0.8652289062499999 0.86344296875 0.80665703125 0.84351796875 0.8036828125
3 0.52003515625 0.6086484375000001 0.51842578125 0.62183046875 0.5261859375 0.6217046875000001 0.5269546875 0.60945234375 0.52003515625 0.6086484375000001
3 0.5266328125 0.6295460937499999 0.5269546875 0.6367796875 0.550065625 0.637865625 0.54996484375 0.63115390625 0.5266328125 0.6295460937499999
3 0.5274375 0.6295460937499999 0.5509304687500001 0.631475 0.5507890625 0.6243578125 0.5275984375 0.6229554687500001 0.5274375 0.6295460937499999
3 0.6353984374999999 0.45050234375000003 0.6341109375 0.4734890625 0.641725 0.47311953124999995 0.64296171875 0.45066328125000005 0.6353984374999999 0.45050234375000003
0 0.64730625 0.49358281249999997 0.64891484375 0.55306015625 0.77511328125 0.55175390625 0.7746953125 0.49310078125 0.64730625 0.49358281249999997
2 0.5034375 0.39208359375 0.49906015625 0.43990937499999994 0.4941359375 0.44373515625 0.48073125 0.5809265625 0.48264609375 0.5973242187500001 0.487296875 0.6014234375 0.5157476562500001 0.6041562500000001 0.5173890625 0.5861195312499999 0.55842421875 0.589125 0.560065625 0.56480234375 0.57483828125 0.5658960937499999 0.57784765625 0.5352875 0.5896109375 0.5380203125 0.59453515625 0.494840625 0.58222421875 0.49265390625 0.5901578125 0.425425 0.5770265625000001 0.42378515625 0.57812109375 0.39454296875 0.556509375 0.39044375 0.5608859374999999 0.3442578125 0.50571875 0.33840703125 0.5009750000000001 0.38853046875 0.5034375 0.39208359375
3 0.52540078125 0.310178125 0.5478171875 0.31341562500000003 0.54872421875 0.30581328124999996 0.52648125 0.30289296875 0.52540078125 0.310178125
3 0.524725 0.31166171875000004 0.52391484375 0.319890625 0.5477125 0.3218046875 0.54795234375 0.31395546875 0.524725 0.31166171875000004
3 0.07344921875 0.30438515625 0.07078984375 0.32032656249999997 0.0785640625 0.31991796875 0.08122421875 0.30581562500000004 0.07344921875 0.30438515625
2 0.0965 0.18338984375 0.06560703125 0.1786890625 0.033076562500000004 0.17644140625 0.02284765625 0.27924609375 0.08291796875 0.2865546875 0.0965 0.18338984375
2 0.166196875 0.3025453125 0.0939765625 0.29457421875 0.088453125 0.3466921875 0.09888671875 0.35261953125 0.18166953125000002 0.360771875 0.18727031249999998 0.307859375 0.166196875 0.3025453125
0 0.66490625 0.37933515624999997 0.66633828125 0.432065625 0.7563921875 0.43161562499999995 0.756153125 0.38035703125000003 0.66490625 0.37933515624999997
1 0.78963828125 0.31536328125 0.7605867187500001 0.31965546875 0.7632460937500001 0.41714609375 0.8156210937499999 0.41367109375 0.81603046875 0.41387578124999996 0.8165015625 0.41413515624999997 0.8166437500000001 0.32047265625 0.78963828125 0.31536328125