1 0.8590851562499999 0.00295390625 0.8379476562500001 0.0073015625 0.8375335937499999 0 0.8155679687499999 0.0004703125 0.8210976562500001 0.04067265625 0.82095546875 0.0408375 0.86219296875 0.03297109375 0.8590851562499999 0.00295390625
0 0.7423484375 0.1072890625 0.7477890625 0.145665625 0.7819281250000001 0.14186015624999998 0.77736953125 0.10521875 0.7423484375 0.1072890625
3 0.718725 0.09445390625 0.7046109375 0.096275 0.7056703125 0.10418359375 0.7191398437500001 0.10169999999999998 0.718725 0.09445390625
1 0.69924609375 0.14745 0.700696875 0.1691859375 0.70359765625 0.18367734375 0.74483515625 0.1793296875 0.7506375000000001 0.17311953124999999 0.7496015625 0.15883515625 0.74525 0.16007734375 0.74317734375 0.14475859375 0.74214140625 0.12405703125 0.73820390625 0.10998046875 0.6990390625 0.11370625000000001 0.70090390625 0.13461484375 0.69696640625 0.136478125 0.69924609375 0.14745
1 0.48443671874999994 0.11845859375000001 0.467190625 0.12707265625 0.47246015625000004 0.19000546875 0.46144140624999996 0.19239843750000002 0.46455546875 0.21848046875 0.475334375 0.21728437500000003 0.48197578124999996 0.2688375 0.5129406249999999 0.26370625 0.51389921875 0.25652734375 0.4992875 0.11989453125 0.48443671874999994 0.11845859375000001
1 0.40020156250000005 0.14214765625 0.37265546875 0.1459765625 0.36906249999999996 0.129465625 0.35445078125 0.13161953125 0.35415078125 0.13634531249999998 0.35852265625 0.19144140625 0.36235546875 0.19981640625 0.40595 0.19646640625 0.40020156250000005 0.14214765625
3 0.37600859375 0.2026875 0.3764125 0.208875 0.39109921875000003 0.207234375 0.390140625 0.1993375 0.37600859375 0.2026875
1 0.34886171875 0.230684375 0.3285015625 0.23259921874999998 0.32969921874999997 0.24815234375 0.29275234375000003 0.2526796875 0.2976015625 0.286678125 0.35389140625 0.2818921875 0.34886171875 0.230684375
1 0.30358984375000003 0.195509375 0.2990390625 0.152915625 0.2724515625 0.1555484375 0.27221171875 0.15865859375 0.25448671875 0.16009453125 0.25828281249999996 0.226109375 0.27796015625 0.22829140625000002 0.29640390625 0.22470234375000003 0.291134375 0.19670546875 0.30358984375000003 0.195509375
3 0.23572265625000002 0.183784375 0.23332734375 0.18617734375 0.23494375 0.19846250000000001 0.24075312499999998 0.19838046874999998 0.24051328125000002 0.1859375 0.23572265625000002 0.183784375
3 0.3469703125 0.29504921875 0.35996015625 0.29409609375 0.36019921875 0.28739609375 0.34582734375 0.28787421874999997 0.3469703125 0.29504921875
3 0.21751874999999998 0.29792421875 0.21842734375 0.30438437500000004 0.23165078125 0.30247109375000003 0.230453125 0.29529218749999997 0.21751874999999998 0.29792421875
1 0.10765312499999999 0.22183125 0.1402296875 0.21704531249999998 0.14214609375 0.213934375 0.17663828125 0.2086703125 0.17041015625 0.16368359375 0.06475 0.18158671875000001 0.06861015625 0.22446328124999998 0.10621640624999999 0.21967734375 0.10765312499999999 0.22183125
3 0.040983593750000005 0.20053437500000001 0.037390625 0.19957734375 0.03379765625 0.20173046874999997 0.03566640625 0.21605625 0.03930703125 0.2175234375 0.0445765625 0.21560937500000002 0.040983593750000005 0.20053437500000001
1 0.03379765625 0.25437421875 0.023977343749999998 0.18833046874999998 0.001196875 0.19379453124999999 0.00002421875 0.25772421875 0.01463515625 0.26155234374999997 0.03379765625 0.25437421875
3 0.02241875 0.33148984375 0.00873671875 0.33167265625 0.0082859375 0.34010390625000003 0.02241875 0.3389078125 0.02241875 0.33148984375
1 0.00011953125 0.3948671875 0.07535468749999999 0.3841328125 0.07008515625 0.34321484375 0.00038203125 0.35206875000000004 0.00011953125 0.3948671875
3 0.15064765625 0.303971875 0.13476640625 0.3065390625 0.13579687499999998 0.31497890625 0.152084375 0.31210703125 0.15064765625 0.303971875
1 0.1005859375 0.33172890625 0.10532343749999999 0.37476015625 0.162384375 0.3685796875 0.15951015625 0.326225 0.1005859375 0.33172890625
1 0.2885375 0.34536875 0.2827890625 0.30827890625 0.28063359375 0.3030140625 0.20586015624999998 0.31443828125 0.2061390625 0.31880703125 0.21069062500000002 0.3556578125 0.2885375 0.34536875
1 0.3904984375 0.302775 0.31408828125 0.31378203125000004 0.31792031249999997 0.35350390625 0.3960078125 0.34536875 0.3904984375 0.302775
1 0.10713593749999999 0.5115203125 0.11142812499999999 0.552134375 0.1957625 0.54214921875 0.201990625 0.53664609375 0.19648125 0.49405234374999996 0.10713593749999999 0.5115203125
1 0.00852890625 0.5244421874999999 0.015559375 0.5629062499999999 0.0753578125 0.5596171875 0.08182578125 0.551003125 0.07703515625 0.5148703125 0.00852890625 0.5244421874999999