2 0.0009257812500000001 0.8392703125000001 0 1 0.08274375 0.9988601562499999 0.1048078125 0.85100546875 0.0009257812500000001 0.8392703125000001
2 0.0820546875 0.3488453125 0.0113890625 0.34525937500000003 0.009446875 0.38512265625 0.07879765625 0.38926640625000003 0.0820546875 0.3488453125
2 0.20742890625000002 0.40654375 0.04232578125 0.38633281249999996 0.0351609375 0.42088671875 0.03485625 0.45304374999999997 0.19798515625 0.47141328125 0.20742890625000002 0.40654375
2 0.27483828125 0.445009375 0.212965625 0.4362078125 0.20515 0.46000390625 0.2061265625 0.48151875000000005 0.26995390625 0.49195 0.27483828125 0.445009375
2 0.45356640625000005 0.49340624999999994 0.5865530671875 0.50704341328125 0.59098984375 0.44483515625000003 0.5167421875 0.43440390625 0.51771953125 0.42071249999999993 0.47440781249999997 0.41614921875000005 0.47245390625 0.43016640625 0.4649640625 0.42984062500000003 0.45356640625000005 0.49340624999999994
0 0.5385609375 0.35323515625 0.4978546875 0.34801953124999996 0.49101640625 0.3666 0.49369375 0.3856109375 0.5323734375 0.38974453124999997 0.5385609375 0.35323515625
2 0.5884453125 0.3684 0.58909609375 0.39121875 0.7343359375 0.40882109375000003 0.7415 0.3641625 0.5938656250000001 0.34603046875 0.5884453125 0.3684
2 0.7372664062500001 0.4529375 0.6776726562500001 0.44935156249999997 0.6626929687499999 0.57583125 0.72163515625 0.58006953125 0.7372664062500001 0.4529375
3 0.73795078125 0.417375 0.7320109375 0.41781562499999997 0.7306453125 0.43837187499999997 0.73795078125 0.43829609375 0.73795078125 0.417375
2 0.73697109375 0.781715625 0.73078828125 0.77777734375 0.61021640625 0.761178125 0.59897421875 0.8056296875 0.6023468750000001 0.8461421874999999 0.72382578125 0.8611109375 0.7285398437499999 0.8551453125 0.73697109375 0.781715625
2 0.74006328125 0.792125 0.727696875 0.8734320312499999 0.79425390625 0.8784015625 0.8052671874999999 0.8033789062500001 0.74006328125 0.792125
3 0.9553156250000001 0.8772859375 0.9517609374999999 0.8838085937500001 0.9684085937500001 0.88641796875 0.96933515625 0.88064609375 0.9553156250000001 0.8772859375
1 0.99921875 0.8195015625 0.93161953125 0.80823515625 0.9328046875 0.80368828125 0.8913367187500001 0.79736328125 0.8911398437500001 0.80447890625 0.8623101562500001 0.7991421875 0.8585578125 0.81693203125 0.85678046875 0.83650078125 0.8852156250000001 0.84163984375 0.8842281249999999 0.8535 0.9241164062499999 0.8584414062500001 0.9256960937500001 0.8475703125 0.9989273437499999 0.8579734374999999 0.99921875 0.8195015625
1 0.818146875 0.4656359375 0.81617265625 0.4828328125 0.84855625 0.4867859375 0.8552703125000001 0.48085625 0.8564554687499999 0.44507890625 0.806496875 0.43835859375 0.80235 0.45021875 0.8027765625000001 0.46270859375000006 0.818146875 0.4656359375
1 0.81735703125 0.2685640625 0.80353515625 0.30572499999999997 0.8492953125 0.3195953125 0.86316875 0.28042421875 0.81735703125 0.2685640625
3 0.8655382812499999 0.26125078125 0.8499390625000001 0.25769296875 0.8477664062500001 0.26520390625 0.863221875 0.2680390625 0.8655382812499999 0.26125078125
0 0.80669453125 0.3223953125 0.7598953125000001 0.31409296875 0.7571460937500001 0.34774375 0.7999804687500001 0.3546140625 0.80669453125 0.3223953125