2 0.1607296875 0.0009257812500000001 0 0 0.00113984375 0.08274375 0.14899453125 0.1048078125 0.1607296875 0.0009257812500000001
2 0.6511546874999999 0.0820546875 0.654740625 0.0113890625 0.61487734375 0.009446875 0.61073359375 0.07879765625 0.6511546874999999 0.0820546875
2 0.59345625 0.20742890625000002 0.6136671875 0.04232578125 0.57911328125 0.0351609375 0.54695625 0.03485625 0.52858671875 0.19798515625 0.59345625 0.20742890625000002
2 0.5549906250000001 0.27483828125 0.5637921875 0.212965625 0.53999609375 0.20515 0.51848125 0.2061265625 0.50805 0.26995390625 0.5549906250000001 0.27483828125
2 0.5065937500000001 0.45356640625000005 0.49295658671875 0.5865530671875 0.55516484375 0.59098984375 0.56559609375 0.5167421875 0.5792875000000001 0.51771953125 0.58385078125 0.47440781249999997 0.56983359375 0.47245390625 0.570159375 0.4649640625 0.5065937500000001 0.45356640625000005
0 0.64676484375 0.5385609375 0.6519804687499999 0.4978546875 0.6334 0.49101640625 0.6143890625 0.49369375 0.6102554687499999 0.5323734375 0.64676484375 0.5385609375
2 0.6315999999999999 0.5884453125 0.60878125 0.58909609375 0.5911789062499999 0.7343359375 0.6358374999999999 0.7415 0.65396953125 0.5938656250000001 0.6315999999999999 0.5884453125
2 0.5470625 0.7372664062500001 0.5506484375 0.6776726562500001 0.42416875000000004 0.6626929687499999 0.41993046874999995 0.72163515625 0.5470625 0.7372664062500001
3 0.582625 0.73795078125 0.582184375 0.7320109375 0.561628125 0.7306453125 0.56170390625 0.73795078125 0.582625 0.73795078125
2 0.218284375 0.73697109375 0.22222265624999998 0.73078828125 0.23882187500000002 0.61021640625 0.1943703125 0.59897421875 0.1538578125 0.6023468750000001 0.1388890625 0.72382578125 0.1448546875 0.7285398437499999 0.218284375 0.73697109375
2 0.20787499999999998 0.74006328125 0.12656796875 0.727696875 0.12159843749999999 0.79425390625 0.19662109375 0.8052671874999999 0.20787499999999998 0.74006328125
3 0.12271406250000001 0.9553156250000001 0.11619140624999999 0.9517609374999999 0.11358203124999999 0.9684085937500001 0.11935390625 0.96933515625 0.12271406250000001 0.9553156250000001
1 0.1804984375 0.99921875 0.19176484375 0.93161953125 0.19631171875 0.9328046875 0.20263671875 0.8913367187500001 0.19552109374999999 0.8911398437500001 0.2008578125 0.8623101562500001 0.18306796875 0.8585578125 0.16349921875 0.85678046875 0.15836015625 0.8852156250000001 0.14650000000000002 0.8842281249999999 0.14155859375 0.9241164062499999 0.15242968750000002 0.9256960937500001 0.1420265625 0.9989273437499999 0.1804984375 0.99921875
1 0.5343640625 0.818146875 0.5171671875 0.81617265625 0.5132140625 0.84855625 0.51914375 0.8552703125000001 0.55492109375 0.8564554687499999 0.5616414062499999 0.806496875 0.54978125 0.80235 0.5372914062499999 0.8027765625000001 0.5343640625 0.818146875
1 0.7314359375 0.81735703125 0.694275 0.80353515625 0.6804046875 0.8492953125 0.71957578125 0.86316875 0.7314359375 0.81735703125
3 0.73874921875 0.8655382812499999 0.74230703125 0.8499390625000001 0.73479609375 0.8477664062500001 0.7319609375 0.863221875 0.73874921875 0.8655382812499999
0 0.6776046874999999 0.80669453125 0.68590703125 0.7598953125000001 0.65225625 0.7571460937500001 0.6453859375000001 0.7999804687500001 0.6776046874999999 0.80669453125