3 0.7206828125 0.96844140625 0.724165625 0.99172734375 0.73358515625 0.989021875 0.7295242187500001 0.96576484375 0.7206828125 0.96844140625
1 0.62583515625 0.97379453125 0.6298539062499999 0.9997578125000001 0.6807609375 0.9994898437499999 0.6748664062499999 0.96415859375 0.62583515625 0.97379453125
0 0.58033203125 0.7026148437499999 0.58703046875 0.73955234375 0.62795625 0.73238046875 0.62159296875 0.6956562500000001 0.58033203125 0.7026148437499999
3 0.60846484375 0.68816171875 0.5942640625 0.69083828125 0.59560390625 0.69645859375 0.60988359375 0.69422578125 0.60846484375 0.68816171875
1 0.57095390625 0.62445859375 0.5688109375 0.62874140625 0.5771164062499999 0.68896484375 0.6130960937500001 0.68418515625 0.60176640625 0.62071171875 0.57095390625 0.62445859375
1 0.12127890625 0.6691304687499999 0.13038828125 0.71864765625 0.14726796874999998 0.71784453125 0.16468359375 0.71409765625 0.15925390625 0.6645046875 0.12127890625 0.6691304687499999
3 0.022728125 0.26934296875 0.0228921875 0.27540078125 0.03556796875 0.27389140625 0.03534921875 0.268196875 0.022728125 0.26934296875
0 0.0570390625 0.2452734375 0.06490703125 0.28145937499999996 0.099490625 0.2713078125 0.099490625 0.27065234375 0.09260625 0.23544921875 0.0570390625 0.2452734375
1 0.060746093749999994 0.036839062500000005 0.06779375 0.0835046875 0.08631484375000001 0.08219453125000001 0.1043625 0.075125 0.09664140624999999 0.03078046875 0.060746093749999994 0.036839062500000005
1 0.53483359375 0.37679687500000003 0.5517578125 0.38812421874999997 0.56495859375 0.39573203125 0.5928828125 0.34822421875 0.5625890625000001 0.32911953125000004 0.53483359375 0.37679687500000003
3 0.8118929687499999 0.3043296875 0.81460078125 0.31075390625 0.8296890625 0.305565625 0.8267859375000001 0.2992578125 0.8118929687499999 0.3043296875
1 0.744028125 0.28623906250000003 0.7563828125 0.31836171874999997 0.84389609375 0.28425546874999996 0.82966328125 0.2527640625 0.744028125 0.28623906250000003
0 0.69246640625 0.25868125000000003 0.703975 0.293678125 0.7349453125000001 0.280321875 0.7219140625 0.25005859375 0.69246640625 0.25868125000000003
3 0.9908210937499999 0.42188359374999995 0.99056484375 0.40033359375 0.9818328125000001 0.40084687499999994 0.9816499999999999 0.421728125 0.9908210937499999 0.42188359374999995
1 0.94612265625 0.4870109375 0.948690625 0.5298546875000001 0.99647109375 0.52451171875 0.9938890625000001 0.48393203125 0.94612265625 0.4870109375
1 0.30337890624999997 0.9847546875000001 0.307665625 1 0.328340625 0.99946484375 0.32400937500000004 0.9804718749999999 0.30337890624999997 0.9847546875000001