1 0.405946875 0.96801640625 0.40370546875 0.9981179687499999 0.45579140625000003 1 0.45723984375000004 0.9703328125 0.405946875 0.96801640625
1 0.00057890625 0.80654609375 0.01829765625 0.80734375 0.0211953125 0.75523359375 0.0017796875 0.7503124999999999 0.00057890625 0.80654609375
1 0.2443375 0.816896875 0.20985234375 0.8166078125 0.20865859375 0.86518984375 0.2237625 0.8672703125 0.24491718750000002 0.86553359375 0.2443375 0.816896875
1 0.4637125 0.75291796875 0.48312890625 0.7520492187500001 0.48399843750000004 0.7407585937500001 0.4883453125 0.73873203125 0.48370859375 0.6979124999999999 0.43063828125 0.7022890625 0.43357421875 0.74278515625 0.46284296875 0.7390218749999999 0.4637125 0.75291796875
0 0.526809375 0.73689140625 0.49933203125 0.7671109375 0.52427578125 0.7913179687499999 0.55033984375 0.7627484375 0.526809375 0.73689140625
1 0.46611171875 0.4787375 0.46113046874999997 0.430928125 0.42534765625000004 0.43377109375 0.43167968749999996 0.48263125 0.450303125 0.48198203125 0.46611171875 0.4787375
1 0.43795546874999997 0.287890625 0.4402796875 0.3412578125 0.47996640625 0.33981015625 0.476934375 0.2863765625 0.43795546874999997 0.287890625
3 0.40568984375 0.30800937500000003 0.40684453125 0.31950859375 0.41348515625 0.31969140625 0.41240234375 0.30822578125 0.40568984375 0.30800937500000003
1 0.2131109375 0.55541640625 0.21226015625 0.6065859375 0.24790078124999998 0.6095078125 0.2494703125 0.55750625 0.2131109375 0.55541640625
1 0.00013046875 0.56502265625 0.02477578125 0.56402421875 0.0237296875 0.51541953125 0 0.5159421875 0.00013046875 0.56502265625
1 0.00084609375 0.28303828124999997 0.0009148437500000001 0.33289609375 0.009478125 0.33321015625 0.02726484375 0.33085859375000004 0.026742187499999997 0.2835609375 0.00084609375 0.28303828124999997
1 0.0012203125 0.06188359375 0.0331328125 0.061360937500000004 0.03365625 0.00753046875 0.0012203125 0.006746874999999999 0.0012203125 0.06188359375
3 0.44887109374999995 0.04348359375 0.44939375000000004 0.03590546875 0.4357609375 0.03371875 0.43526875 0.035121875000000004 0.43605390625 0.043222656250000005 0.44887109374999995 0.04348359375
0 0.5035406250000001 0.0147390625 0.4655609375 0.014897656249999999 0.46770468750000005 0.046096874999999995 0.50641796875 0.0437453125 0.5035406250000001 0.0147390625
4 0.38910078124999997 0.0788109375 0.47337187500000005 0.076409375 0.47075625 0.05315234375 0.3886203125 0.0560265625 0.38910078124999997 0.0788109375