1 0.25838046875 0.2233734375 0.29664375 0.23038124999999998 0.30494765625000003 0.17496562499999999 0.29387578125 0.17121718749999998 0.29468984374999996 0.15997109375000002 0.2705421875 0.1564453125 0.25838046875 0.2233734375
3 0.250890625 0.19207968749999998 0.257240625 0.19370937500000002 0.26049687499999996 0.17773671875 0.2544171875 0.1767234375 0.250890625 0.19207968749999998
3 0.23965625 0.41700234375 0.241446875 0.42270703125000003 0.244540625 0.42433671874999995 0.254146875 0.41830625 0.2562640625 0.41537265625 0.25343984375 0.40931484375 0.23965625 0.41700234375
3 0.24633124999999997 0.43085625 0.26098515624999996 0.42417343750000003 0.2571046875 0.41664453124999995 0.24323828125000002 0.42433671874999995 0.24633124999999997 0.43085625
1 0.22207109374999998 0.45067890625 0.23965625 0.48295000000000005 0.2898046875 0.45302265625000004 0.28312890625 0.44193906250000003 0.29175859375 0.4367234375 0.27958203125000003 0.4156671875 0.22207109374999998 0.45067890625
1 0.32008984375 0.8292640625000001 0.2990859375 0.7749890625 0.2873625 0.7790640625 0.28394375 0.7686328125 0.26150234375000003 0.77725859375 0.28443203125 0.8411617187499999 0.32008984375 0.8292640625000001
3 0.26082265625 0.8043265625 0.26619609375 0.8189953125 0.273034375 0.8168765625000001 0.26815 0.8020453125 0.26082265625 0.8043265625
3 0.6078953125 0.16117265625 0.59356640625 0.16492109375 0.5943804687500001 0.17372265625 0.608709375 0.17013671875 0.6079460937500001 0.1630421875 0.6078953125 0.16117265625
1 0.6235328124999999 0.1791015625 0.557753125 0.198659375 0.55954375 0.21723984375 0.56946875 0.2314203125 0.624665625 0.21463203125 0.621409375 0.20583125 0.63134140625 0.20094140624999998 0.6250484375 0.1799 0.6235328124999999 0.1791015625
1 0.5877125000000001 0.65578515625 0.59129453125 0.660675 0.5676851562499999 0.67974453125 0.589340625 0.707940625 0.6090421874999999 0.690175 0.6090421874999999 0.68724140625 0.630371875 0.6683351562500001 0.6084296874999999 0.63750859375 0.5877125000000001 0.65578515625
3 0.62906875 0.6831671874999999 0.6183226562499999 0.6960429687499999 0.6225562499999999 0.70125859375 0.6329765625 0.68870859375 0.6299296875 0.68392890625 0.62906875 0.6831671874999999
3 0.66033046875 0.9409046875 0.66733203125 0.9565515625 0.67335625 0.952965625 0.66731015625 0.9375312499999999 0.66033046875 0.9409046875
1 0.61636875 0.92053125 0.6030171875 0.92982109375 0.62955703125 0.9765984375000001 0.66684375 0.9757835937499999 0.63286171875 0.91358828125 0.61636875 0.92053125
1 0.9899156250000001 0.17829843750000002 0.9366726562500001 0.20665781249999998 0.9400921875 0.22002265625 0.9568625000000001 0.24365625 0.9822632812500001 0.22931328125 0.97900625 0.2234453125 0.9995218749999999 0.211384375 0.9991 0.196025 0.9899156250000001 0.17829843750000002
3 0.95035 0.18807734375000001 0.9524664062499999 0.19231484375000002 0.964678125 0.18514375 0.9619632812500001 0.18063281250000002 0.95035 0.18807734375000001
3 0.91599453125 0.59364453125 0.9112726562500001 0.59983828125 0.92218203125 0.606846875 0.92751484375 0.59988359375 0.91599453125 0.59364453125
1 0.89482734375 0.5525171875 0.8881523437500001 0.567675 0.9400921875 0.5989687499999999 0.9610960937499999 0.5632742187499999 0.93748671875 0.54893203125 0.9314625 0.55382109375 0.9072359375 0.53880390625 0.89482734375 0.5525171875