1 0.17496562499999999 0.69505234375 0.17121718749999998 0.7061242187500001 0.15997109375000002 0.70531015625 0.1564453125 0.7294578125 0.2233734375 0.74161953125 0.23038124999999998 0.70335625 0.17496562499999999 0.69505234375
3 0.17773671875 0.7395031249999999 0.1767234375 0.7455828125 0.19207968749999998 0.749109375 0.19370937500000002 0.742759375 0.17773671875 0.7395031249999999
3 0.42433671874999995 0.755459375 0.41830625 0.745853125 0.41537265625 0.7437359375 0.40931484375 0.7465601562499999 0.41700234375 0.76034375 0.42270703125000003 0.7585531249999999 0.42433671874999995 0.755459375
3 0.41664453124999995 0.7428953125 0.42433671874999995 0.75676171875 0.43085625 0.75366875 0.42417343750000003 0.7390148437499999 0.41664453124999995 0.7428953125
1 0.45302265625000004 0.7101953125 0.44193906250000003 0.71687109375 0.4367234375 0.70824140625 0.4156671875 0.72041796875 0.45067890625 0.77792890625 0.48295000000000005 0.76034375 0.45302265625000004 0.7101953125
1 0.7790640625 0.7126375 0.7686328125 0.7160562500000001 0.77725859375 0.7384976562500001 0.8411617187499999 0.7155679687500001 0.8292640625000001 0.67991015625 0.7749890625 0.7009140625 0.7790640625 0.7126375
3 0.8168765625000001 0.726965625 0.8020453125 0.73185 0.8043265625 0.73917734375 0.8189953125 0.73380390625 0.8168765625000001 0.726965625
3 0.17372265625 0.40561953125 0.17013671875 0.391290625 0.1630421875 0.39205390625000003 0.16117265625 0.3921046875 0.16492109375 0.40643359375 0.17372265625 0.40561953125
1 0.21723984375 0.44045625 0.2314203125 0.43053125000000003 0.21463203125 0.375334375 0.20583125 0.378590625 0.20094140624999998 0.36865859375 0.1799 0.3749515625 0.1791015625 0.37646718749999997 0.198659375 0.44224687500000004 0.21723984375 0.44045625
1 0.67974453125 0.43231484375000007 0.707940625 0.410659375 0.690175 0.3909578125 0.68724140625 0.3909578125 0.6683351562500001 0.36962812500000003 0.63750859375 0.39157031249999996 0.65578515625 0.4122875 0.660675 0.40870546875 0.67974453125 0.43231484375000007
3 0.70125859375 0.37744374999999997 0.68870859375 0.3670234375 0.68392890625 0.3700703125 0.6831671874999999 0.37093125 0.6960429687499999 0.38167734375 0.70125859375 0.37744374999999997
3 0.952965625 0.32664375 0.9375312499999999 0.33268984375 0.9409046875 0.33966953125 0.9565515625 0.33266796875 0.952965625 0.32664375
1 0.9765984375000001 0.37044296875 0.9757835937499999 0.33315625 0.91358828125 0.36713828125000003 0.92053125 0.38363125 0.92982109375 0.3969828125 0.9765984375000001 0.37044296875
1 0.22002265625 0.059907812500000004 0.24365625 0.0431375 0.22931328125 0.017736718749999998 0.2234453125 0.02099375 0.211384375 0.000478125 0.196025 0.0009 0.17829843750000002 0.010084375 0.20665781249999998 0.06332734375 0.22002265625 0.059907812500000004
3 0.18514375 0.035321875 0.18063281250000002 0.03803671875 0.18807734375000001 0.04965 0.19231484375000002 0.047533593750000006 0.18514375 0.035321875
3 0.606846875 0.07781796875 0.59988359375 0.07248515625 0.59364453125 0.08400546875 0.59983828125 0.08872734374999999 0.606846875 0.07781796875
1 0.5989687499999999 0.059907812500000004 0.5632742187499999 0.038903906249999995 0.54893203125 0.06251328125 0.55382109375 0.0685375 0.53880390625 0.0927640625 0.5525171875 0.10517265625000001 0.567675 0.11184765625 0.5989687499999999 0.059907812500000004