1 0.37717812500000003 1 0.43455078125 0.9997281250000001 0.43349843750000006 0.9714960937500001 0.3762 0.9723734374999999 0.37717812500000003 1
3 0.01979453125 0.80903125 0.01979453125 0.81469375 0.034414062499999995 0.8160484374999999 0.035509374999999996 0.811090625 0.01979453125 0.80903125
1 0.0161875 0.8092890625000001 0.036025 0.8100609375 0.053028125 0.8069726562499999 0.051792187499999996 0.7554171875 0.01567265625 0.7544703125 0.0161875 0.8092890625000001
1 0.5171859375000001 0.8116054687500001 0.535734375 0.8144359375000001 0.5535109375 0.81340703125 0.556146875 0.76545859375 0.52182265625 0.765021875 0.5171859375000001 0.8116054687500001
0 0.5251718750000001 0.7215273437499999 0.52259609375 0.75652890625 0.56665 0.75498515625 0.5669078125 0.75498515625 0.56696015625 0.7546453125 0.5687109375 0.720240625 0.5251718750000001 0.7215273437499999
1 0.000840625 0.5230015625 0.0250578125 0.5201710937499999 0.024284375 0.48336796875 0.018359375 0.484396875 0.018359375 0.43626953124999995 0.0012023437499999999 0.4356578125 0.000840625 0.5230015625
1 0.6950742187500001 0.35602265625 0.71619921875 0.3565375 0.73114140625 0.34933125 0.7183437500000001 0.28118515624999996 0.68193515625 0.29219609375 0.6950742187500001 0.35602265625
0 0.6197609374999999 0.2263109375 0.6272320312499999 0.2682609375 0.6501609375 0.26620234374999996 0.67277421875 0.2584 0.6661335937499999 0.2198765625 0.6197609374999999 0.2263109375
3 0.7336945312500001 0.29329140625 0.74065625 0.29155312499999997 0.7379781249999999 0.2780265625 0.7307359375 0.279034375 0.7336945312500001 0.29329140625
3 0.40490000000000004 0.3121640625 0.414303125 0.31254765624999997 0.4150703125 0.29816953125 0.40701093750000006 0.29759453125 0.40490000000000004 0.3121640625
1 0.349953125 0.2577203125 0.3520640625 0.31503984375 0.37029453125 0.31561484375000004 0.3869890625 0.3115890625 0.3851859375 0.25602890624999997 0.349953125 0.2577203125
3 0.50724375 0.023515625000000002 0.50724375 0.03976484375 0.5144609375 0.03884296875 0.51421484375 0.0228828125 0.50724375 0.023515625000000002
1 0.51020078125 0.0133859375 0.5095671875 0.00114609375 0.4578125 0.00009140625 0.46267109375000004 0.04968359375 0.482528125 0.05010546875000001 0.50069453125 0.04609609375 0.49752656249999994 0.015074218750000002 0.51020078125 0.0133859375