1 0.000271875 0.56544921875 0 0.622821875 0.0276265625 0.6238 0.02850390625 0.5665015624999999 0.000271875 0.56544921875
3 0.18530625 0.98020546875 0.19096875 0.98020546875 0.188909375 0.964490625 0.1839515625 0.9655859375 0.18530625 0.98020546875
1 0.19302734375 0.946971875 0.1899390625 0.9639749999999999 0.1907109375 0.9838125 0.2455296875 0.9843273437500001 0.24458281249999997 0.9482078125 0.19302734375 0.946971875
1 0.18659296875 0.4464890625 0.1855640625 0.464265625 0.18839453125 0.4828140625 0.23497812499999998 0.47817734375 0.23454140625000003 0.44385312499999996 0.18659296875 0.4464890625
0 0.24501484375000002 0.43309218749999995 0.24501484375000002 0.43335 0.24347109374999998 0.47740390625 0.27847265625 0.474828125 0.279759375 0.4312890625 0.24535468749999997 0.43303984375000004 0.24501484375000002 0.43309218749999995
1 0.5156031249999999 0.981640625 0.51663203125 0.975715625 0.47982890625 0.9749421875 0.4769984375 0.999159375 0.5643421875 0.99879765625 0.56373046875 0.981640625 0.5156031249999999 0.981640625
1 0.65066875 0.26885859375 0.6434624999999999 0.28380078124999997 0.64397734375 0.30492578125 0.70780390625 0.31806484375 0.7188148437499999 0.28165625 0.65066875 0.26885859375
0 0.7337976562499999 0.34983906249999996 0.7317390625 0.37276796874999996 0.7736890625 0.3802390625 0.7801234375 0.33386640624999997 0.7416 0.32722578125 0.7337976562499999 0.34983906249999996
3 0.708446875 0.25934375 0.70670859375 0.26630546875 0.720965625 0.2692640625 0.7219734375 0.26202187499999996 0.708446875 0.25934375
3 0.68745234375 0.585696875 0.6878359374999999 0.5951 0.70240546875 0.5929890624999999 0.70183046875 0.5849296875000001 0.68745234375 0.585696875
1 0.6843851562500001 0.62970546875 0.6849601562500001 0.6479359375 0.7422796875000001 0.6500468749999999 0.74397109375 0.6148140625 0.6884109375 0.6130109375 0.6843851562500001 0.62970546875
3 0.9602351562500001 0.49275624999999995 0.9764843750000001 0.49275624999999995 0.9771171875 0.48578515624999996 0.96115703125 0.4855390625 0.9602351562500001 0.49275624999999995
1 0.94989453125 0.517471875 0.95031640625 0.53732890625 0.9999085937500001 0.5421875 0.9988539062499999 0.49043281250000004 0.9866140624999999 0.48979921875 0.98492578125 0.5024734375000001 0.9539039062500001 0.49930546875 0.94989453125 0.517471875