3 0.20864687499999998 0.99545078125 0.20084531249999998 0.9877359374999999 0.195975 0.99154375 0.2033859375 0.999159375 0.20864687499999998 0.99545078125
1 0.22921953125 0.99937109375 0.24552421875000002 1 0.26585234375 0.9780054687499999 0.22392578125 0.93675625 0.1979775109375 0.9639428578125001 0.22921953125 0.99937109375
3 0.41880703124999996 0.97229453125 0.4072765625 0.9760359375000001 0.410125 0.98181328125 0.42071249999999993 0.97631328125 0.41880703124999996 0.97229453125
3 0.62839921875 0.9236437499999999 0.6203328124999999 0.92339765625 0.62056484375 0.93887421875 0.62882265625 0.93887421875 0.62839921875 0.9236437499999999
4 0.6737140625 0.86187578125 0.655503125 0.8622992187499999 0.6586796875 0.9407781249999999 0.6781609375000001 0.9384515625000001 0.6737140625 0.86187578125
3 0.9599664062500001 0.8392828124999999 0.9602124999999999 0.8555296875 0.968046875 0.85510703125 0.968046875 0.8390296875000001 0.9599664062500001 0.8392828124999999
1 0.99917421875 0.78445390625 0.9932453125 0.78445390625 0.9932453125 0.8383953125 0.99917421875 0.8388187500000001 0.99917421875 0.78445390625
1 0.9996031249999999 0.671421875 0.996003125 0.671421875 0.9955796875 0.70759453125 0.99939140625 0.70886328125 0.9996031249999999 0.671421875
3 0.24076015625 0.6790375 0.22483515625 0.6796234375 0.22445546875 0.6868640625 0.24181953125 0.686440625 0.24076015625 0.6790375
1 0.27125234374999996 0.59082734375 0.2246671875 0.59146171875 0.22424375 0.6657101562500001 0.24711328125 0.6688835937500001 0.27082890625 0.665921875 0.27125234374999996 0.59082734375
0 0.28141640625000003 0.54661640625 0.22932578124999997 0.5436546875 0.22784374999999998 0.57982734375 0.28183984375 0.583 0.28141640625000003 0.54661640625
0 0.14871953124999998 0.59590390625 0.15062578124999998 0.553596875 0.10866171875 0.5513882812500001 0.1089109375 0.59357734375 0.12754453125 0.5956921875 0.14871953124999998 0.59590390625
0 0.21144218750000002 0.38101093750000004 0.21086875 0.38093671875 0.252521875 0.39222265625 0.26141484375 0.34801171875 0.22181796875 0.33933828125 0.21144218750000002 0.38101093750000004
1 0.45133046875 0.30895546875 0.41427421875 0.3057828125 0.41152187500000004 0.3626859375 0.42824999999999996 0.36585859374999996 0.44857812499999994 0.36480078125 0.45133046875 0.30895546875
3 0.38272421875 0.30832109375 0.37592421875 0.30634453125 0.37361875 0.32333984375 0.38251171875 0.3241859375 0.38272421875 0.30832109375
1 0.6753109375 0.00003046875 0.6384257812499999 0.00035703125000000004 0.64143125 0.0474140625 0.661759375 0.04699140625 0.67912265625 0.04445234375 0.6753109375 0.00003046875