4 0.928378125 0.151796875 0.910253125 0.1430859375 0.8764101562500001 0.22041484374999998 0.8949703124999999 0.22636015625 0.928378125 0.151796875
3 0.9309671875 0.1757234375 0.9262476562499999 0.17367656250000002 0.91893046875 0.18894375000000002 0.9249484375 0.19128671875 0.9309671875 0.1757234375
1 0.85208125 0.00025859375000000003 0.85140078125 0.00049375 0.8555375 0.026207031250000002 0.897753125 0.01978125 0.892075 0 0.85208125 0.00025859375000000003
1 0.799003125 0.71824296875 0.8496124999999999 0.70613359375 0.8471437500000001 0.688834375 0.840725 0.67054765625 0.8397375 0.67054765625 0.790115625 0.6868578125 0.799003125 0.71824296875
1 0.66980234375 0.71849296875 0.61135390625 0.73137734375 0.61845234375 0.7684124999999999 0.6779499999999999 0.75531484375 0.66980234375 0.71849296875
4 0.5382179687499999 0.3995359375 0.53500859375 0.38050703124999996 0.45131796875 0.39014453125 0.45230546875 0.3903921875 0.45403359375 0.4094203125 0.5382179687499999 0.3995359375
4 0.739421875 0.28206875 0.733003125 0.26353359374999996 0.6522742187499999 0.2904703125 0.65770625 0.30752265625 0.739421875 0.28206875
4 0.4968515625 0.2739125 0.40476718749999996 0.29516484374999996 0.40896406250000006 0.31666484375000004 0.5012953125 0.29467109375 0.4968515625 0.2739125
3 0.6807226562500001 0.32503359375 0.67988671875 0.3182765625 0.66646640625 0.3221515625 0.66756328125 0.32791484375 0.6807226562500001 0.32503359375
3 0.465575 0.31332578125 0.45317890624999996 0.317078125 0.45520078125 0.32399062500000003 0.46767812500000006 0.32006171875 0.465575 0.31332578125
1 0.46923828125 0 0.41546562500000006 0.008069531250000001 0.41528828124999995 0.008450000000000001 0.42350078125 0.0431296875 0.4799515625 0.030342968749999998 0.47727343749999995 0.01425703125 0.46923828125 0
1 0.43174140625 0.07908359375 0.42041015625 0.08032109375 0.41319921875 0.05660390625 0.37448046874999996 0.0656421875 0.38744609375 0.12156796875 0.438128125 0.11043125000000001 0.43174140625 0.07908359375
3 0.35186875 0.89535546875 0.34665703125 0.89693984375 0.34980859375 0.91247265625 0.35598984375 0.9102039062499999 0.35186875 0.89535546875
1 0.349190625 0.87328828125 0.339546875 0.83109140625 0.28099609375 0.8452398437499999 0.29129765625 0.8854562500000001 0.349190625 0.87328828125
1 0.23154218750000002 0.5229273437499999 0.2943796875 0.50560390625 0.28575546875 0.47278984375000005 0.2861390625 0.4719875 0.2228890625 0.4897234375 0.23154218750000002 0.5229273437499999
3 0.24534609375 0.47253749999999994 0.25956171875 0.46799999999999997 0.25853125 0.46036953125 0.25859565859375 0.46020851093750004 0.24222421875000003 0.46542890625 0.24534609375 0.47253749999999994
0 0.227184375 0.38431015625 0.16827890625 0.39828515625 0.175678125 0.42926875000000003 0.23480703125 0.4142140625 0.227184375 0.38431015625
1 0.2113203125 0.3689796875 0.21667734374999997 0.38403437500000004 0.26256953125 0.37324375 0.24881718749999998 0.32154531249999996 0.1944265625 0.33433203125 0.20225546875 0.3702171875 0.2113203125 0.3689796875
1 0.12798281250000001 0.11800625000000001 0.1506453125 0.21555546875 0.18834843750000002 0.20730624999999997 0.16589140625 0.10872578125000001 0.16609765625 0.10851953125 0.1652734375 0.10831328124999999 0.12798281250000001 0.11800625000000001
3 0.1016703125 0.17871015625 0.11382578125000001 0.1745859375 0.11176562500000001 0.1677796875 0.0987859375 0.1706671875 0.1016703125 0.17871015625
1 0.022762499999999998 0.6214984375 0.00051171875 0.62376640625 0.0009234375 0.6582078124999999 0.02914921875 0.65449609375 0.022762499999999998 0.6214984375