3 0.00086171875 0.169803125 0.008135937499999999 0.16795390625 0.0089296875 0.16755703125000002 0.0089296875 0.16729296875 0.0058874999999999995 0.1534203125 0.00006796875 0.15447734375 0.00006796875 0.165971875 0.00086171875 0.169803125
1 0.030979687500000002 0.22083593750000002 0.04595703125 0.26037421875 0.13468359375 0.227965625 0.12122031250000001 0.1898859375 0.031673817968750004 0.22044094609374998 0.031628125 0.22035 0.03146640625 0.22035 0.03146640625 0.22051171875 0.03146640625 0.22073840625000002 0.030979687500000002 0.22083593750000002
1 0.44725312500000003 0.312659375 0.4465458203125 0.3117118640625 0.446308109375 0.311742178125 0.45098359375 0.34992890625 0.5173257812500001 0.3419890625 0.51408203125 0.30309921875 0.44676481796875 0.3116839359375 0.44725312500000003 0.312659375
3 0.43898046874999996 0.29807578125 0.45390312499999996 0.2938625 0.45211875 0.288353125 0.43784453125 0.29126953125 0.43784453125 0.2911078125 0.4376828125 0.29159375 0.43898046874999996 0.29807578125
3 0.7131093749999999 0.38136484375 0.719921875 0.3794203125 0.71408203125 0.36435078125000003 0.7090539062500001 0.36613281249999996 0.70859859765625 0.36704269921875 0.7131093749999999 0.38136484375
1 0.72013828125 0.34911875000000003 0.7300328125 0.38687421875 0.7811273437499999 0.3732625 0.77009765625 0.3364796875 0.72013828125 0.34911875000000003
3 0.2465265625 0.45822109375000003 0.24896015624999998 0.47069765625000004 0.25561015625 0.46826718749999996 0.25236640625 0.45741015625000003 0.2465265625 0.45822109375000003
1 0.16326093749999998 0.4593546875 0.1751015625 0.50764375 0.21030078125 0.50051328125 0.20673203125 0.47766562500000004 0.21419375000000002 0.47620703124999997 0.2078671875 0.44979453124999996 0.164234375 0.4593546875 0.164234375 0.45870703125 0.16374765625 0.46016562499999997 0.16326093749999998 0.4593546875
1 0.70275625 0.62672890625 0.6536078125 0.6325624999999999 0.65912265625 0.67145234375 0.7102171875 0.66642890625 0.70275625 0.62672890625
3 0.14284375 0.7374609375000001 0.12821953125000002 0.73999375 0.13051640625 0.74556328125 0.14414140625 0.74183671875 0.14284375 0.7374609375000001
1 0.10651015625 0.76662890625 0.12651796875000001 0.83871171875 0.16425546875000002 0.8278804687499999 0.14251953125 0.7562578125 0.10651015625 0.76662890625
1 0.36655000000000004 0.943696875 0.33086484375 0.9490437500000001 0.33751484375 0.9861515624999999 0.33767734374999997 0.9853414062500001 0.37482265625 0.9774015625000001 0.36655000000000004 0.943696875
1 0.59223359375 0.8821517375000001 0.59223359375 0.8824453125 0.5915843749999999 0.88325546875 0.59187526328125 0.8823220539062501 0.59126015625 0.8824453125 0.60521015625 0.93462265625 0.63862421875 0.9257101562500001 0.62645859375 0.8735328125 0.59223359375 0.8821517375000001
0 0.11449140625000001 0.3857484375 0.08733671875 0.39061328125 0.09048437499999999 0.41564453125 0.11942421875 0.41071640625 0.11449140625000001 0.3857484375
0 0.10939375 0.46213125 0.1148203125 0.49580546875 0.13553828125 0.49054843750000005 0.128796875 0.45687421875 0.10939375 0.46213125