3 0.0089296875 0.83244296875 0.008135937499999999 0.83204609375 0.00086171875 0.8301968750000001 0.00006796875 0.834028125 0.00006796875 0.84552265625 0.0058874999999999995 0.8465796875 0.0089296875 0.83270703125 0.0089296875 0.83244296875
1 0.031673817968750004 0.77955905390625 0.12122031250000001 0.8101140625 0.13468359375 0.7720343749999999 0.04595703125 0.73962578125 0.030979687500000002 0.7791640625 0.03146640625 0.77926159375 0.03146640625 0.77948828125 0.03146640625 0.77965 0.031628125 0.77965 0.031673817968750004 0.77955905390625
1 0.446308109375 0.688257821875 0.4465458203125 0.6882881359375 0.44725312500000003 0.687340625 0.44676481796875 0.6883160640625 0.51408203125 0.69690078125 0.5173257812500001 0.6580109375000001 0.45098359375 0.65007109375 0.446308109375 0.688257821875
3 0.45390312499999996 0.7061375 0.43898046874999996 0.70192421875 0.4376828125 0.70840625 0.43784453125 0.7088921874999999 0.43784453125 0.70873046875 0.45211875 0.711646875 0.45390312499999996 0.7061375
3 0.7131093749999999 0.61863515625 0.70859859765625 0.63295730078125 0.7090539062500001 0.6338671875 0.71408203125 0.63564921875 0.719921875 0.6205796875 0.7131093749999999 0.61863515625
1 0.77009765625 0.6635203125 0.7811273437499999 0.6267375000000001 0.7300328125 0.6131257812500001 0.72013828125 0.6508812500000001 0.77009765625 0.6635203125
3 0.25236640625 0.54258984375 0.25561015625 0.5317328125 0.24896015624999998 0.52930234375 0.2465265625 0.54177890625 0.25236640625 0.54258984375
1 0.21419375000000002 0.52379296875 0.20673203125 0.522334375 0.21030078125 0.49948671874999995 0.1751015625 0.49235625 0.16326093749999998 0.5406453124999999 0.16374765625 0.5398343750000001 0.164234375 0.54129296875 0.164234375 0.5406453124999999 0.2078671875 0.55020546875 0.21419375000000002 0.52379296875
1 0.7102171875 0.33357109375 0.65912265625 0.32854765625 0.6536078125 0.3674375 0.70275625 0.37327109375 0.7102171875 0.33357109375
3 0.14414140625 0.25816328125 0.13051640625 0.25443671874999996 0.12821953125000002 0.26000625 0.14284375 0.26253906250000003 0.14414140625 0.25816328125
1 0.14251953125 0.2437421875 0.16425546875000002 0.17211953124999999 0.12651796875000001 0.16128828125 0.10651015625 0.23337109374999998 0.14251953125 0.2437421875
1 0.36655000000000004 0.056303124999999996 0.37482265625 0.0225984375 0.33767734374999997 0.01465859375 0.33751484375 0.0138484375 0.33086484375 0.05095625 0.36655000000000004 0.056303124999999996
1 0.59187526328125 0.11767794609375 0.5915843749999999 0.11674453124999999 0.59223359375 0.1175546875 0.59223359375 0.1178482625 0.62645859375 0.1264671875 0.63862421875 0.07428984375 0.60521015625 0.06537734375000001 0.59126015625 0.1175546875 0.59187526328125 0.11767794609375
0 0.11942421875 0.5892835937500001 0.09048437499999999 0.58435546875 0.08733671875 0.60938671875 0.11449140625000001 0.6142515625 0.11942421875 0.5892835937500001
0 0.128796875 0.54312578125 0.13553828125 0.5094515625 0.1148203125 0.50419453125 0.10939375 0.53786875 0.128796875 0.54312578125