1 0.8733390625 0.380303125 0.8806796875 0.34026171875 0.8242914062500001 0.329078125 0.8171078125 0.3731265625 0.8733390625 0.380303125
3 0.84286171875 0.31733359375000003 0.8430429687500001 0.31082421875 0.8272953125000001 0.3111859375 0.8274765625 0.31841875000000003 0.84286171875 0.31733359375000003
3 0.6251734375 0.35892265624999997 0.6387484375 0.3583796875 0.63911015625 0.34951953125 0.6382054687500001 0.34970078125000004 0.62553515625 0.354040625 0.6251734375 0.35892265624999997
1 0.653590625 0.414434375 0.64399765625 0.37194140625 0.59186796875 0.38477968749999997 0.598565625 0.42239062499999996 0.653590625 0.414434375
1 0.3405421875 0.47910859375000003 0.35791875 0.4915859375 0.3751140625 0.47061015624999997 0.37239921875 0.4677171875 0.39212890625 0.44366796875 0.3660640625 0.41961875 0.327871875 0.46608984375 0.3405421875 0.47910859375000003
3 0.328375 0.43529921875 0.32027031250000004 0.4452953125 0.32551874999999997 0.44927343750000004 0.33312109375 0.439328125 0.328375 0.43529921875
3 0.28978828125 0.70069375 0.29581640625 0.6976718749999999 0.287796875 0.6831546875 0.28128125000000004 0.68857890625 0.28978828125 0.70069375
1 0.34083125000000003 0.68062265625 0.33015234375 0.6580203124999999 0.325084375 0.6610945312500001 0.30915546875 0.63234375 0.27910859375 0.64789453125 0.30716484374999997 0.7014171874999999 0.32291171875 0.6934609375 0.34083125000000003 0.68062265625
3 0.9027203125 0.691925 0.91575234375 0.68415 0.9128562499999999 0.67709765625 0.89873828125 0.6861390625 0.9027203125 0.691925
1 0.9396453125 0.64545390625 0.9400070312500001 0.64473046875 0.9162953125 0.61815 0.8909546875000001 0.6364132812500001 0.8884210937500001 0.632615625 0.868871875 0.64943203125 0.8784656249999999 0.66588671875 0.8924031250000001 0.68107578125 0.9394640624999999 0.64491171875 0.9392828124999999 0.6450921875 0.9396453125 0.64491171875 0.9396453125 0.64545390625
1 0.6931570312499999 0.73915703125 0.69840625 0.77694921875 0.75379296875 0.76845 0.7501734375 0.73409453125 0.750896875 0.7337328125 0.7501294984375 0.73403963046875 0.7501734375 0.7337328125 0.75053515625 0.73337109375 0.718859375 0.73734921875 0.7184976562500001 0.73445625 0.6931570312499999 0.73915703125
3 0.69351875 0.793584375 0.7090468750000001 0.79182265625 0.70890390625 0.7836390625 0.69152734375 0.78870234375 0.69351875 0.793584375
3 0.5105828125 0.81564453125 0.5245203125 0.81582578125 0.5243390625 0.809496875 0.5104015625 0.80967734375 0.5105828125 0.81564453125
1 0.4783640625 0.76157890625 0.47076171875000006 0.7970203125 0.5268734375 0.8071460937499999 0.5345835937500001 0.76468984375 0.50877265625 0.7626640625000001 0.5080484375000001 0.76628046875 0.4783640625 0.76157890625