1 0.7543734375 0 0.7617796875 0.02178046875 0.77209609375 0.017552343749999998 0.77619609375 0.029046875 0.7982828125 0.022440625 0.79136875 0 0.7543734375 0
3 0.80145703125 0.02204453125 0.80921171875 0.02048671875 0.80516015625 0.008303125 0.79815078125 0.01054921875 0.80145703125 0.02204453125
3 0.7820875 0.40916015625 0.787803125 0.41029921874999997 0.78878828125 0.39826171875 0.78099609375 0.3977953125 0.7820875 0.40916015625
1 0.7311265625 0.378178125 0.7298796875 0.40698046874999994 0.73673671875 0.40760312499999996 0.7362695312499999 0.44107578125 0.77168359375 0.44277109374999996 0.7742953124999999 0.37989140625 0.7587109375 0.37771171875 0.7311265625 0.378178125
3 0.47044453124999996 0.45494375 0.47756718749999993 0.45421796875 0.47511953125 0.43953046875 0.4676390625 0.43953046875 0.47044453124999996 0.45494375
1 0.4174578125 0.410884375 0.42836640625 0.46926640624999993 0.44114609375 0.46506328124999996 0.44473046875 0.4778296875 0.46565312499999995 0.47430859375 0.45252265625000004 0.4062140625 0.43491171875 0.4060578125 0.4174578125 0.410884375
3 0.1147359375 0.68332578125 0.11850703124999999 0.68245625 0.11380078125 0.6677570312500001 0.10616406249999999 0.6690031249999999 0.1147359375 0.68332578125
1 0.13863203125 0.62089609375 0.12429453125 0.625721875 0.10933359375 0.6356859375 0.1345796875 0.6892421875 0.17247109375 0.66984140625 0.159359375 0.64580546875 0.15312578125 0.6478296875 0.13863203125 0.62089609375
3 0.47495703125000005 0.5181875 0.48948203125 0.5191617187500001 0.48898281250000003 0.51196015625 0.4751125 0.5110257812500001 0.47495703125000005 0.5181875
3 0.71619609375 0.75399296875 0.7223921875 0.7429617187499999 0.71713125 0.739046875 0.7096507812499999 0.7493218749999999 0.71619609375 0.75399296875
3 0.771884375 0.83884140625 0.7864015625 0.8347703125000001 0.78419609375 0.8282546875 0.769546875 0.83199140625 0.771884375 0.83884140625
3 0.99595078125 0.83991015625 0.992196875 0.8450695312500001 0.99905390625 0.8508296874999999 1 0.8411773437500001 0.99595078125 0.83991015625
1 0.9996882812500001 0.79015078125 0.9865867187499999 0.78077109375 0.9692875000000001 0.81299765625 0.9998328125 0.83463828125 0.9996882812500001 0.79015078125
1 0.75661171875 0.7843515625 0.75863828125 0.790734375 0.72902734375 0.79836328125 0.7274695312499999 0.804590625 0.7379109374999999 0.8344828124999999 0.7957460937499999 0.81654921875 0.7908976562500001 0.7947828125 0.78295 0.7761 0.75661171875 0.7843515625