1 0.28058125 0.242746875 0.24831093750000002 0.24135546875 0.24552890624999998 0.290596875 0.2789125 0.29003984374999997 0.28058125 0.242746875
4 0.34206328125 0.21715234374999998 0.3707171875 0.21965625000000003 0.37127421875 0.20713750000000003 0.34206328125 0.20491171874999997 0.34206328125 0.21715234374999998
1 0.94241328125 0.24831093750000002 0.94352578125 0.25999453125 0.93963125 0.26110781250000004 0.94074375 0.28391953124999997 0.9735710937500001 0.27779921875 0.9691203125 0.24441562499999997 0.94241328125 0.24831093750000002
1 0.44972578125 0.5365234375 0.44610859375 0.57074140625 0.48783828125 0.5732453125 0.4911765625 0.5443125 0.44972578125 0.5365234375
1 0.5832601562499999 0.4845 0.54097421875 0.48533515625 0.54180859375 0.50536484375 0.58298203125 0.50508671875 0.5832601562499999 0.4845
1 0.6043984375 0.4399921875 0.6043984375 0.47560156249999996 0.6330546874999999 0.47560156249999996 0.6330546874999999 0.4399921875 0.6043984375 0.4399921875
1 0.8030312500000001 0.46475 0.8030312500000001 0.5062031250000001 0.8417031250000001 0.5062031250000001 0.8417031250000001 0.46475 0.8030312500000001 0.46475
1 0.8497734375 0.46446875 0.8497734375 0.49284375 0.8809296874999999 0.49284375 0.8809296874999999 0.46446875 0.8497734375 0.46446875
0 0.78383984375 0.600234375 0.78383984375 0.634171875 0.82000390625 0.634171875 0.82000390625 0.600234375 0.78383984375 0.600234375
4 0.8005328125 0.49062031250000004 0.8010890625 0.46057499999999996 0.7913515624999999 0.46057499999999996 0.7885703125 0.4908984375 0.8005328125 0.49062031250000004
4 0.81054765625 0.7165171875 0.78105859375 0.72541953125 0.78551015625 0.737103125 0.8138859374999999 0.72820078125 0.81054765625 0.7165171875
4 0.5865984375 0.8976234375000001 0.56016953125 0.9090296875 0.56406484375 0.9184882812499999 0.58993671875 0.9090296875 0.5865984375 0.8976234375000001