1 0.71941875 0.757253125 0.7516890625 0.7586445312500001 0.75447109375 0.7094031249999999 0.7210875 0.70996015625 0.71941875 0.757253125
4 0.65793671875 0.78284765625 0.6292828125 0.78034375 0.62872578125 0.7928625 0.65793671875 0.79508828125 0.65793671875 0.78284765625
1 0.05758671875 0.7516890625 0.056474218750000006 0.74000546875 0.060368750000000006 0.7388921875000001 0.059256249999999996 0.71608046875 0.026428906250000002 0.72220078125 0.030879687500000003 0.755584375 0.05758671875 0.7516890625
1 0.55027421875 0.4634765625 0.55389140625 0.42925859375000003 0.51216171875 0.4267546875 0.5088234375 0.45568749999999997 0.55027421875 0.4634765625
1 0.41673984375 0.5155000000000001 0.45902578125 0.51466484375 0.45819140625 0.49463515625000004 0.41701796875 0.49491328125 0.41673984375 0.5155000000000001
1 0.3956015625 0.5600078125 0.3956015625 0.5243984375 0.3669453125 0.5243984375 0.3669453125 0.5600078125 0.3956015625 0.5600078125
1 0.19696875 0.53525 0.19696875 0.49379687499999997 0.158296875 0.49379687499999997 0.158296875 0.53525 0.19696875 0.53525
1 0.1502265625 0.53553125 0.1502265625 0.50715625 0.1190703125 0.50715625 0.1190703125 0.53553125 0.1502265625 0.53553125
0 0.21616015625 0.399765625 0.21616015625 0.365828125 0.17999609375 0.365828125 0.17999609375 0.399765625 0.21616015625 0.399765625
4 0.1994671875 0.5093796875 0.1989109375 0.539425 0.2086484375 0.539425 0.2114296875 0.5091015624999999 0.1994671875 0.5093796875
4 0.18945234375 0.2834828125 0.21894140625 0.27458046875000003 0.21448984375000002 0.262896875 0.1861140625 0.27179921875 0.18945234375 0.2834828125
4 0.4134015625 0.1023765625 0.43983046875 0.0909703125 0.43593515624999996 0.08151171874999999 0.41006328124999997 0.0909703125 0.4134015625 0.1023765625