1 0.9491757812499999 0.9523255210937499 0.9491757812499999 0.9527546875 0.94907663203125 0.9523585703125 0.94837109375 0.9525937499999999 0.94845081953125 0.9521558398437501 0.890925 0.9429484374999999 0.8844109375 0.9866015625 0.9303484375 0.9955140625000001 0.9329234375000001 0.9775101562499999 0.94499140625 0.97863515625 0.9496585937500001 0.9522718749999999 0.94933671875 0.9522718749999999 0.9491757812499999 0.9523255210937499
3 0.91273125 0.9211765625 0.9283398437500001 0.92326640625 0.92828046875 0.9164617187499999 0.9135359375000001 0.91522890625 0.91273125 0.9211765625
1 0.20052109375 0.9989109375 0.20076312187499998 0.99915270625 0.20288515624999998 0.9885546875 0.1657828125 0.98310390625 0.16341796875 0.99945625 0.20052109375 0.9989109375
1 0.36628515625 0.61244453125 0.35631548515625 0.5743851195312499 0.30717578125 0.5900960937499999 0.31808828125 0.6257078125 0.36628515625 0.61244453125
1 0.8779765625 0.47414531249999997 0.87270234375 0.52665390625 0.9078039062500001 0.5293796875 0.9125328125 0.47705234374999994 0.8779765625 0.47414531249999997
3 0.908278125 0.46613046875 0.908021875 0.471875 0.92235859375 0.47356015625000003 0.92335625 0.46919374999999997 0.908278125 0.46613046875
1 0.8241164062499999 0.3214765625 0.8295242187499999 0.36818515625 0.86476640625 0.36557109374999996 0.8624984375 0.32130234375 0.8618 0.321128125 0.8445281250000001 0.31816484375 0.8241164062499999 0.3214765625
1 0.9928000000000001 0.12303359375 0.9708054687500001 0.12281640625000001 0.9712414062500001 0.16023515625 0.99976875 0.16023515625 1 0.1194875 0.99367109375 0.1197703125 0.9928000000000001 0.12303359375
3 1 0.1820890625 0.9895234374999999 0.1820890625 0.98980625 0.1871765625 1 0.1871765625 1 0.18265390625 1 0.1820890625
1 0.37157421875 0.06598671874999999 0.40785 0.07225234375 0.41396875 0.019864062499999998 0.38038906250000004 0.014846875 0.37157421875 0.06598671874999999
1 0.2772140625 0.0747921875 0.32315078124999996 0.06243046875 0.32026953125 0.0427875 0.31715781249999997 0.02647109375 0.2682296875 0.03906171875 0.2772140625 0.0747921875
1 0.10646015625000001 0.06327734375 0.1418875 0.06547890625 0.14527812499999998 0.015185156250000002 0.110528125 0.0126453125 0.10646015625000001 0.06327734375