1 0.0666546875 0.391628125 0.0573890625 0.39549218750000004 0.06794140625 0.42769609375 0.1286796875 0.41172265625 0.12713515625 0.39446171875 0.11675625 0.3751125 0.0666546875 0.391628125
3 0.31295234375000003 0.29046640625000003 0.3018859375 0.30025625 0.3054890625 0.30360546875 0.31718515625 0.2940140625 0.31295234375000003 0.29046640625000003
3 0.28309843749999997 0.24795859375 0.27177421874999996 0.25877890625 0.27640703125 0.26315859375 0.28744843750000004 0.25423671875 0.28309843749999997 0.24795859375
3 0.22364687499999997 0.18114687499999998 0.21155078125000001 0.1901640625 0.21592578125 0.19505859375 0.22802265625 0.18655703125 0.22364687499999997 0.18114687499999998
1 0.20949218749999998 0.21412343749999999 0.2506703125 0.26848203125 0.276921875 0.24529609375 0.2406328125 0.1924828125 0.20949218749999998 0.21412343749999999
1 0.29384609375 0.32866328125 0.33090703125 0.37838515625 0.34712031250000003 0.3714296875 0.35921640625 0.36009375 0.32259140625 0.30830234375 0.29384609375 0.32866328125
1 0.37980625 0.81540625 0.37594531249999996 0.8143757812500001 0.3671953125 0.8334398437500001 0.4019390625 0.8478671875 0.40734375 0.8326671875 0.41789609375000003 0.83550078125 0.4289625 0.80484296875 0.392490625 0.79025859375 0.37980625 0.81540625
1 0.54421015625 0.7858203125000001 0.5400921875 0.8025664062500001 0.54112109375 0.8200843750000001 0.601859375 0.8234335937499999 0.60494765625 0.790715625 0.54421015625 0.7858203125000001
0 0.48064062500000004 0.79097265625 0.48347187500000005 0.8270406250000001 0.51358359375 0.8252375000000001 0.5133656249999999 0.7929625 0.48064062500000004 0.79097265625
1 0.5318562499999999 0.39920859375 0.5259367187499999 0.41389375 0.523878125 0.4314125 0.5784390625 0.44120156250000003 0.58641796875 0.41054453124999996 0.5318562499999999 0.39920859375
1 0.8051234375 0.4307546875 0.80023359375 0.44930390625000005 0.8004906249999999 0.46785234375 0.8776999999999999 0.47042890625 0.88207578125 0.43771015625 0.8051234375 0.4307546875
3 0.78865234375 0.43461875 0.788618159375 0.43463586796875 0.7899390625 0.43539140625000006 0.79045390625 0.45265234374999996 0.7968875 0.45265234374999996 0.7968875 0.43513437499999996 0.78865234375 0.43461875
1 0.82854375 0.88263125 0.8244257812500001 0.8980890625000001 0.8241687499999999 0.9179265624999999 0.8769281250000001 0.92101796875 0.8836195312499999 0.91844140625 0.88526015625 0.8868046875 0.82854375 0.88263125
3 0.8136164062500001 0.9127734375 0.8203078125 0.9122585937500001 0.8185062500000001 0.8996351562499999 0.81381640625 0.8995484375 0.8136164062500001 0.9127734375