1 0.8784562499999999 0.94414765625 0.9323578124999999 0.93662109375 0.9317781249999999 0.8958015625 0.9311984375 0.896090625 0.8735296874999999 0.8998539062500001 0.8784562499999999 0.94414765625
1 0.89371640625 0.512934375 0.9131679687500001 0.51270625 0.93101796875 0.5104203125 0.9296453124999999 0.45029375 0.8907414062499999 0.4537234375 0.89371640625 0.512934375
1 0.096303125 0.55149140625 0.09997500000000001 0.552365625 0.09962578125 0.58328828125 0.13250390625 0.58346328125 0.1365265625 0.5287796874999999 0.1363515625 0.52843046875 0.09752734375 0.5249359375 0.096303125 0.55149140625
3 0.14019921875000002 0.5719328124999999 0.14754375 0.574378125 0.1506921875 0.563546875 0.15104140625 0.5624984375000001 0.15086640625 0.56197421875 0.15086640625 0.5623234375 0.14492109375 0.5607515624999999 0.14019921875000002 0.5719328124999999
1 0.98334765625 0.29224765625 0.99961171875 0.28997656250000003 0.9990867187499999 0.25031796875 0.9989125 0.25119140624999997 0.9989125 0.2506671875 0.9810742187500001 0.251715625 0.98334765625 0.29224765625
1 0.3890453125 0.37366171875 0.4213984375 0.41000078125000006 0.4459917 0.381454090625 0.41457812499999996 0.34850390625 0.3890453125 0.37366171875
1 0.00759453125 0.39725546875 0 0.39655703125 0.0008468750000000001 0.41898125 0.00899375 0.417521875 0.00759453125 0.39725546875
1 0.25832968749999996 0.23254296874999997 0.2850875 0.21018046875000002 0.2522515625 0.17046015625 0.22422734375000003 0.19480625000000001 0.25832968749999996 0.23254296874999997
1 0.6613234375 0.22590390624999998 0.70836796875 0.24686875000000003 0.7251562500000001 0.21489765625 0.67741328125 0.19340859375 0.6613234375 0.22590390624999998
4 0.66027265625 0.1742703125 0.6739140625 0.18108437500000002 0.7146617187500001 0.11871328125 0.700321875 0.10980390625 0.66027265625 0.1742703125
1 0.50054140625 0.10556953124999999 0.5328953125 0.1382390625 0.5594781249999999 0.11482890625 0.5276484375 0.07866406249999999 0.50054140625 0.10556953124999999
1 0.10268958515625 0.0081449609375 0.1019203125 0.00860625 0.10232904296875 0.00773084609375 0.10201421171875 0.007369233593750001 0.101832421875 0.0077328125 0.1019203125 0.0077328125 0.10174975703125 0.0078981421875 0.1015703125 0.008257031250000001 0.10127976015625 0.0083537375 0.07831015625 0.03061953125 0.10751640625 0.066609375 0.1342734375 0.044421875 0.10268958515625 0.0081449609375