1 0.14568359375 0.8448515625 0.14568359375 0.9029609375 0.18572265625 0.9029609375 0.18572265625 0.8448515625 0.14568359375 0.8448515625
3 0.7353 0.6796249999999999 0.73466015625 0.69203359375 0.74208671875 0.69388828125 0.74193203125 0.6792046875 0.7353 0.6796249999999999
1 0.727078125 0.67549453125 0.674765625 0.669884375 0.66952109375 0.71382734375 0.72429375 0.7170734375000001 0.727078125 0.67549453125
1 0.8803468750000001 0.59723515625 0.9140765625 0.60882734375 0.9225859375000001 0.5839421875 0.9335718749999999 0.588425 0.9552328125 0.5224249999999999 0.9179445312500001 0.50944140625 0.90417421875 0.54298203125 0.89953203125 0.54128203125 0.8803468750000001 0.59723515625
3 0.955078125 0.50294921875 0.9433187500000001 0.4998578125 0.9403796874999999 0.506040625 0.9533757812499999 0.50975 0.955078125 0.50294921875
1 0.84790546875 0.20288671875 0.8259281250000001 0.2031046875 0.80610078125 0.20759921874999998 0.8167890625 0.3089671875 0.8574796875 0.30570624999999996 0.84790546875 0.20288671875
1 0.73676640625 0.06774609375 0.73785390625 0.08557109375000001 0.7224046875 0.0879625 0.72553359375 0.12605390625 0.79725859375 0.12078671875 0.792253125 0.0614421875 0.73676640625 0.06774609375
1 0.0014304687499999999 0.1105609375 0.03276484375 0.1083875 0.02493125 0.054042968749999996 0.00010859375000000001 0.05788203125 0.000125 0.05773828125 0 0.05730390625 0.0014304687499999999 0.1105609375
1 0.37386015625 0.25713515625 0.37358515625 0.31034609375 0.41106953125 0.31300078125 0.4112875 0.25713515625 0.37386015625 0.25713515625
1 0.49856249999999996 0.37857578125 0.48970546875 0.41570234375000004 0.530984375 0.42357265625 0.5383828125 0.3887921875 0.49856249999999996 0.37857578125
1 0.42909687500000004 0.5708171875 0.41060078125 0.571034375 0.4048984375 0.61728203125 0.444328125 0.62233515625 0.45020390624999995 0.57538203125 0.42909687500000004 0.5708171875