1 0.18572265625 0.1551484375 0.18572265625 0.0970390625 0.14568359375 0.0970390625 0.14568359375 0.1551484375 0.18572265625 0.1551484375
3 0.74193203125 0.3207953125 0.74208671875 0.30611171875 0.73466015625 0.30796640625 0.7353 0.32037499999999997 0.74193203125 0.3207953125
1 0.72429375 0.28292656250000003 0.66952109375 0.28617265625 0.674765625 0.330115625 0.727078125 0.32450546875 0.72429375 0.28292656250000003
1 0.9335718749999999 0.411575 0.9225859375000001 0.41605781249999996 0.9140765625 0.39117265625000003 0.8803468750000001 0.40276484375 0.89953203125 0.45871796875 0.90417421875 0.45701796874999995 0.9179445312500001 0.49055859375 0.9552328125 0.477575 0.9335718749999999 0.411575
3 0.9533757812499999 0.49024999999999996 0.9403796874999999 0.49395937500000003 0.9433187500000001 0.5001421875000001 0.955078125 0.49705078125 0.9533757812499999 0.49024999999999996
1 0.84790546875 0.7971132812499999 0.8574796875 0.69429375 0.8167890625 0.6910328125 0.80610078125 0.79240078125 0.8259281250000001 0.7968953125 0.84790546875 0.7971132812499999
1 0.73785390625 0.9144289062500001 0.73676640625 0.93225390625 0.792253125 0.9385578125 0.79725859375 0.87921328125 0.72553359375 0.8739460937500001 0.7224046875 0.9120375 0.73785390625 0.9144289062500001
1 0.03276484375 0.8916124999999999 0.0014304687499999999 0.8894390624999999 0 0.9426960937500001 0.000125 0.94226171875 0.00010859375000000001 0.9421179687500001 0.02493125 0.9459570312500001 0.03276484375 0.8916124999999999
1 0.4112875 0.74286484375 0.41106953125 0.68699921875 0.37358515625 0.68965390625 0.37386015625 0.74286484375 0.4112875 0.74286484375
1 0.5383828125 0.6112078125 0.530984375 0.57642734375 0.48970546875 0.58429765625 0.49856249999999996 0.62142421875 0.5383828125 0.6112078125
1 0.42909687500000004 0.4291828125 0.45020390624999995 0.42461796874999996 0.444328125 0.37766484375 0.4048984375 0.38271796875 0.41060078125 0.428965625 0.42909687500000004 0.4291828125