4 0.6746796875000001 0.17841484375 0.6855609375 0.1781671875 0.686303125 0.17322109375 0.6991640625 0.17173671875000002 0.6991640625 0.17668359375 0.70930390625 0.1764359375 0.7102929687499999 0.17050078125 0.7115296875 0.170253125 0.7115296875 0.16011328125 0.67195859375 0.163328125 0.6729484375 0.17346796874999998 0.6746796875000001 0.17396328125 0.6746796875000001 0.17841484375
1 0.13453984375 0.2464265625 0.13429296875000002 0.27511562500000003 0.18350859375 0.27635156250000004 0.18499296875 0.24667421875 0.13453984375 0.2464265625
0 0.12370234375 0.21500859375 0.12342968750000001 0.22781484375 0.14141328125 0.22808671875000003 0.14168515625 0.21500859375 0.12370234375 0.21500859375
0 0.12806171875 0.17277499999999998 0.13214921875000002 0.2005671875 0.14550000000000002 0.19757031249999998 0.14141328125 0.17032265625 0.12806171875 0.17277499999999998
0 0.44467421875 0.6564125 0.47600859375000004 0.65886484375 0.48009531250000004 0.60736796875 0.44794375000000003 0.606278125 0.44467421875 0.6564125
1 0.5443757812500001 0.6433992187500001 0.5435148437499999 0.61540546875 0.52908671875 0.61389765625 0.5103523437499999 0.6113140625 0.50798359375 0.64598359375 0.52671796875 0.6466296875 0.5273640625 0.6433992187500001 0.5443757812500001 0.6433992187500001
3 0.4943015625 0.63028984375 0.4938234375 0.64511640625 0.49992187499999996 0.6460734375 0.5005195312499999 0.63028984375 0.4943015625 0.63028984375
1 0.5650328124999999 0.5067296875 0.5631234375 0.5410999999999999 0.59081015625 0.5418953125 0.59192421875 0.507684375 0.5650328124999999 0.5067296875
0 0.59653828125 0.66473515625 0.55866796875 0.661553125 0.55628125 0.70483359375 0.5939929687500001 0.7086523437500001 0.59653828125 0.66473515625
0 0.637909375 0.5568523437499999 0.61420078125 0.556375 0.612928125 0.60076953125 0.65970859375 0.6022015625 0.65986796875 0.55717109375 0.6426828125 0.55701171875 0.637909375 0.5568523437499999
1 0.71221796875 0.56162578125 0.7098312499999999 0.6163632812500001 0.75931796875 0.61843203125 0.762340625 0.5621031249999999 0.71221796875 0.56162578125
0 0.7905046875 0.671259375 0.78127578125 0.6704640625 0.7819125 0.66791796875 0.72908515625 0.66680390625 0.7278117187500001 0.7013328125 0.72892578125 0.7011734374999999 0.79034609375 0.70101484375 0.7905046875 0.671259375
1 0.16190546875 0.9996679687500001 0.19806875 1 0.1675453125 0.9890515625 0.16190546875 0.9996679687500001