4 0.829746875 0.2884703125 0.82949921875 0.28970703124999997 0.8235640625 0.29069609375 0.82331640625 0.3008359375 0.8282632812499999 0.3008359375 0.8267789062500001 0.313696875 0.8218328125 0.31443906250000003 0.82158515625 0.32532031250000004 0.82603671875 0.32532031250000004 0.82653203125 0.3270515625 0.8366718750000001 0.32804140625 0.8398867187500001 0.2884703125 0.829746875 0.2884703125
1 0.7533257812499999 0.8150070312500001 0.7236484375 0.8164914062499999 0.724884375 0.86570703125 0.7535734374999999 0.86546015625 0.7533257812499999 0.8150070312500001
0 0.78499140625 0.85831484375 0.77191328125 0.85858671875 0.7721851562500001 0.8765703125 0.78499140625 0.87629765625 0.78499140625 0.85831484375
0 0.82967734375 0.85858671875 0.8024296874999999 0.8545 0.7994328125 0.8678507812499999 0.827225 0.87193828125 0.82967734375 0.85858671875
0 0.393721875 0.5520562499999999 0.39263203125 0.5199046875 0.34113515625 0.52399140625 0.3435875 0.55532578125 0.393721875 0.5520562499999999
1 0.38610234375 0.47091328125 0.38459453125 0.45648515625 0.35660078125 0.45562421875 0.35660078125 0.47263593750000005 0.3533703125 0.47328203125 0.35401640625 0.49201640625 0.38868593749999997 0.48964765625 0.38610234375 0.47091328125
3 0.36971015625 0.49948046875 0.3539265625 0.500078125 0.35488359375 0.5061765625 0.36971015625 0.5056984375 0.36971015625 0.49948046875
1 0.492315625 0.40807578125 0.4581046875 0.40918984375 0.45890000000000003 0.4368765625 0.4932703125 0.4349671875 0.492315625 0.40807578125
0 0.29134765625000003 0.40600703125 0.29516640625 0.44371875000000005 0.338446875 0.44133203125 0.33526484375 0.40346171875000003 0.29134765625000003 0.40600703125
0 0.44362500000000005 0.38579921875 0.44314765625 0.362090625 0.44298828125 0.35731718749999997 0.44282890625000004 0.34013203125 0.3977984375 0.34029140625 0.39923046875 0.387071875 0.44362500000000005 0.38579921875
1 0.437896875 0.237659375 0.38156796875 0.24068203124999998 0.38363671875 0.29016875 0.43837421875000004 0.28778203125 0.437896875 0.237659375
0 0.33208203125 0.2180875 0.3295359375 0.21872421874999998 0.328740625 0.2094953125 0.29898515625 0.20965390625000002 0.2988265625 0.27107421875000004 0.2986671875 0.27218828125 0.33319609375 0.27091484375 0.33208203125 0.2180875
1 0 0.80193125 0.00033203124999999997 0.83809453125 0.0109484375 0.8324546875 0 0.80193125