1 0.89992265625 0.6925945312499999 0.9151929687499999 0.71720625 0.96388359375 0.68889375 0.9491953125 0.6631015625 0.89992265625 0.6925945312499999
3 0.9435648437499999 0.7196109374999999 0.946621875 0.7227828125 0.95693671875 0.715828125 0.9536765624999999 0.711271875 0.9435648437499999 0.7196109374999999
3 0.7540390625 0.86187421875 0.7587453125 0.8730687500000001 0.7654695312500001 0.87105390625 0.7606507812500001 0.85896328125 0.7540390625 0.86187421875
1 0.7582765625000001 0.8347257812500001 0.7751984375000001 0.8694304687500001 0.822265625 0.8476000000000001 0.8227187499999999 0.84724453125 0.80568046875 0.81323125 0.7582765625000001 0.8347257812500001
1 0.69460703125 0.84413359375 0.6711796875 0.8525109375 0.6814289062500001 0.893334375 0.70871640625 0.8842921875 0.72697109375 0.8774195312499999 0.7135085937500001 0.8394789062499999 0.69460703125 0.84413359375
1 0.0005367187500000001 0.84110078125 0.02646015625 0.873725 0.0530390625 0.8589781249999999 0.029636718750000002 0.823709375 0.0005367187500000001 0.84110078125
1 0.0994203125 0.690703125 0.1234421875 0.72968046875 0.145934375 0.7160765625 0.14119140624999998 0.7088929687500001 0.161540625 0.6960531249999999 0.142109375 0.66533046875 0.0994203125 0.690703125
1 0.3135453125 0.5493210937499999 0.33535703125 0.57707421875 0.37301015625 0.5525328125 0.37523671875 0.5511015625 0.35625 0.52202734375 0.3135453125 0.5493210937499999
1 0.61497890625 0.3495640625 0.60155859375 0.3242578125 0.5720328125 0.3436984375 0.58800234375 0.369471875 0.61497890625 0.3495640625
1 0.900390625 0.1811203125 0.8760921875 0.1770203125 0.86476484375 0.17898828125 0.8646 0.18062890625 0.8532718750000001 0.17997265625 0.85195859375 0.229503125 0.88545078125 0.23147109375000002 0.8861070312500001 0.21621875 0.898525 0.21757109375 0.900390625 0.1811203125
0 0.8540929687500001 0.3147875 0.8930023437499999 0.31544296875 0.8957937499999999 0.2813296875 0.8534367187499999 0.281165625 0.8540929687500001 0.3147875