1 0.9491953125 0.33689843750000004 0.96388359375 0.31110625000000003 0.9151929687499999 0.28279375 0.89992265625 0.30740546874999997 0.9491953125 0.33689843750000004
3 0.9536765624999999 0.288728125 0.95693671875 0.284171875 0.946621875 0.2772171875 0.9435648437499999 0.2803890625 0.9536765624999999 0.288728125
3 0.7606507812500001 0.14103671874999998 0.7654695312500001 0.12894609375 0.7587453125 0.12693125 0.7540390625 0.13812578125 0.7606507812500001 0.14103671874999998
1 0.7582765625000001 0.16527421874999998 0.80568046875 0.18676874999999998 0.8227187499999999 0.15275546874999998 0.822265625 0.1524 0.7751984375000001 0.13056953124999998 0.7582765625000001 0.16527421874999998
1 0.6711796875 0.1474890625 0.69460703125 0.15586640624999998 0.7135085937500001 0.16052109375 0.72697109375 0.12258046874999999 0.70871640625 0.11570781249999999 0.6814289062500001 0.10666562500000001 0.6711796875 0.1474890625
1 0.029636718750000002 0.17629062499999998 0.0530390625 0.14102187500000002 0.02646015625 0.126275 0.0005367187500000001 0.15889921875 0.029636718750000002 0.17629062499999998
1 0.1234421875 0.27031953125 0.0994203125 0.30929687499999997 0.142109375 0.33466953125 0.161540625 0.303946875 0.14119140624999998 0.29110703125000004 0.145934375 0.28392343750000004 0.1234421875 0.27031953125
1 0.3135453125 0.45067890625 0.35625 0.47797265624999996 0.37523671875 0.4488984375 0.37301015625 0.44746718750000003 0.33535703125 0.42292578125 0.3135453125 0.45067890625
1 0.58800234375 0.630528125 0.5720328125 0.6563015625 0.60155859375 0.6757421875 0.61497890625 0.6504359375 0.58800234375 0.630528125
1 0.8532718750000001 0.82002734375 0.8646 0.8193710937500001 0.86476484375 0.82101171875 0.8760921875 0.8229796875 0.900390625 0.8188796875 0.898525 0.7824289062500001 0.8861070312500001 0.78378125 0.88545078125 0.76852890625 0.85195859375 0.770496875 0.8532718750000001 0.82002734375
0 0.8534367187499999 0.7188343749999999 0.8957937499999999 0.7186703125 0.8930023437499999 0.68455703125 0.8540929687500001 0.6852125 0.8534367187499999 0.7188343749999999