3 0.49050000000000005 0.5407453125 0.49066015625 0.5196867187499999 0.48197109375 0.519365625 0.48261484374999997 0.5404234375 0.49050000000000005 0.5407453125
1 0.5973460937499999 0.47660625 0.5010125000000001 0.47548046875 0.49843828125 0.5536046875 0.49940390625 0.55344453125 0.59525390625 0.5561765624999999 0.5973460937499999 0.47660625
4 0.6485695312499999 0.50248671875 0.59981328125 0.5002359375000001 0.60045703125 0.513578125 0.6484085937499999 0.51454296875 0.6485695312499999 0.50248671875
3 0.78485703125 0.73693125 0.78389140625 0.72969765625 0.761203125 0.7316265625 0.7616859375 0.73805703125 0.78485703125 0.73693125
1 0.7647468749999999 0.72494375 0.79982578125 0.7207640625 0.8011125 0.5971484375 0.72780703125 0.59731328125 0.72596640625 0.72060390625 0.7647468749999999 0.72494375
4 0.72326875 0.5893937499999999 0.7227859375000001 0.5448664062499999 0.7114046875 0.54569453125 0.7132921875 0.59051953125 0.72326875 0.5893937499999999
4 0.90706953125 0.48159062500000005 0.8762515625 0.44449609375000004 0.86766015625 0.45144453125000006 0.8971476562499999 0.4884984375 0.90706953125 0.48159062500000005
3 0.8808999999999999 0.5999 0.8804492187499999 0.620925 0.88871796875 0.6219765625 0.8888421875000001 0.60152578125 0.8808999999999999 0.5999
3 0.88886796875 0.5799265625000001 0.8805999999999999 0.57932578125 0.8798484375 0.5955453125 0.879396875 0.5996 0.8870640625 0.60050078125 0.88886796875 0.5799265625000001
1 0.9043015625 0.7601765625 0.97616015625 0.7612281249999999 0.9760101562499999 0.602465625 0.99921875 0.602615625 0.99921875 0.5836812499999999 0.9041515625000001 0.5848828125 0.9043015625 0.7601765625
0 0.9665757812500001 0.38838203125000004 0.9413203125 0.3599984375 0.9041882812500001 0.39393828124999997 0.9041664062500001 0.3948828125 0.9304960937500001 0.422321875 0.9665757812500001 0.38838203125000004
0 0.8959531249999999 0.316946875 0.87926640625 0.295921875 0.8565671874999999 0.3157453125 0.8734039062500001 0.3337671875 0.8959531249999999 0.316946875
2 0.89181953125 0.0258234375 0.8922890625000001 0.10801875000000001 0.89291640625 0.1136546875 0.99912109375 0.11459453125 0.99921875 0 0.88058359375 0.0005484375 0.88100546875 0.02691953125 0.89181953125 0.0258234375