3 0.189571875 0.7962882812500001 0.20018125000000003 0.80755234375 0.205646875 0.802403125 0.1950375 0.7914609375 0.189571875 0.7962882812500001
1 0.19841328125 0.78334609375 0.21545234375 0.80217265625 0.21175546875 0.8073218750000001 0.2361890625 0.83178125 0.26030156249999997 0.80819609375 0.24647734375 0.7924265625 0.2627125 0.77504765625 0.2615875 0.7724734375 0.269946875 0.76378359375 0.24663828125 0.7380382812499999 0.19841328125 0.78334609375
1 0.56930625 0.97994140625 0.56494921875 0.99993203125 0.60361875 0.99975078125 0.60325625 0.9848484375 0.56930625 0.97994140625
1 0.39316796875 0.5931296875000001 0.44944765625 0.59440234375 0.45180781249999996 0.5760468750000001 0.44872187500000005 0.5593273437499999 0.3986140625 0.55878203125 0.3942796875 0.561 0.39316796875 0.5931296875000001
1 0.6941421875 0.43030859374999997 0.70453515625 0.42510624999999996 0.71584609375 0.44515000000000005 0.73632734375 0.43061484375000003 0.71064921875 0.38303046875 0.67610625 0.40475703125000007 0.6941421875 0.43030859374999997
3 0.73204765625 0.4101125 0.739384375 0.42281171874999995 0.74427578125 0.42036328125000005 0.737440625 0.406715625 0.73204765625 0.4101125
1 0.8726484375 0.28449453125 0.87906796875 0.30015234375 0.8715781249999999 0.30382421875 0.88671015625 0.34054453125 0.9272148437500001 0.32605078125000003 0.9030320312500001 0.27208671875 0.8726484375 0.28449453125
1 0.9844046875 0.5556546875 0.9844046875 0.5551445312500001 0.956128125 0.556828125 0.95673984375 0.60395234375 0.9726359375 0.60624765625 0.9844046875 0.6011984375 0.98468046875 0.55556484375 0.9844046875 0.5556546875
1 0.9327421875 0.73375 0.9891429687500001 0.72120390625 0.98715625 0.7059031250000001 0.978596875 0.68784921875 0.9243359375000001 0.70345546875 0.9327421875 0.73375
1 0.7771765625 0.9001914062499999 0.829603125 0.85857421875 0.8114140624999999 0.82675 0.7485937500000001 0.87035546875 0.74935859375 0.87050859375 0.7490523437500001 0.8708148437500001 0.7670882812500001 0.8992734375 0.7771765625 0.9001914062499999
3 0.7984218750000001 0.9468062500000001 0.8028546875 0.9416039062499999 0.79353125 0.92982265625 0.78787578125 0.9316585937499999 0.78789765625 0.9328476562500001 0.790015625 0.9371671875 0.7984218750000001 0.9468062500000001