0 0.69906171875 0.8693476562500001 0.6472890625 0.8695953125000001 0.6472890625 0.91092265625 0.699309375 0.9114171875 0.69906171875 0.8693476562500001
1 0.42251015625 0.78752265625 0.44232734375 0.8021234375 0.44975859375000005 0.7912343749999999 0.45421796875 0.7944515625 0.4765125 0.76351875 0.43049453125000003 0.72991953125 0.41061953124999995 0.7642609375 0.42994140625000005 0.7773765625 0.42251015625 0.78752265625
1 0.32874921874999996 0.63664375 0.33099790546875 0.6196084734375 0.3154359375 0.61278359375 0.29703359375 0.6129796875 0.2888109375 0.66578515625 0.3326640625 0.6769328125 0.34284453125000003 0.63918671875 0.32874921874999996 0.63664375
0 0.25918359375 0.59655078125 0.25365390625 0.63248125 0.27856484375 0.6341015624999999 0.28248046875 0.59968046875 0.25918359375 0.59655078125
1 0.13377578125 0.8778375 0.08687421875 0.8604609375000001 0.07814765625 0.8969609374999999 0.12228984375 0.91248515625 0.13377578125 0.8778375
1 0.04020546875 0.16843984375 0.019035156249999997 0.1731640625 0.0230890625 0.23413515624999998 0.06340234375 0.23548437500000002 0.060024218750000004 0.1715890625 0.04020546875 0.16843984375
0 0.0492140625 0.239984375 0.02736796875 0.244709375 0.030296093750000003 0.29218046875 0.07173515625 0.29105546875 0.07105937500000001 0.242459375 0.0492140625 0.239984375
3 0.06094375 0.16462890624999998 0.04629453125 0.1646 0.04647109375 0.17016875 0.061078906249999995 0.171384375 0.06094375 0.16462890624999998
1 0.23362890625000002 0.0396015625 0.17101249999999998 0.036328125 0.1681 0.0757875 0.23308281250000001 0.07887890625 0.23362890625000002 0.0396015625
3 0.2110578125 0.08833437499999999 0.20523281249999997 0.090334375 0.20664218750000002 0.09485 0.21797499999999997 0.0956078125 0.21797499999999997 0.08869765625 0.2110578125 0.08833437499999999
1 0.50283984375 0.055430468749999996 0.504675 0.013462499999999999 0.43603203125 0.00820234375 0.43615234375 0.0097953125 0.43533671875 0.0509484375 0.50283984375 0.055430468749999996