0 0.30093828125 0.13065234375 0.35271093750000004 0.1304046875 0.35271093750000004 0.08907734375000001 0.300690625 0.0885828125 0.30093828125 0.13065234375
1 0.57748984375 0.21247734375 0.5576726562500001 0.19787656250000002 0.55024140625 0.208765625 0.54578203125 0.2055484375 0.5234875 0.23648125000000003 0.56950546875 0.27008046874999997 0.58938046875 0.23573906249999999 0.57005859375 0.22262343750000002 0.57748984375 0.21247734375
1 0.67125078125 0.36335625 0.66900209453125 0.3803915265625 0.6845640625 0.38721640625 0.7029664062500001 0.3870203125 0.7111890625 0.33421484375 0.6673359375000001 0.3230671875 0.65715546875 0.36081328125 0.67125078125 0.36335625
0 0.74081640625 0.40344921874999995 0.7463460937499999 0.36751875 0.72143515625 0.3658984375 0.71751953125 0.40031953124999997 0.74081640625 0.40344921874999995
1 0.86622421875 0.1221625 0.91312578125 0.1395390625 0.92185234375 0.10303906249999999 0.87771015625 0.08751484375 0.86622421875 0.1221625
1 0.95979453125 0.8315601562499999 0.98096484375 0.8268359375 0.9769109374999999 0.76586484375 0.93659765625 0.764515625 0.93997578125 0.8284109374999999 0.95979453125 0.8315601562499999
0 0.9507859375000001 0.7600156250000001 0.9726320312500001 0.755290625 0.96970390625 0.70781953125 0.9282648437500001 0.70894453125 0.9289406250000001 0.7575406250000001 0.9507859375000001 0.7600156250000001
3 0.9390562499999999 0.8353710937500001 0.95370546875 0.8353999999999999 0.9535289062500001 0.82983125 0.93892109375 0.828615625 0.9390562499999999 0.8353710937500001
1 0.76637109375 0.9603984375 0.8289875 0.963671875 0.8319000000000001 0.9242125 0.7669171875 0.9211210937500001 0.76637109375 0.9603984375
3 0.7889421875 0.911665625 0.7947671875 0.909665625 0.7933578125 0.9051500000000001 0.782025 0.9043921875 0.782025 0.9113023437500001 0.7889421875 0.911665625
1 0.49716015625 0.94456953125 0.49532499999999996 0.9865375000000001 0.56396796875 0.9917976562499999 0.56384765625 0.9902046875 0.56466328125 0.9490515625 0.49716015625 0.94456953125