1 0.32690546875000004 0.9392476562500001 0.3322546875 0.9399171875000001 0.3312515625 0.91632109375 0.28811953125 0.9144796875000001 0.28530781250000004 0.9760851562499999 0.32423046875 0.978909375 0.32690546875000004 0.9392476562500001
3 0.27691875 0.94795 0.27006406250000003 0.94778203125 0.27025625 0.9607828125 0.2760828125 0.9615046875000001 0.27691875 0.94795
3 0.3103546875 0.7413289062499999 0.31737578125 0.7292796874999999 0.3116921875 0.7262671875 0.3053765625 0.73651640625 0.3103546875 0.7413289062499999
1 0.34897265625 0.77117265625 0.36100937499999997 0.7502546875 0.32673828125000004 0.72900078125 0.2993203125 0.7792054687500001 0.33075 0.79711171875 0.34546171875 0.7696671875 0.34897265625 0.77117265625
3 0.306240625 0.3643578125 0.30036796875 0.36412265625 0.30130703125 0.38081875 0.30870703125 0.37999609375 0.306240625 0.3643578125
3 0.31880859375 0.34378203125 0.31281796875 0.344134375 0.31378203125000004 0.35910078125 0.31963046875 0.35894921874999997 0.31880859375 0.34378203125
1 0.3646171875 0.36753281250000003 0.36179843749999996 0.32885 0.3218625 0.3330828125 0.32785312499999997 0.3939875 0.37295703125 0.39057734375000003 0.3728390625 0.390225 0.37025546875000004 0.36765 0.3646171875 0.36753281250000003
1 0.5903890625 0.7456875000000001 0.5550703125 0.76325625 0.5817671875 0.81326640625 0.6150898437500001 0.797959375 0.5903890625 0.7456875000000001
3 0.62299765625 0.77018515625 0.61793046875 0.77243984375 0.6233171875 0.78197265625 0.62707890625 0.77934296875 0.62299765625 0.77018515625
3 0.640028125 0.96420234375 0.6334109375 0.96404140625 0.6338625 0.9786078125 0.6403515625 0.9785812500000001 0.640028125 0.96420234375
1 0.57514765625 0.92429765625 0.57627734375 0.9498242187500001 0.5793437499999999 0.9498242187500001 0.58015078125 0.98730546875 0.6205429687499999 0.98829453125 0.61985390625 0.9257515625 0.57514765625 0.92429765625