1 0.28811953125 0.0855203125 0.3312515625 0.08367890624999999 0.3322546875 0.060082812500000006 0.32690546875000004 0.06075234375000001 0.32423046875 0.021090624999999998 0.28530781250000004 0.02391484375 0.28811953125 0.0855203125
3 0.27006406250000003 0.052217968749999996 0.27691875 0.05205 0.2760828125 0.038495312500000003 0.27025625 0.0392171875 0.27006406250000003 0.052217968749999996
3 0.31737578125 0.2707203125 0.3103546875 0.25867109374999997 0.3053765625 0.26348359375 0.3116921875 0.2737328125 0.31737578125 0.2707203125
1 0.2993203125 0.22079453125 0.32673828125000004 0.27099921875 0.36100937499999997 0.24974531249999998 0.34897265625 0.22882734375 0.34546171875 0.2303328125 0.33075 0.20288828125 0.2993203125 0.22079453125
3 0.30036796875 0.63587734375 0.306240625 0.6356421875 0.30870703125 0.62000390625 0.30130703125 0.61918125 0.30036796875 0.63587734375
3 0.31281796875 0.655865625 0.31880859375 0.6562179687499999 0.31963046875 0.6410507812499999 0.31378203125000004 0.64089921875 0.31281796875 0.655865625
1 0.37295703125 0.60942265625 0.32785312499999997 0.6060125000000001 0.3218625 0.6669171875 0.36179843749999996 0.67115 0.3646171875 0.6324671875 0.37025546875000004 0.63235 0.3728390625 0.609775 0.37295703125 0.60942265625
1 0.5550703125 0.23674374999999998 0.5903890625 0.2543125 0.6150898437500001 0.20204062500000003 0.5817671875 0.18673359375 0.5550703125 0.23674374999999998
3 0.61793046875 0.22756015624999998 0.62299765625 0.22981484375 0.62707890625 0.22065703124999997 0.6233171875 0.21802734375 0.61793046875 0.22756015624999998
3 0.6334109375 0.035958593750000004 0.640028125 0.03579765625 0.6403515625 0.02141875 0.6338625 0.0213921875 0.6334109375 0.035958593750000004
1 0.58015078125 0.012694531249999998 0.5793437499999999 0.050175781249999996 0.57627734375 0.050175781249999996 0.57514765625 0.07570234375 0.61985390625 0.0742484375 0.6205429687499999 0.01170546875 0.58015078125 0.012694531249999998