3 0.4079890625 0.19523359375 0.40654921875000005 0.2030578125 0.4229484375 0.203809375 0.423621875 0.19646875 0.4079890625 0.19523359375
1 0.40387500000000004 0.14478828125 0.40140703125000005 0.18823281249999999 0.441928125 0.18905703125 0.44321640625000003 0.145475 0.40387500000000004 0.14478828125
1 0.44375234375000006 0.42226406250000004 0.41084140625 0.39879140625 0.3898609375 0.43173515625 0.4198921875 0.45582578125 0.44375234375000006 0.42226406250000004
3 0.42194921875 0.38952578125000004 0.42133203124999996 0.39405546875 0.43161640625000003 0.39879140625 0.43346796875000004 0.39508515625 0.42449140625000004 0.38930546875 0.42194921875 0.38952578125000004
3 0.3267140625 0.82184921875 0.32979921874999996 0.83317421875 0.33658671875 0.8317328125 0.33189765625 0.8189414062499999 0.3267140625 0.82184921875
3 0.4176296875 0.88794375 0.41721796875 0.9019445312500001 0.42544609375000003 0.9027679687499999 0.42338906249999997 0.8877375000000001 0.4176296875 0.88794375
1 0.36415000000000003 0.8599406249999999 0.3664125 0.88382578125 0.3725828125 0.88341328125 0.37813671875 0.91409296875 0.41145859375000005 0.9089453125 0.40473828125000005 0.8516578125 0.36415000000000003 0.8599406249999999
3 0.1379362 0.66209510859375 0.1263984375 0.671334375 0.12825 0.6771 0.14120859375 0.6668046875 0.1379362 0.66209510859375
1 0.1482015625 0.69871953125 0.1321578125 0.68389453125 0.09821875 0.7203390625 0.12825 0.74648828125 0.14614453125 0.7300164062500001 0.1482015625 0.732075 0.159309375 0.72075078125 0.16712578125 0.7242507812500001 0.18666640625 0.7071609375000001 0.16301171875 0.6845117187499999 0.1482015625 0.69871953125
1 0.13524296875 0.49583828125 0.15313828125 0.5322820312500001 0.19146328125 0.5167765625 0.17206171875 0.47792421875 0.13524296875 0.49583828125
1 0.1743640625 0.02424765625 0.1960546875 0 0.14204921875 0.0007624999999999999 0.1743640625 0.02424765625
3 0.15300234375 0.028445312499999997 0.16316250000000002 0.0364359375 0.1676203125 0.03103984375 0.15683828125 0.023774999999999998 0.15300234375 0.028445312499999997