0 0.98678828125 0.39107421875 0.99040703125 0.39217109375 0.99336796875 0.38197187499999996 0.98985859375 0.38065546875 0.98678828125 0.39107421875
0 0.89726875 0.14177656249999998 0.9174671875 0.1472140625 0.9186320312499999 0.14235859374999998 0.8986281249999999 0.137309375 0.89726875 0.14177656249999998
0 0.5612328125 0.1647921875 0.5651507812500001 0.16688125 0.56880703125 0.1559125 0.5648890625 0.15460703125 0.5612328125 0.1647921875
0 0.38055625000000004 0.265525 0.38476796874999997 0.26663359375 0.38742734375 0.25599453125 0.3834375 0.25466484375 0.38055625000000004 0.265525
0 0.31938359374999997 0.3641546875 0.32248671875 0.365928125 0.32426015625 0.35661953125 0.32137812499999996 0.3557328125 0.31938359374999997 0.3641546875
0 0.14517421875 0.28702421875 0.1434015625 0.29810625 0.14694765625 0.29899296875000003 0.14960703125000002 0.2879109375 0.14517421875 0.28702421875
0 0.11835625000000001 0.30497734374999996 0.11613984375 0.3125125 0.11990703124999999 0.31495078125 0.12168046875 0.3051984375 0.11835625000000001 0.30497734374999996
0 0.5249007812500001 0.46348984375 0.5384218749999999 0.46649453125000007 0.53879765625 0.46236328125000004 0.52602734375 0.45973359374999995 0.5249007812500001 0.46348984375
0 0.029796093750000002 0.65706171875 0.034687499999999996 0.6588406250000001 0.03846796875 0.6472781249999999 0.0340203125 0.64594453125 0.029796093750000002 0.65706171875
0 0.43292734375 0.64260859375 0.44649062500000003 0.64705625 0.44760234375 0.6417195312499999 0.43515078125000006 0.63860625 0.43292734375 0.64260859375
0 0.35391015625 0.97882265625 0.3531796875 0.98302265625 0.36505 0.9870398437500001 0.3665109375 0.9828398437500001 0.35391015625 0.97882265625
0 0.25968046875 0.9543515625 0.25931484375 0.9592828125 0.27848984374999997 0.9638476562499999 0.27976796875 0.9585523437499999 0.25968046875 0.9543515625
0 0.7144851562500001 0.95621875 0.71407265625 0.9603406250000001 0.7245828125 0.9636374999999999 0.72561328125 0.9593101562499999 0.7144851562500001 0.95621875
0 0.82144140625 0.9255125 0.7998031250000001 0.9193304687499999 0.7998031250000001 0.92530625 0.8202046875000001 0.9308703125 0.82144140625 0.9255125
0 0.763403125 0.47160078125 0.74143125 0.4670453125 0.7403593749999999 0.47160078125 0.7625992187499999 0.4774953125 0.763403125 0.47160078125
0 0.38040859375 0.26563046875 0.384390625 0.26726953125 0.3869671875 0.25649453125 0.38368828125 0.25532343750000003 0.38040859375 0.26563046875
