0 0.75733984375 0.68398828125 0.77089453125 0.68398828125 0.77089453125 0.6793242187499999 0.75733984375 0.6793242187499999 0.75733984375 0.68398828125
0 0.7573359375 0.6910742187500001 0.7702890625000001 0.6910742187500001 0.7702890625000001 0.6859101562500001 0.7573359375 0.6859101562500001 0.7573359375 0.6910742187500001
0 0.22033203124999998 0.65051171875 0.22637109375 0.65051171875 0.22637109375 0.6317539062499999 0.22033203124999998 0.6317539062499999 0.22033203124999998 0.65051171875
0 0.157078125 0.06962890625 0.164484375 0.06962890625 0.164484375 0.04805859375 0.157078125 0.04805859375 0.157078125 0.06962890625
0 0.24083593749999999 0.12384375 0.2546171875 0.12384375 0.2546171875 0.118140625 0.24083593749999999 0.118140625 0.24083593749999999 0.12384375
0 0.4068515625 0.08939453124999999 0.4209921875 0.08939453124999999 0.4209921875 0.08398046875000001 0.4068515625 0.08398046875000001 0.4068515625 0.08939453124999999
0 0.59475390625 0.1685703125 0.59954296875 0.1685703125 0.59954296875 0.1569453125 0.59475390625 0.1569453125 0.59475390625 0.1685703125
0 0.7211640625 0.1820078125 0.7276953125000001 0.1820078125 0.7276953125000001 0.1686953125 0.7211640625 0.1686953125 0.7211640625 0.1820078125
0 0.74180859375 0.18000390625 0.74759765625 0.18000390625 0.74759765625 0.16679296875 0.74180859375 0.16679296875 0.74180859375 0.18000390625
0 0.64790234375 0.10956250000000001 0.6535664062500001 0.10956250000000001 0.6535664062500001 0.096359375 0.64790234375 0.096359375 0.64790234375 0.10956250000000001
0 0.75016796875 0.0917265625 0.75655078125 0.0917265625 0.75655078125 0.0790234375 0.75016796875 0.0790234375 0.75016796875 0.0917265625
