0 0.13845703125 0.87283203125 0.15187109375000002 0.87283203125 0.15187109375000002 0.86732421875 0.13845703125 0.86732421875 0.13845703125 0.87283203125
0 0.11945703125 0.692765625 0.12399609375000001 0.692765625 0.12399609375000001 0.6812968749999999 0.11945703125 0.6812968749999999 0.11945703125 0.692765625
0 0.1956765625 0.77417734375 0.21124375 0.774071875 0.21134921874999998 0.76898984375 0.19631171875 0.76856640625 0.1956765625 0.77417734375
0 0.2724875 0.73374375 0.271146875 0.7195328125 0.26497734375 0.72100703125 0.266453125 0.73495 0.2724875 0.73374375
0 0.31969921874999996 0.8980078125000001 0.33172265625 0.8980078125000001 0.33172265625 0.8931484375000001 0.31969921874999996 0.8931484375000001 0.31969921874999996 0.8980078125000001
0 0.3058125 0.92057421875 0.310546875 0.92057421875 0.310546875 0.90798828125 0.3058125 0.90798828125 0.3058125 0.92057421875
0 0.94424609375 0.10863671875 0.95714453125 0.10863671875 0.95714453125 0.10373828125 0.94424609375 0.10373828125 0.94424609375 0.10863671875
0 0.5774296875 0.679640625 0.5823984375 0.679640625 0.5823984375 0.666953125 0.5774296875 0.666953125 0.5774296875 0.679640625
0 0.60903515625 0.7353203125000001 0.62229296875 0.7353203125000001 0.62229296875 0.7304609375 0.60903515625 0.7304609375 0.60903515625 0.7353203125000001
0 0.6309609375 0.9181601562499999 0.6436796874999999 0.9181601562499999 0.6436796874999999 0.9130273437499999 0.6309609375 0.9130273437499999 0.6309609375 0.9181601562499999
0 0.690140625 0.95346484375 0.70371875 0.95346484375 0.70371875 0.9472539062499999 0.690140625 0.9472539062499999 0.690140625 0.95346484375
0 0.66899921875 0.80996328125 0.6716984375 0.80771484375 0.66926875 0.79647265625 0.6666601562500001 0.7958429687499999 0.664590625 0.79764140625 0.6668398437499999 0.8095132812499999 0.66899921875 0.80996328125
0 0.99707265625 0.9696015625 0.9940984374999999 0.9665296874999999 0.98329453125 0.9671242187500001 0.98170859375 0.96970078125 0.983715625 0.9718171874999999 0.99528828125 0.9716828124999999 0.99707265625 0.9696015625
0 0.00605546875 0.5345765625000001 0.00627265625 0.5208101562499999 0.0024945312500000002 0.52082890625 0.00247734375 0.5349015625 0.00605546875 0.5345765625000001
0 0.23324921875000001 0.51547421875 0.233034375 0.5105359375 0.22111328125 0.5102140625 0.22100625 0.51515234375 0.23324921875000001 0.51547421875
0 0.1548984375 0.5265492187499999 0.1544453125 0.5132734375 0.14993671875 0.513928125 0.1502953125 0.5265492187499999 0.1548984375 0.5265492187499999
0 0.15218203125000002 0.50746484375 0.1518796875 0.502184375 0.13986015624999998 0.50339921875 0.13988203125 0.5075406250000001 0.15218203125000002 0.50746484375
0 0.324890625 0.26617421874999997 0.3247765625 0.26185234375 0.31279453125 0.26209453125 0.31283046875 0.26640234375 0.324890625 0.26617421874999997
0 0.5977234375 0.5445109375 0.59666953125 0.5325992187499999 0.59234609375 0.5327046875 0.5925570312499999 0.5452484375 0.5977234375 0.5445109375
0 0.7630945312499999 0.31344062500000003 0.7626328124999999 0.30766640624999997 0.74925703125 0.30791953125 0.74957734375 0.31401796875 0.7630945312499999 0.31344062500000003
