0 0.9218375 0.36858046875 0.9172078125 0.347746875 0.9112921875 0.35057578125 0.9161789062500001 0.37141015624999996 0.9218375 0.36858046875
0 0.45563203124999996 0.8793585937499999 0.46222343749999995 0.8777765625 0.45747734375000004 0.855628125 0.45062187500000006 0.8572101562500001 0.45563203124999996 0.8793585937499999
0 0.47277031249999996 0.9067812500000001 0.46855156249999996 0.89544296875 0.46275078125 0.8957062499999999 0.46512421875000004 0.8988703125 0.46723359374999995 0.9099453125 0.47277031249999996 0.9067812500000001
0 0.93156640625 0.7488390625 0.92734765625 0.7274812500000001 0.92075546875 0.72932734375 0.9252382812500001 0.75068515625 0.93156640625 0.7488390625
0 0.28119218749999997 0.49403828125000004 0.30153281249999997 0.49403828125000004 0.30218359375000003 0.48883124999999994 0.28249375 0.48818046875 0.28119218749999997 0.49403828125000004
0 0.70050859375 0.7119140625 0.7142906250000001 0.707875 0.713815625 0.7031226562499999 0.6993203125 0.70692421875 0.70050859375 0.7119140625
0 0.71951796875 0.701459375 0.71951796875 0.7059734375 0.738290625 0.70383515625 0.73733984375 0.6990828125 0.71951796875 0.701459375
0 0.8702953125 0.98429375 0.8824335937500001 0.9792796875 0.87979453125 0.97466171875 0.8685796874999999 0.9790156250000001 0.8702953125 0.98429375
0 0.8663367187500001 0.9714953124999999 0.86805234375 0.976509375 0.88071875 0.9720226562500001 0.87860703125 0.967009375 0.8663367187500001 0.9714953124999999
0 0.88903125 0.9575093750000001 0.8776835937499999 0.9619953125 0.88058671875 0.96766875 0.89140625 0.96305078125 0.88903125 0.9575093750000001
0 0.8762328125 0.96159921875 0.864753125 0.9646343749999999 0.8666007812500001 0.97070390625 0.8780796875 0.9663492187499999 0.8762328125 0.96159921875
0 0.86396171875 0.9638421875000001 0.87596875 0.96067578125 0.8738578125 0.9536828125 0.862378125 0.9584328125000001 0.86396171875 0.9638421875000001
0 0.8770242187499999 0.9593562500000001 0.88784375 0.95526640625 0.8857320312500001 0.950384375 0.8749132812499999 0.95381484375 0.8770242187499999 0.9593562500000001
0 0.8739890625 0.95341875 0.8861281249999999 0.9481414062500001 0.8833570312499999 0.9420718750000001 0.8738578125 0.946821875 0.8739890625 0.95341875
0 0.86171875 0.9577734375 0.87412109375 0.95328671875 0.871878125 0.9465578125 0.8596078125 0.9511757812500001 0.86171875 0.9577734375
0 0.87108671875 0.9461625 0.8836210937500001 0.94193984375 0.8817742187500001 0.9358703125 0.8697671874999999 0.93956484375 0.87108671875 0.9461625
0 0.859871875 0.9497249999999999 0.87042734375 0.945634375 0.8685796874999999 0.93890546875 0.8585523437499999 0.9420718750000001 0.859871875 0.9497249999999999
0 0.8578921875000001 0.9414125 0.8691078125 0.93718984375 0.8667328124999999 0.93125234375 0.8569687500000001 0.93600234375 0.8578921875000001 0.9414125
0 0.8693710937500001 0.93864140625 0.881378125 0.9352109375 0.8811140625 0.92821796875 0.86871171875 0.93032890625 0.8693710937500001 0.93864140625
0 0.8676562499999999 0.9295375 0.87966328125 0.92703046875 0.8792671875 0.9200375 0.867128125 0.9233359374999999 0.8676562499999999 0.9295375
0 0.85591328125 0.934946875 0.8683156249999999 0.9292734375 0.8648851562500001 0.9238640625000001 0.85538515625 0.92821796875 0.85591328125 0.934946875
0 0.8534062499999999 0.92676640625 0.86567734375 0.92201640625 0.8619828125 0.9164749999999999 0.85169140625 0.9200375 0.8534062499999999 0.92676640625
0 0.86567734375 0.9221484375 0.87728828125 0.918190625 0.8750453125 0.91185703125 0.8643578125 0.9154195312500001 0.86567734375 0.9221484375
0 0.8512953124999999 0.91924609375 0.8643578125 0.9152875 0.86171875 0.91001015625 0.8510312499999999 0.9121210937500001 0.8512953124999999 0.91924609375
0 0.86422578125 0.9152875 0.87412109375 0.91119765625 0.8728015625 0.9057875 0.8625101562499999 0.9093500000000001 0.86422578125 0.9152875
0 0.862246875 0.90262109375 0.86185078125 0.90895390625 0.873065625 0.9042046875 0.87108671875 0.89853046875 0.8614546875 0.9015656249999999 0.862246875 0.90262109375
0 0.8501078124999999 0.9121210937500001 0.862378125 0.9081625000000001 0.8607953125 0.90262109375 0.84984375 0.9055234375 0.8501078124999999 0.9121210937500001
0 0.85142734375 0.9043359375 0.861059375 0.9009054687500001 0.8592117187499999 0.8953640625 0.84984375 0.8981351562500001 0.85142734375 0.9043359375
0 0.84984375 0.8966835937500001 0.8679203125000001 0.8912742187499999 0.8664687499999999 0.8861281249999999 0.8573648437499999 0.8882390625 0.8483921875 0.8908781250000001 0.84984375 0.8966835937500001
0 0.8607953125 0.9002460937500001 0.87042734375 0.89721171875 0.86871171875 0.89166953125 0.8597398437500001 0.8951 0.8607953125 0.9002460937500001
0 0.84509375 0.8829617187500001 0.85327421875 0.88058671875 0.8534062499999999 0.87346171875 0.8419273437499999 0.8764960937499999 0.84509375 0.8829617187500001
0 0.86422578125 0.8768921875 0.86211484375 0.87082265625 0.8531421874999999 0.8728015625 0.853934375 0.8804546875 0.86422578125 0.8768921875
0 0.8688437499999999 0.8845445312500001 0.867128125 0.87834375 0.8567046875000001 0.88058671875 0.85776015625 0.88744765625 0.8688437499999999 0.8845445312500001
0 0.845621875 0.89166953125 0.85776015625 0.88691953125 0.85591328125 0.88058671875 0.8440382812499999 0.8848085937500001 0.845621875 0.89166953125
