0 0.8337421875000001 0.4748953125 0.8389734375 0.48678515625 0.84301640625 0.48512109375 0.83707109375 0.47180390625 0.8337421875000001 0.4748953125
0 0.7338640625 0.71483984375 0.73909609375 0.715315625 0.73957109375 0.7017609375 0.7364796874999999 0.6998578125 0.73315078125 0.7010468750000001 0.7338640625 0.71483984375
0 0.74313828125 0.71602890625 0.7462296875 0.7143640625 0.7457546875000001 0.70128515625 0.7419492187500001 0.69890703125 0.73957109375 0.700571875 0.73957109375 0.715553125 0.74313828125 0.71602890625
0 0.63160859375 0.41710859375 0.6361265625 0.41710859375 0.6363640625 0.4042671875 0.63446171875 0.4016515625 0.63184609375 0.40307812500000006 0.63160859375 0.41710859375
0 0.34267578125 0.49653515625000005 0.35480390625 0.49130390625000003 0.35266406250000004 0.48654765624999996 0.34243828125000003 0.4886875 0.34124921874999997 0.49154140625 0.34267578125 0.49653515625000005
0 0.344578125 0.50224296875 0.35694453125000003 0.49701093749999997 0.3555171875 0.49273046875000004 0.3419625 0.49629765625 0.344578125 0.50224296875
0 0.48060234375000005 0.7419492187500001 0.48155390625 0.7555046875 0.4870234375 0.7555046875 0.48607187500000004 0.7409984374999999 0.48298046875 0.73933359375 0.48060234375000005 0.7419492187500001
0 0.47346875 0.7409984374999999 0.47418203124999997 0.7559796875 0.47703515625000004 0.7571687500000001 0.48036484375 0.7562179687499999 0.47917578125000004 0.74076015625 0.47346875 0.7409984374999999
0 0.10621484375000001 0.67316796875 0.10193749999999999 0.669603125 0.0917203125 0.6769695312499999 0.09076953125000001 0.68077109375 0.09385859375 0.68338515625 0.10573906250000001 0.67601875 0.10621484375000001 0.67316796875
0 0.095521875 0.6869492187499999 0.10122500000000001 0.687425 0.10930390625 0.68077109375 0.10668984374999999 0.67530625 0.09362109375 0.68338515625 0.095521875 0.6869492187499999
0 0.19099609374999998 0.93316640625 0.19206015625 0.91906796875 0.18673984375 0.91906796875 0.18567578125 0.9329007812500001 0.19099609374999998 0.93316640625
0 0.18035546875 0.9185359375000001 0.1795578125 0.9334328125000001 0.18540937500000002 0.934496875 0.18620781250000001 0.91906796875 0.18035546875 0.9185359375000001
