0 0.25112265625 0.19343359375 0.26111484375 0.19381328125 0.26200078125 0.19166328125 0.26111484375 0.18913437500000002 0.2493515625 0.18824921875 0.2488453125 0.19216875 0.25112265625 0.19343359375
0 0.29989765625000003 0.14657265625 0.29931640625 0.1515125 0.312978125 0.15131875 0.3126875 0.14686328125 0.29989765625000003 0.14666953124999998 0.29989765625000003 0.14657265625
0 0.9091953125 0.31363671875 0.9208203125000001 0.31363671875 0.9208203125000001 0.30892578125000003 0.9091953125 0.30892578125000003 0.9091953125 0.31363671875
0 0.94220703125 0.46413281250000005 0.9543242187500001 0.46413281250000005 0.9543242187500001 0.45911718749999997 0.94220703125 0.45911718749999997 0.94220703125 0.46413281250000005
0 0.22030703125 0.2835140625 0.21701953125 0.29149609375 0.21814609375 0.29365546875000004 0.22011875 0.294125 0.22434609375 0.2834203125 0.2223734375 0.28266953125 0.22030703125 0.2835140625
0 0.1560796875 0.53308984375 0.15494765625 0.5290781250000001 0.1440390625 0.5260945312499999 0.14218671875 0.52784375 0.14331875 0.53072421875 0.15350703125 0.53525078125 0.1560796875 0.53308984375
0 0.7025406249999999 0.5253320312499999 0.7078898437500001 0.5284859375 0.7147484375000001 0.5158703124999999 0.70971015625 0.51357109375 0.7025406249999999 0.5253320312499999
0 0.89181875 0.8358234375 0.88765 0.8339070312500001 0.881896875 0.8447421875 0.8859828125 0.84732578125 0.89181875 0.8358234375
0 0.89141328125 0.85007421875 0.8976218749999999 0.83838359375 0.8932179687499999 0.83650703125 0.88809296875 0.8474765625 0.89141328125 0.85007421875
0 0.542165625 0.46723125000000004 0.54832421875 0.45520703124999995 0.54399375 0.45212890625 0.54175859375 0.454553125 0.5362 0.46540390625 0.542165625 0.46723125000000004
0 0.32960078125000003 0.603509375 0.3303453125 0.6064140625000001 0.34226328125 0.608721875 0.34427421874999997 0.6063390625 0.34338046875 0.6038820312500001 0.3313140625 0.601425 0.32960078125000003 0.603509375
