0 0.06304140625 0.67192265625 0.06634765625 0.671371875 0.0708671875 0.66090390625 0.07009531249999999 0.6588101562500001 0.0664578125 0.65980234375 0.06171875 0.67038046875 0.06304140625 0.67192265625
0 0.38171328125000004 0.5279242187500001 0.39546171874999997 0.52817421875 0.39546171874999997 0.5225515625 0.38225 0.52214765625 0.38171328125000004 0.5279242187500001
0 0.05308828125 0.25144765625 0.0535734375 0.24708437499999997 0.040600000000000004 0.24647812500000002 0.04108515625 0.25144765625 0.05308828125 0.25144765625
0 0.040003125 0.15921953125 0.040515625 0.16510625 0.05331796875 0.16446640625 0.0530625 0.15947499999999998 0.0407890625 0.1595046875 0.040003125 0.15921953125
0 0.15560859375 0.11527109375 0.15464375 0.10153046875 0.1495796875 0.10249531249999999 0.150303125 0.11611484375 0.15560859375 0.11527109375
0 0.37438203125 0.313653125 0.37401875 0.3083828125 0.36165625 0.30820156249999997 0.36129296875 0.31383515625 0.37438203125 0.313653125
0 0.39598359375 0.41577890625 0.39700156249999996 0.41114375000000003 0.38356640625 0.4112265625 0.38410781250000003 0.41566640625 0.39598359375 0.41577890625
0 0.41294140625000003 0.20523046875 0.42708828125 0.20535312499999997 0.4264734375 0.20055703125000002 0.41343359375000005 0.20068046874999998 0.41294140625000003 0.20523046875
0 0.877709375 0.41829609375 0.8698960937500001 0.40880078124999997 0.86637265625 0.40895390625 0.8660664062500001 0.4115578125 0.8654851562499999 0.4112890625 0.8740328125 0.42043984375 0.877709375 0.41829609375
0 0.850909375 0.31195234374999997 0.84069296875 0.30355234375 0.838221875 0.30701093749999997 0.84794296875 0.31524687500000004 0.850909375 0.31195234374999997
0 0.7614140625 0.35425 0.76016640625 0.34068828125 0.7561125 0.34209140625 0.75720390625 0.35502890625 0.7614140625 0.35425
0 0.4776640625 0.39346875 0.4831015625 0.39346875 0.4831015625 0.3808125 0.4776640625 0.3808125 0.4776640625 0.39346875
