0 0.207109375 0.9838648437499999 0.20833046875 0.9707804687499999 0.20187343750000003 0.970078125 0.20173437500000002 0.9838648437499999 0.207109375 0.9838648437499999
0 0.423471875 0.94713046875 0.42506015625 0.9498203125 0.42933515624999996 0.95055390625 0.43116796874999996 0.9366140625 0.42494765624999997 0.935984375 0.423471875 0.94713046875
0 0.50116328125 0.960703125 0.502140625 0.9772109375 0.50727109375 0.9769664062500001 0.505965625 0.96146328125 0.50116328125 0.960703125
0 0.61820078125 0.0224125 0.628328125 0.02300859375 0.630909375 0.02121953125 0.62991640625 0.014560937500000001 0.6177296875 0.01450078125 0.61820078125 0.0224125
0 0.67555703125 0.056139843749999994 0.6754578125 0.06766875 0.6795289062500001 0.06806640625 0.6794078125 0.056215625000000005 0.67555703125 0.056139843749999994
0 0.46130703124999994 0.17684765625 0.46920234375 0.1776734375 0.47002734375 0.16351796875 0.46261484375000006 0.16326171875 0.46130703124999994 0.17684765625
0 0.4692859375 0.38179921875 0.46339453124999996 0.36929609375 0.45821562499999996 0.37280156249999996 0.46598671875 0.38521953125 0.4692859375 0.38179921875
0 0.46139062500000005 0.5994984375 0.46162656249999995 0.5827484375 0.45538671875 0.58285078125 0.45491015625 0.59831875 0.46139062500000005 0.5994984375
0 0.77316953125 0.38742265625 0.77316953125 0.40046406250000005 0.779009375 0.40023984375 0.7794992187500001 0.3885140625 0.77316953125 0.38742265625
0 0.8136695312500001 0.18213125 0.81277109375 0.19674687500000002 0.81804921875 0.197084375 0.81910390625 0.18240390625 0.8136695312500001 0.18213125
