0 0.079121875 0.0343671875 0.08545859375 0.03792578125 0.09349609375 0.02492890625 0.08612421875000001 0.0204875 0.079121875 0.0343671875
0 0.42007578125 0.07140703125 0.43483203125000003 0.07111171875 0.43556953125 0.06402187499999999 0.42075703124999997 0.06339765625 0.42007578125 0.07140703125
0 0.4194859375 0.07997421875 0.43527421874999994 0.07938359375000001 0.43483203125000003 0.07140703125 0.41965 0.07158984375 0.4194859375 0.07997421875
0 0.23881562500000003 0.4043734375 0.2462453125 0.40451953124999995 0.24639140624999997 0.37958203125 0.23998124999999998 0.37958203125 0.23881562500000003 0.4043734375
0 0.46760624999999995 0.31940625 0.46943203125000005 0.32384609375 0.4739984375 0.3252828125 0.4796078125 0.31170234375 0.47765078125000004 0.30869843750000003 0.47357265625 0.30914687500000004 0.46760624999999995 0.31940625
0 0.47791171875 0.32658828125 0.4852171875 0.31470546875 0.48003203125000005 0.31169140624999997 0.47373750000000003 0.32436875 0.47791171875 0.32658828125
0 0.5411742187499999 0.5766312499999999 0.5411742187499999 0.58048125 0.5423648437499999 0.58323125 0.55445390625 0.5816726562500001 0.5543953125 0.5756953125 0.5411742187499999 0.5766312499999999
0 0.54273125 0.5912984375 0.5560109375 0.59001484375 0.5566515625 0.58653125 0.55591875 0.58222265625 0.54202734375 0.583390625 0.54273125 0.5912984375
0 0.77192578125 0.5586640625 0.7760312500000001 0.5635078124999999 0.78644140625 0.55161875 0.78179453125 0.54813671875 0.77192578125 0.5586640625
0 0.7923617187499999 0.36336953125 0.792878125 0.36918984374999997 0.8068328125 0.36776718750000004 0.807 0.36165390625 0.7923617187499999 0.36336953125
0 0.7904234375 0.35444453125000003 0.8015351562499999 0.352634375 0.80076015625 0.34642578125 0.7883875 0.3492453125 0.7904234375 0.35444453125000003
