3 0.19421328125 0.0443140625 0.18994453125 0.0571203125 0.1948234375 0.06016953125 0.1997015625 0.046753125 0.19421328125 0.0443140625
1 0.23405546875 0.088425 0.23425859375 0.08964453125 0.24706484375 0.05773046875 0.213728125 0.0443140625 0.20153125 0.0737890625 0.23405546875 0.088425
4 0.33284765625 0.10021484375 0.33650703125 0.08923828125 0.310284375 0.07704140625 0.306421875 0.08557890625 0.33284765625 0.10021484375
4 0.3860609375 0.11560625 0.38917421875 0.11768203125 0.3825328125 0.14113515625 0.39436328125 0.14341875 0.4014203125 0.1168515625 0.40411796875 0.1172671875 0.40681640625 0.10253046875 0.3924953125 0.10024765625 0.3860609375 0.11560625
4 0.41574140625 0.13864453125 0.418646875 0.14134296875 0.41408046875 0.155871875 0.42445859375 0.1596078125 0.43670390625 0.12868203125 0.4373265625 0.12536171875 0.43068515625 0.121003125 0.4259109375 0.12494609375 0.422590625 0.12390859375 0.41574140625 0.13864453125
4 0.53487578125 0.1870046875 0.53861171875 0.186796875 0.54732890625 0.16873984375 0.54504609375 0.16500390625 0.5454609375 0.162928125 0.5359140625 0.15856953125 0.534253125 0.16023046875 0.53134765625 0.15856953125 0.5269890625 0.16894765625 0.52761171875 0.17268359375 0.51640390625 0.1980046875 0.5259515625 0.20381640625 0.52761171875 0.200703125 0.53031015625 0.2029859375 0.53508359375 0.1919859375 0.53383828125 0.19011796875 0.53487578125 0.1870046875
4 0.5444234375 0.19613671875 0.54276328125 0.2079671875 0.55231015625 0.2119109375 0.56725390625 0.170815625 0.557084375 0.16541875 0.55023515625 0.179325 0.54753671875 0.17891015625 0.54131015625 0.19530625 0.5444234375 0.19613671875
4 0.578046875 0.20755234375 0.577009375 0.21232578125 0.5867640625 0.215646875 0.59382109375 0.1940609375 0.58551875 0.18721171875 0.58095234375 0.19758984375 0.579084375 0.1965515625 0.57555625 0.205684375 0.578046875 0.20755234375
4 0.611878125 0.22311875 0.60855703125 0.22415625 0.60648125 0.232665625 0.60731171875 0.235571875 0.61727421875 0.2403453125 0.62474609375 0.2214578125 0.62702890625 0.222703125 0.63470859375 0.20630703125 0.6326328125 0.20506171875 0.63533125 0.1990421875 0.62723671875 0.19468359375 0.62329296875 0.19966484375 0.61935 0.1980046875 0.611878125 0.21502421875 0.61478359375 0.21709921875 0.611878125 0.22311875
4 0.7058984375 0.21377890625 0.69614375 0.20962734375 0.69303046875 0.21834453125 0.6874265625 0.216684375 0.68431328125 0.22249609375 0.68431328125 0.22726953125 0.687634375 0.2303828125 0.68452109375 0.2393078125 0.6959359375 0.24304375 0.7009171875 0.22872265625 0.70320078125 0.22955234375 0.70610625 0.22208046875 0.7038234375 0.21979765625 0.7058984375 0.21377890625
4 0.80469375 0.24594921875 0.8080140625 0.24594921875 0.808221875 0.2691953125 0.8196375 0.26836484375 0.81984453125 0.265459375 0.82150546875 0.26587421875 0.82129765625 0.255496875 0.82005234375 0.255496875 0.82005234375 0.24947734375 0.8244109375 0.24947734375 0.8244109375 0.23245859375 0.82005234375 0.23204296875 0.8196375 0.22706171875 0.8194296875 0.22706171875 0.8084296875 0.22623203125 0.8084296875 0.2303828125 0.804278125 0.230175 0.80469375 0.24594921875
4 0.802203125 0.30468671875 0.764428125 0.29928984375 0.762353125 0.30925234375 0.80012734375 0.31693203125 0.802203125 0.30468671875
0 0.97467890625 0.6562796875 0.97405625 0.67143046875 0.997509375 0.6722609375 0.998546875 0.65814765625 0.97467890625 0.6562796875
4 0.30198828125 0.7667203125 0.27697734375 0.78943203125 0.2893390625 0.79949375 0.3106125 0.77850703125 0.30198828125 0.7667203125
4 0.3192375 0.77563203125 0.29853828125 0.79748125 0.30773828125 0.80696796875 0.32929921875 0.78713203125 0.3192375 0.77563203125
4 0.33389921875 0.80955546875 0.35603515625 0.78626953125 0.3459734375 0.77591953125 0.32355 0.79978125 0.33389921875 0.80955546875
4 0.38650859375 0.78828203125 0.36236015625 0.81070546875 0.372709375 0.8199046875 0.39312109375 0.79748125 0.38650859375 0.78828203125
4 0.4017453125 0.79518125 0.38219609375 0.8184671875 0.39340859375 0.8276671875 0.41381953125 0.80553046875 0.4017453125 0.79518125
4 0.43681875 0.80840546875 0.42589375 0.79978125 0.4051953125 0.8239296875 0.41698203125 0.83485390625 0.41813203125 0.83427890625 0.43681875 0.80840546875
2 0.1328125 0.618359375 0.1328125 0.63828125 0.146875 0.63828125 0.146875 0.618359375 0.1328125 0.618359375
2 0.1189453125 0.6189453125 0.1189453125 0.6380859375 0.1310546875 0.6380859375 0.1310546875 0.6189453125 0.1189453125 0.6189453125
2 0.105859375 0.618359375 0.105859375 0.63828125 0.11640625 0.63828125 0.11640625 0.618359375 0.105859375 0.618359375
2 0.06199921875 0.621740625 0.065253125 0.64207890625 0.07460859375 0.6398421875 0.0715578125 0.6203171875 0.06199921875 0.621740625
2 0.04247421875 0.62336796875 0.04959296875 0.63801171875 0.0565078125 0.634146875 0.0518296875 0.62235078125 0.04247421875 0.62336796875
2 0.02294921875 0.626215625 0.02864453125 0.63821484375 0.04084765625 0.63231640625 0.03515234375 0.61950390625 0.02294921875 0.626215625
2 0.04633828125 0.7039078125 0.05264375 0.71082265625 0.06566015625 0.69231484375 0.05833828125 0.6868234375 0.04633828125 0.7039078125
2 0.0628125 0.7116359375 0.072575 0.71509375 0.07745625 0.70085703125 0.06769375 0.698009375 0.0628125 0.7116359375
2 0.08091328125 0.7140765625 0.0888453125 0.7167203125 0.0937265625 0.70207734375 0.08498125 0.70004296875 0.08091328125 0.7140765625
2 0.1083703125 0.717940625 0.1154890625 0.7266859375 0.12870859375 0.715296875 0.1209796875 0.7065515625 0.1083703125 0.717940625
2 0.09474375 0.71590703125 0.10389609375 0.71977109375 0.10898046875 0.705534375 0.099625 0.70228046875 0.09474375 0.71590703125
2 0.02335625 0.695365625 0.04247421875 0.693128125 0.04227109375 0.683365625 0.02254296875 0.68519609375 0.02335625 0.695365625
2 0.1946046875 0.7586171875 0.20172265625 0.769396875 0.21351953125 0.74824453125 0.20335 0.74295703125 0.1946046875 0.7586171875
2 0.2216546875 0.77285390625 0.22856953125 0.7803796875 0.24239921875 0.7659390625 0.23467109375 0.7586171875 0.2216546875 0.77285390625
2 0.2442296875 0.79339609375 0.25582265625 0.7980734375 0.2659921875 0.7757015625 0.2552125 0.7706171875 0.2442296875 0.79339609375
2 0.2072140625 0.76654921875 0.21596015625 0.7754984375 0.2289765625 0.7582109375 0.22267109375 0.7512953125 0.2072140625 0.76654921875
2 0.15298359375 0.0449 0.16359375 0.04787578125 0.169934375 0.0329953125 0.160746875 0.0297609375 0.15298359375 0.0449