1 0.97585546875 0.99974453125 0.97564375 0.9887515625 0.9633828125 0.9889625 0.962959375 0.99403671875 0.954503125 0.993825 0.9549265625 0.99889921875 0.97585546875 0.99974453125
4 0.69806640625 0.83315546875 0.71434453125 0.84710859375 0.77480703125 0.775653125 0.7595859375 0.76148828125 0.69806640625 0.83315546875
3 0.7978515625 0.76698828125 0.7978515625 0.78199609375 0.8041953125 0.78199609375 0.8041953125 0.76698828125 0.7978515625 0.76698828125
1 0.5502890625 0.85916015625 0.5502890625 0.89404296875 0.5908828125 0.89404296875 0.5908828125 0.85916015625 0.5502890625 0.85916015625
4 0.81983671875 0.69996953125 0.8158203125 0.784109375 0.83590390625 0.7855890625 0.840978125 0.70208359375 0.81983671875 0.69996953125
4 0.8587359375 0.6936265625 0.85556484375 0.77692109375 0.8762828125 0.7764984375 0.87903125 0.69468359375 0.8587359375 0.6936265625
3 0.3439609375 0.33634765625 0.3439609375 0.34416796875 0.3642578125 0.34416796875 0.3642578125 0.33634765625 0.3439609375 0.33634765625
3 0.3448046875 0.32810546875 0.3448046875 0.33634765625 0.3651015625 0.33634765625 0.3651015625 0.32810546875 0.3448046875 0.32810546875
3 0.173565625 0.20231640625 0.15221328125 0.20421953125 0.1526359375 0.20696796875 0.15305859375 0.21077265625 0.1744109375 0.2082359375 0.173565625 0.20231640625
3 0.17187421875 0.1942828125 0.15221328125 0.197665625 0.15305859375 0.203796875 0.1737765625 0.20210546875 0.17187421875 0.1942828125
0 0.180753125 0.18625 0.19174609375 0.2082359375 0.20696796875 0.19956875 0.1974546875 0.17758203125 0.180753125 0.18625
1 0.2708125 0.20443046875 0.226628125 0.20633359375 0.22620546875 0.2224 0.21458956787109376 0.2217892314453125 0.21753828125 0.28222890625 0.2270515625 0.28222890625 0.2270515625 0.296815625 0.2741953125 0.2953359375 0.27440625 0.28032578125 0.319859375 0.279903125 0.31689921875 0.2179609375 0.27165859375 0.21986328125 0.2708125 0.20443046875
0 0.40061640625 0.154115625 0.4071703125 0.19238046875 0.446703125 0.18455859375 0.44057265625 0.1477734375 0.40061640625 0.154115625