1 0.89174765625 0.08605625 0.89265234375 0.10101640625 0.9061203125 0.1000125 0.9070859375 0.10436953125 0.9150140625 0.10436953125 0.9150515625 0.0522671875 0.877275 0.05312421875 0.8769734375 0.07671875 0.8896375 0.07661875 0.8905421875 0.08605625 0.89174765625 0.08605625
1 0.79429375 0.04712109375 0.81436640625 0.04699609375 0.81319765625 0.01491875 0.79630078125 0.01453671875 0.79429375 0.04712109375
3 0.80144921875 0 0.80144921875 0.00525 0.81281640625 0.00525 0.81281640625 0 0.80144921875 0
0 0.820546875 0.2898015625 0.81445703125 0.25903359375 0.7937890625 0.26502421875 0.7945546875 0.2763671875 0.7999125 0.29459296875 0.820546875 0.2898015625
0 0.701478125 0.29860859375 0.7029 0.26512734375 0.66958828125 0.26796796875 0.6692296875 0.2984953125 0.701478125 0.29860859375
0 0.29473515625 0.14244765625 0.29894921875 0.18700234375 0.3331890625 0.1841953125 0.33143359375 0.139290625 0.33090625 0.1399921875 0.29473515625 0.14244765625
1 0.27454296875 0.2236625 0.28946796875 0.22103203125 0.28951484375 0.170909375 0.25403359375 0.17103984375 0.25403359375 0.1775296875 0.23524609375 0.1775296875 0.235421875 0.22524140625 0.27454296875 0.2236625
0 0.27173125 0.27590078125 0.29128125 0.273746875 0.2905828125 0.2450671875 0.27115625 0.24631953125 0.27173125 0.27590078125
0 0.1378609375 0.23124140625 0.1367109375 0.19720859375 0.11863359375 0.1976625 0.1200359375 0.231959375 0.1378609375 0.23124140625
1 0.0251390625 0.0004921875 0.0275828125 0.03222734375 0.04454453125 0.03208359375 0.0434328125 0.00071796875 0.0251390625 0.0004921875
1 0.062771875 0.00996953125 0.064640625 0.04859765625 0.1060390625 0.04644375 0.10548984375 0.0110609375 0.08361484375 0.01025703125 0.08375859375 0.01916015625 0.077865625 0.019303125 0.077290625 0.00982578125 0.062771875 0.00996953125
0 0.73977109375 0.37061484375 0.73966015625 0.37097890625 0.71743984375 0.3770328125 0.72294921875 0.404184375 0.745353125 0.40088203125 0.73977109375 0.37061484375
1 0.38876875 0.24566328125 0.40217421875 0.24401171875 0.40228515625 0.225425 0.36379375 0.2262171875 0.364528125 0.2485984375 0.37297578125 0.24749765625 0.377015625 0.262540625 0.38968671875 0.25905546875 0.38876875 0.24566328125