1 0.10825234375 0.91394375 0.10734765625 0.89898359375 0.0938796875 0.8999875 0.0929140625 0.89563046875 0.0849859375 0.89563046875 0.0849484375 0.9477328125 0.122725 0.94687578125 0.1230265625 0.92328125 0.1103625 0.92338125 0.1094578125 0.91394375 0.10825234375 0.91394375
1 0.20570625 0.95287890625 0.18563359375 0.95300390625 0.18680234375 0.98508125 0.20369921875 0.98546328125 0.20570625 0.95287890625
3 0.19855078125 1 0.19855078125 0.99475 0.18718359375 0.99475 0.18718359375 1 0.19855078125 1
0 0.179453125 0.7101984375 0.18554296875 0.74096640625 0.2062109375 0.73497578125 0.2054453125 0.7236328125 0.2000875 0.70540703125 0.179453125 0.7101984375
0 0.298521875 0.70139140625 0.2971 0.73487265625 0.33041171875 0.73203203125 0.3307703125 0.7015046875 0.298521875 0.70139140625
0 0.70526484375 0.85755234375 0.70105078125 0.81299765625 0.6668109375 0.8158046875 0.66856640625 0.860709375 0.66909375 0.8600078125 0.70526484375 0.85755234375
1 0.72545703125 0.7763375 0.71053203125 0.77896796875 0.71048515625 0.829090625 0.74596640625 0.82896015625 0.74596640625 0.8224703125 0.76475390625 0.8224703125 0.764578125 0.77475859375 0.72545703125 0.7763375
0 0.72826875 0.72409921875 0.70871875 0.726253125 0.7094171875 0.7549328125 0.72884375 0.75368046875 0.72826875 0.72409921875
0 0.8621390625 0.76875859375 0.8632890625 0.80279140625 0.88136640625 0.8023375 0.8799640625 0.768040625 0.8621390625 0.76875859375
1 0.9748609375 0.9995078125 0.9724171875 0.96777265625 0.95545546875 0.96791640625 0.9565671875 0.99928203125 0.9748609375 0.9995078125
1 0.937228125 0.99003046875 0.935359375 0.95140234375 0.8939609375 0.95355625 0.89451015625 0.9889390625 0.91638515625 0.98974296875 0.91624140625 0.98083984375 0.922134375 0.980696875 0.922709375 0.99017421875 0.937228125 0.99003046875
0 0.26022890625 0.62938515625 0.26033984375 0.62902109375 0.28256015625 0.6229671875 0.27705078125 0.595815625 0.254646875 0.59911796875 0.26022890625 0.62938515625
1 0.61123125 0.75433671875 0.59782578125 0.75598828125 0.59771484375 0.774575 0.63620625 0.7737828125 0.635471875 0.7514015625 0.62702421875 0.75250234375 0.622984375 0.737459375 0.61031328125 0.74094453125 0.61123125 0.75433671875