4 0.76784296875 0.86760703125 0.73836484375 0.96114921875 0.76041171875 0.968078125 0.78821796875 0.876090625 0.76784296875 0.86760703125
3 0.78278046875 0.855703125 0.78043125 0.862353125 0.79374375 0.8691984375 0.79711640625 0.86318515625 0.78278046875 0.855703125
1 0.25175078125 0.8475578125 0.21479765625 0.855515625 0.2340484375 0.91033828125 0.26815859375 0.90001328125 0.25175078125 0.8475578125
4 0.1929640625 0.614365625 0.10135390625 0.59093359375 0.0953796875 0.61215546875 0.18656015625 0.63763828125 0.1929640625 0.614365625
3 0.15357578125 0.6375765625 0.1360953125 0.63182890625 0.134325 0.64155546875 0.1504046875 0.6446046875 0.15357578125 0.6375765625
1 0.17843359375 0.498090625 0.1350625 0.51400625 0.14524140625 0.547828125 0.19020859375 0.53481171875 0.17843359375 0.498090625
0 0.9140546875 0.4456171875 0.863603125 0.458659375 0.8746671875 0.50066015625 0.9259203125 0.48638359375 0.9140546875 0.4456171875
1 0.88241171875 0.3835 0.86448828125 0.3881421875 0.881140625 0.44657890625 0.9032125 0.44075390625 0.90055703125 0.42771171875 0.91051484375 0.4252796875 0.89834453125 0.37996328125 0.88241171875 0.3835
1 0.075946875 0.14356640625 0.0717421875 0.12168125 0.00535859375 0.12875546875 0.0091203125 0.171640625 0.0764359375 0.1659609375 0.075946875 0.14356640625
1 0.6848375 0 0.6587265625 0.00430078125 0.67465859375 0.0867546875 0.710646875 0.07905546875 0.69324609375 0 0.6848375 0
0 0.72887265625 0.08653359375 0.67598671875 0.09758671875 0.68461640625 0.14179765625 0.738178125 0.1317953125 0.72887265625 0.08653359375