4 0.968078125 0.23958828125 0.876090625 0.21178203125 0.86760703125 0.23215703125 0.96114921875 0.26163515625 0.968078125 0.23958828125
3 0.8691984375 0.20625625 0.86318515625 0.20288359375 0.855703125 0.21721953125 0.862353125 0.21956875 0.8691984375 0.20625625
1 0.91033828125 0.7659515625 0.90001328125 0.73184140625 0.8475578125 0.74824921875 0.855515625 0.78520234375 0.91033828125 0.7659515625
4 0.61215546875 0.9046203125 0.63763828125 0.81343984375 0.614365625 0.8070359375 0.59093359375 0.89864609375 0.61215546875 0.9046203125
3 0.64155546875 0.865675 0.6446046875 0.8495953125 0.6375765625 0.84642421875 0.63182890625 0.8639046875 0.64155546875 0.865675
1 0.547828125 0.85475859375 0.53481171875 0.80979140625 0.498090625 0.82156640625 0.51400625 0.8649375 0.547828125 0.85475859375
0 0.50066015625 0.1253328125 0.48638359375 0.0740796875 0.4456171875 0.0859453125 0.458659375 0.136396875 0.50066015625 0.1253328125
1 0.4252796875 0.08948515625 0.37996328125 0.10165546875 0.3835 0.11758828125 0.3881421875 0.13551171875 0.44657890625 0.118859375 0.44075390625 0.0967875 0.42771171875 0.09944296875 0.4252796875 0.08948515625
1 0.171640625 0.9908796875 0.1659609375 0.9235640625 0.14356640625 0.924053125 0.12168125 0.9282578125 0.12875546875 0.99464140625 0.171640625 0.9908796875
1 0 0.3151625 0.00430078125 0.3412734375 0.0867546875 0.32534140625 0.07905546875 0.289353125 0 0.30675390625 0 0.3151625
0 0.14179765625 0.31538359375 0.1317953125 0.261821875 0.08653359375 0.27112734375 0.09758671875 0.32401328125 0.14179765625 0.31538359375