4 0.78821796875 0.123909375 0.76041171875 0.031921875 0.73836484375 0.03885078125 0.76784296875 0.13239296875 0.78821796875 0.123909375
3 0.79711640625 0.13681484375 0.79374375 0.1308015625 0.78043125 0.137646875 0.78278046875 0.144296875 0.79711640625 0.13681484375
1 0.26815859375 0.09998671875 0.2340484375 0.08966171875 0.21479765625 0.144484375 0.25175078125 0.1524421875 0.26815859375 0.09998671875
4 0.18656015625 0.36236171875 0.0953796875 0.38784453125 0.10135390625 0.40906640625 0.1929640625 0.385634375 0.18656015625 0.36236171875
3 0.1504046875 0.3553953125 0.134325 0.35844453125 0.1360953125 0.36817109375 0.15357578125 0.3624234375 0.1504046875 0.3553953125
1 0.19020859375 0.46518828125 0.14524140625 0.452171875 0.1350625 0.48599375 0.17843359375 0.501909375 0.19020859375 0.46518828125
0 0.9259203125 0.51361640625 0.8746671875 0.49933984375 0.863603125 0.541340625 0.9140546875 0.5543828125 0.9259203125 0.51361640625
1 0.881140625 0.55342109375 0.86448828125 0.6118578125 0.88241171875 0.6165 0.89834453125 0.62003671875 0.91051484375 0.5747203125 0.90055703125 0.57228828125 0.9032125 0.55924609375 0.881140625 0.55342109375
1 0.075946875 0.85643359375 0.0764359375 0.8340390625 0.0091203125 0.828359375 0.00535859375 0.87124453125 0.0717421875 0.87831875 0.075946875 0.85643359375
1 0.69324609375 1 0.710646875 0.92094453125 0.67465859375 0.9132453125 0.6587265625 0.99569921875 0.6848375 1 0.69324609375 1
0 0.738178125 0.8682046875 0.68461640625 0.85820234375 0.67598671875 0.90241328125 0.72887265625 0.91346640625 0.738178125 0.8682046875