1 0.95065859375 0.913046875 0.9735515625 0.97469765625 0.99921875 0.965259375 0.99921875 0.94136171875 0.98178515625 0.89999375 0.95065859375 0.913046875
1 0.26848984375 0.00656796875 0.28335 0.0433171875 0.33395546875 0.02243203125 0.3245171875 0.00078125 0.28274765625 0.00078125 0.26848984375 0.00656796875
1 0.9982515625 0.872884375 0.969334375 0.885334375 0.97636328125 0.90119921875 0.9819859375 0.899190625 0.983190625 0.9014 0.99921875 0.89437109375 0.99921875 0.87931015625 0.9982515625 0.872884375
1 0.93378984375 0.86003203125 0.97455546875 0.84356484375 0.96069921875 0.80621328125 0.913909375 0.8262953125 0.92254453125 0.84958984375 0.92917109375 0.84738046875 0.93378984375 0.86003203125
4 0.84362421875 0.65921640625 0.8588859375 0.65258984375 0.8371984375 0.59716484375 0.8219359375 0.6037921875 0.84362421875 0.65921640625
0 0.79924375 0.6827125 0.80888359375 0.67909765625 0.79964609375 0.65961875 0.79040859375 0.66383515625 0.79924375 0.6827125
4 0.8972421875 0.5377234375 0.89985234375 0.5483671875 0.90406953125 0.5477640625 0.9050734375 0.55137890625 0.9207375 0.54595703125 0.9197328125 0.5431453125 0.9269625 0.54173984375 0.92716328125 0.54354765625 0.9362 0.54093671875 0.93599921875 0.5385265625 0.938609375 0.538125 0.93640078125 0.52708046875 0.8972421875 0.5377234375
1 0.8291640625 0.410965625 0.8173625 0.3722265625 0.78862890625 0.384540625 0.8001734375 0.42097109375 0.8291640625 0.410965625
4 0.76258515625 0.27277109375 0.78164921875 0.2722515625 0.78164921875 0.27571796875 0.79967421875 0.27554453125 0.79950078125 0.27259765625 0.80660703125 0.27242421875 0.80678046875 0.25994609375 0.76223828125 0.2608125 0.76258515625 0.27277109375
4 0.71284375 0.25353359375 0.7563453125 0.254053125 0.75651875 0.2436546875 0.7525328125 0.2433078125 0.7525328125 0.227709375 0.7280953125 0.2282296875 0.7280953125 0.24261484375 0.7126703125 0.24226796875 0.71284375 0.25353359375
1 0.44056171875 0.27090625 0.42180078125 0.27866953125 0.4291328125 0.29419609375 0.42740703125 0.29570546875 0.4319359375 0.30433125 0.4356015625 0.30433125 0.44271796875 0.3237390625 0.45846015625 0.31683828125 0.451990625 0.303253125 0.45587265625 0.302390625 0.449403125 0.28406015625 0.44616796875 0.2853546875 0.44056171875 0.27090625
1 0.42726171875 0.4060609375 0.44879375 0.40027890625 0.44719921875 0.3921046875 0.453978125 0.39031015625 0.45018984375 0.37834765625 0.4428125 0.3799421875 0.44101875 0.3721671875 0.41808984375 0.3799421875 0.42726171875 0.4060609375
0 0.46414609375 0.37376171875 0.48308671875 0.3669828125 0.47909921875 0.35242890625 0.4587625 0.3576125 0.46414609375 0.37376171875
0 0.47311796875 0.44733125 0.50202734375 0.43516953125 0.499634375 0.418421875 0.46613984375 0.43018515625 0.47311796875 0.44733125
1 0.44959140625 0.48660859375 0.47909921875 0.47464609375 0.46295 0.43018515625 0.43284375 0.44314453125 0.44959140625 0.48660859375
3 0.4852796875 0.4648765625 0.4906625 0.46268359375 0.48508046875 0.45371171875 0.48009609375 0.45650234375 0.4852796875 0.4648765625
1 0.49485 0.5276796875 0.4842828125 0.496378125 0.4587625 0.50654609375 0.470725 0.53725 0.49485 0.5276796875
0 0.531734375 0.5211 0.50800859375 0.53106875 0.5141890625 0.548015625 0.5391109375 0.53744921875 0.531734375 0.5211
4 0.5789859375 0.5410375 0.54947890625 0.5526015625 0.55346640625 0.56276953125 0.5819765625 0.5496109375 0.5789859375 0.5410375
1 0.5305609375 0.61958203125 0.53840859375 0.61462578125 0.5309734375 0.60016875 0.49978828125 0.611940625 0.5132125 0.6460171875 0.5357234375 0.6361046875 0.5305609375 0.61958203125
0 0.5070171875 0.6860828125 0.520234375 0.71355078125 0.5446046875 0.70343125 0.53345234375 0.67555078125 0.5070171875 0.6860828125
1 0.56525703125 0.7327578125 0.55720234375 0.71210546875 0.5212671875 0.7329640625 0.5307671875 0.7517578125 0.56525703125 0.7327578125
0 0.5826046875 0.7943015625 0.572071875 0.76869296875 0.54625625 0.781084375 0.5590609375 0.8069 0.5826046875 0.7943015625
4 0.64766015625 0.846759375 0.68875859375 0.82734609375 0.68442109375 0.8164 0.642703125 0.8364328125 0.64766015625 0.846759375
1 0.6084203125 0.92751015625 0.62060546875 0.9235859375 0.623496875 0.93226015625 0.65695390625 0.91573828125 0.64597781640625 0.8862654614257812 0.6458015625 0.88661796875 0.6457063041992187 0.8866574462890625 0.64559453125 0.886825 0.6456210341796875 0.8866927841796876 0.599953125 0.90561875 0.6084203125 0.92751015625
0 0.66376875 0.978728125 0.689378125 0.9684015625 0.68173671875 0.94279296875 0.65364921875 0.955390625 0.66376875 0.978728125
0 0.3088390625 0.0863171875 0.27897734375 0.09889140625 0.2910265625 0.1250859375 0.31957890625 0.110940625 0.3088390625 0.0863171875
1 0.33398671875 0.1662125 0.37825625 0.1444703125 0.3641109375 0.110940625 0.31669765625 0.1305875 0.33398671875 0.1662125
1 0.326128125 0.22908046875 0.38166171875 0.20393359375 0.3690875 0.17773828125 0.314078125 0.19921796875 0.326128125 0.22908046875
0 0.3895203125 0.2115296875 0.430384375 0.19240703125 0.418334375 0.16647421875 0.37616015625 0.18376328125 0.3895203125 0.2115296875
2 0.64290546875 0.55345234375 0.65386875 0.579984375 0.66274921875 0.577134375 0.672178125 0.5731875 0.66132421875 0.5450109375 0.65200546875 0.549725 0.64290546875 0.55345234375