1 0.83285234375 0.85511796875 0.86375625 0.84013203125 0.83611171875 0.7804359375 0.803425 0.795925 0.83298203125 0.8547515625 0.8328078125 0.8551 0.83285234375 0.85511796875
3 0.86441953125 0.80293984375 0.85697578125 0.7882671875 0.84949921875 0.79244453125 0.85819296875 0.80601953125 0.86441953125 0.80293984375
3 0.7103765625 0.6381953125 0.7191359375 0.62631328125 0.713384375 0.62267734375 0.7052859375 0.6342578125 0.7103765625 0.6381953125
1 0.69865234375 0.60721796875 0.656465625 0.55157265625 0.62754375 0.574734375 0.66317578125 0.6203609375 0.67173671875 0.61295 0.679603125 0.62267734375 0.69865234375 0.60721796875
3 0.45695234375 0.19978125 0.46256640625 0.19441484375 0.44931640625 0.18588515625 0.44653984375 0.191675 0.45695234375 0.19978125
1 0.45255625 0.25629453125 0.47714765625 0.230175 0.4266421875 0.185653125 0.401884375 0.213678125 0.45255625 0.25629453125
3 0.2374125 0.09401875 0.24210390625 0.08748203125 0.22746328125 0.08174375 0.22445546875 0.08614453125 0.2374125 0.09401875
1 0.23810625 0.1570171875 0.25731015625 0.128065625 0.20848984375 0.09749296875 0.19090546875 0.12737109375 0.23810625 0.1570171875
1 0.16075390625 0.5816984375 0.1771609375 0.56396875 0.169090625 0.5562015625 0.1757640625 0.5465703125 0.13479453125 0.5068015625 0.11167109375 0.53243359375 0.16075390625 0.5816984375
3 0.15031328125 0.58742578125 0.141659375 0.57960234375 0.14069140625 0.580590625 0.1365015625 0.58509609375 0.14565703125 0.593484375 0.15031328125 0.58742578125
1 0.4511359375 0.86043671875 0.4645875 0.82981640625 0.41353046875 0.804184375 0.39770078125 0.8377390625 0.4511359375 0.86043671875