1 0.803425 0.204075 0.83611171875 0.2195640625 0.86375625 0.15986796875 0.83285234375 0.14488203125 0.8328078125 0.1449 0.83298203125 0.1452484375 0.803425 0.204075
3 0.85697578125 0.2117328125 0.86441953125 0.19706015625 0.85819296875 0.19398046875 0.84949921875 0.20755546875 0.85697578125 0.2117328125
3 0.7191359375 0.37368671875 0.7103765625 0.3618046875 0.7052859375 0.3657421875 0.713384375 0.37732265625 0.7191359375 0.37368671875
1 0.66317578125 0.3796390625 0.62754375 0.425265625 0.656465625 0.44842734375 0.69865234375 0.39278203125 0.679603125 0.37732265625 0.67173671875 0.38705 0.66317578125 0.3796390625
3 0.46256640625 0.80558515625 0.45695234375 0.80021875 0.44653984375 0.808325 0.44931640625 0.81411484375 0.46256640625 0.80558515625
1 0.47714765625 0.769825 0.45255625 0.74370546875 0.401884375 0.786321875 0.4266421875 0.814346875 0.47714765625 0.769825
3 0.24210390625 0.91251796875 0.2374125 0.90598125 0.22445546875 0.91385546875 0.22746328125 0.91825625 0.24210390625 0.91251796875
1 0.25731015625 0.871934375 0.23810625 0.8429828125 0.19090546875 0.87262890625 0.20848984375 0.90250703125 0.25731015625 0.871934375
1 0.1757640625 0.4534296875 0.169090625 0.4437984375 0.1771609375 0.43603125 0.16075390625 0.4183015625 0.11167109375 0.46756640625 0.13479453125 0.4931984375 0.1757640625 0.4534296875
3 0.14069140625 0.419409375 0.141659375 0.42039765625 0.15031328125 0.41257421875 0.14565703125 0.406515625 0.1365015625 0.41490390625 0.14069140625 0.419409375
1 0.4645875 0.17018359375 0.4511359375 0.13956328125 0.39770078125 0.1622609375 0.41353046875 0.195815625 0.4645875 0.17018359375