1 0.15986796875 0.13624375 0.14488203125 0.16714765625 0.1449 0.1671921875 0.1452484375 0.16701796875 0.204075 0.196575 0.2195640625 0.16388828125 0.15986796875 0.13624375
3 0.19398046875 0.14180703125 0.20755546875 0.15050078125 0.2117328125 0.14302421875 0.19706015625 0.13558046875 0.19398046875 0.14180703125
3 0.3657421875 0.2947140625 0.37732265625 0.286615625 0.37368671875 0.2808640625 0.3618046875 0.2896234375 0.3657421875 0.2947140625
1 0.44842734375 0.343534375 0.39278203125 0.30134765625 0.37732265625 0.320396875 0.38705 0.32826328125 0.3796390625 0.33682421875 0.425265625 0.37245625 0.44842734375 0.343534375
3 0.808325 0.55346015625 0.81411484375 0.55068359375 0.80558515625 0.53743359375 0.80021875 0.54304765625 0.808325 0.55346015625
1 0.786321875 0.598115625 0.814346875 0.5733578125 0.769825 0.52285234375 0.74370546875 0.54744375 0.786321875 0.598115625
3 0.91385546875 0.77554453125 0.91825625 0.77253671875 0.91251796875 0.75789609375 0.90598125 0.7625875 0.91385546875 0.77554453125
1 0.87262890625 0.80909453125 0.90250703125 0.79151015625 0.871934375 0.74268984375 0.8429828125 0.76189375 0.87262890625 0.80909453125
1 0.43603125 0.8228390625 0.4183015625 0.83924609375 0.46756640625 0.88832890625 0.4931984375 0.86520546875 0.4534296875 0.8242359375 0.4437984375 0.830909375 0.43603125 0.8228390625
3 0.41257421875 0.84968671875 0.406515625 0.85434296875 0.41490390625 0.8634984375 0.419409375 0.85930859375 0.42039765625 0.858340625 0.41257421875 0.84968671875
1 0.1622609375 0.60229921875 0.195815625 0.58646953125 0.17018359375 0.5354125 0.13956328125 0.5488640625 0.1622609375 0.60229921875