1 0.28175703125 0.04219140625 0.24934375 0.03431640625 0.23859375 0.08927109375 0.27735234375 0.09785078125 0.28175703125 0.0747515625 0.27735234375 0.07233125 0.28175703125 0.04219140625
3 0.22538046875 0.0395515625 0.23308828125 0.04351171875 0.23617109375 0.03251171875 0.23052734375 0.02870390625 0.22538046875 0.0395515625
3 0.67484140625 0.1467046875 0.68144140625 0.146521875 0.679734375 0.1311859375 0.6724578125 0.13278515625 0.67484140625 0.1467046875
1 0.6123234375 0.10641171875 0.62625703125 0.1635546875 0.630840625 0.1642875 0.66182421875 0.15531328125 0.6470296875 0.095459375 0.6123234375 0.10641171875
3 0.7082953125 0.3334125 0.7147125 0.3302984375 0.7116140625 0.3177921875 0.7055453125 0.31876015625 0.7082953125 0.3334125
1 0.69821171875 0.37370546875 0.6967453125 0.3160125 0.654725 0.3183421875 0.65677734375 0.34495078125 0.66117734375 0.3455 0.66209453125 0.3748046875 0.68079453125 0.375903125 0.69821171875 0.37370546875
1 0.4040453125 0.390921875 0.37660234375 0.4216765625 0.41907890625 0.4572234375 0.4418125 0.43084921875 0.4199953125 0.41143515625 0.4225625 0.40795546875 0.4040453125 0.390921875
3 0.36719453125 0.4365265625 0.376728125 0.4473328125 0.38149453125 0.441471875 0.37269453125 0.4328640625 0.36719453125 0.4365265625
3 0.2744859375 0.25722109375 0.28566953125 0.252825 0.28346953125 0.24733046875 0.27299296875 0.25046015625 0.2744859375 0.25722109375
1 0.31610390625 0.3143640625 0.35442109375 0.30300859375 0.33517109375 0.24879609375 0.29772734375 0.26117890625 0.31610390625 0.3143640625
1 0.13991953125 0.58705859375 0.1908875 0.56105078125 0.1743875 0.52735078125 0.12321328125 0.55056953125 0.13991953125 0.58705859375
3 0.14761953125 0.52826640625 0.15935390625 0.52387109375 0.157153125 0.5169109375 0.14355 0.52143828125 0.14761953125 0.52826640625
3 0.6621140625 0.66621171875 0.67293125 0.657603125 0.66846640625 0.6519796875 0.65808125 0.6609 0.6621140625 0.66621171875
1 0.639884375 0.61707734375 0.620496875 0.64020390625 0.618296875 0.6372734375 0.60069609375 0.6559546875 0.62893046875 0.68489296875 0.66871484375 0.6400203125 0.639884375 0.61707734375
1 0.434896875 0.682878125 0.435996875 0.6869078125 0.4068328125 0.69705078125 0.41839609375 0.73031484375 0.47229765625 0.710534375 0.46478046875 0.6947828125 0.4561640625 0.6751859375 0.434896875 0.682878125
3 0.4306796875 0.7398390625 0.44773046875 0.73709140625 0.44663046875 0.7325125 0.43211640625 0.73470234375 0.4306796875 0.7398390625
1 0.08120078125 0.8619734375 0.05588125 0.8630453125 0.06048359375 0.9017171875 0.11621796875 0.897321875 0.113834375 0.86215625 0.0815671875 0.86417109375 0.08120078125 0.8619734375
1 0.245284375 0.7726859375 0.2227 0.802309375 0.25701796875 0.82451875 0.29130234375 0.7759828125 0.255734375 0.75235625 0.2432671875 0.77030546875 0.245284375 0.7726859375
3 0.27326796875 0.821546875 0.27901875 0.8256171875 0.28598515625 0.81609375 0.28598515625 0.8120640625 0.28158515625 0.80986640625 0.27326796875 0.821546875