1 0.75065625 0.03431640625 0.71824296875 0.04219140625 0.72264765625 0.07233125 0.71824296875 0.0747515625 0.72264765625 0.09785078125 0.76140625 0.08927109375 0.75065625 0.03431640625
3 0.76947265625 0.02870390625 0.76382890625 0.03251171875 0.76691171875 0.04351171875 0.77461953125 0.0395515625 0.76947265625 0.02870390625
3 0.3275421875 0.13278515625 0.320265625 0.1311859375 0.31855859375 0.146521875 0.32515859375 0.1467046875 0.3275421875 0.13278515625
1 0.3876765625 0.10641171875 0.3529703125 0.095459375 0.33817578125 0.15531328125 0.369159375 0.1642875 0.37374296875 0.1635546875 0.3876765625 0.10641171875
3 0.2944546875 0.31876015625 0.2883859375 0.3177921875 0.2852875 0.3302984375 0.2917046875 0.3334125 0.2944546875 0.31876015625
1 0.345275 0.3183421875 0.3032546875 0.3160125 0.30178828125 0.37370546875 0.31920546875 0.375903125 0.33790546875 0.3748046875 0.33882265625 0.3455 0.34322265625 0.34495078125 0.345275 0.3183421875
1 0.62339765625 0.4216765625 0.5959546875 0.390921875 0.5774375 0.40795546875 0.5800046875 0.41143515625 0.5581875 0.43084921875 0.58092109375 0.4572234375 0.62339765625 0.4216765625
3 0.62730546875 0.4328640625 0.61850546875 0.441471875 0.623271875 0.4473328125 0.63280546875 0.4365265625 0.62730546875 0.4328640625
3 0.72700703125 0.25046015625 0.71653046875 0.24733046875 0.71433046875 0.252825 0.7255140625 0.25722109375 0.72700703125 0.25046015625
1 0.70227265625 0.26117890625 0.66482890625 0.24879609375 0.64557890625 0.30300859375 0.68389609375 0.3143640625 0.70227265625 0.26117890625
1 0.87678671875 0.55056953125 0.8256125 0.52735078125 0.8091125 0.56105078125 0.86008046875 0.58705859375 0.87678671875 0.55056953125
3 0.85645 0.52143828125 0.842846875 0.5169109375 0.84064609375 0.52387109375 0.85238046875 0.52826640625 0.85645 0.52143828125
3 0.34191875 0.6609 0.33153359375 0.6519796875 0.32706875 0.657603125 0.3378859375 0.66621171875 0.34191875 0.6609
1 0.379503125 0.64020390625 0.360115625 0.61707734375 0.33128515625 0.6400203125 0.37106953125 0.68489296875 0.39930390625 0.6559546875 0.381703125 0.6372734375 0.379503125 0.64020390625
1 0.5931671875 0.69705078125 0.564003125 0.6869078125 0.565103125 0.682878125 0.5438359375 0.6751859375 0.53521953125 0.6947828125 0.52770234375 0.710534375 0.58160390625 0.73031484375 0.5931671875 0.69705078125
3 0.56788359375 0.73470234375 0.55336953125 0.7325125 0.55226953125 0.73709140625 0.5693203125 0.7398390625 0.56788359375 0.73470234375
1 0.94411875 0.8630453125 0.91879921875 0.8619734375 0.9184328125 0.86417109375 0.886165625 0.86215625 0.88378203125 0.897321875 0.93951640625 0.9017171875 0.94411875 0.8630453125
1 0.7773 0.802309375 0.754715625 0.7726859375 0.7567328125 0.77030546875 0.744265625 0.75235625 0.70869765625 0.7759828125 0.74298203125 0.82451875 0.7773 0.802309375
3 0.72673203125 0.821546875 0.71841484375 0.80986640625 0.71401484375 0.8120640625 0.71401484375 0.81609375 0.72098125 0.8256171875 0.72673203125 0.821546875