2 0.8250984375 0.00032890625 0.7442640625 0.0207015625 0.7616796875 0.09200625 0.78928203125 0.0864203125 0.81228359375 0.10252109375 0.8250984375 0.0778765625 0.8467859375 0.07163359375 0.8250984375 0.00032890625
2 0.95259296875 0.162325 0.80505390625 0.19945625 0.8336421875 0.30953515625 0.96836484375 0.27798984375 0.970665625 0.284890625 0.99793828125 0.27766171875 0.96705078125 0.16626796875 0.95489296875 0.16955390625 0.95259296875 0.162325
2 0.57043828125 0.14983828125 0.47843203125 0.17349765625 0.5336359375 0.38281171875 0.62761328125 0.359153125 0.6059265625 0.2770046875 0.63812890625 0.26813203125 0.6259703125 0.223771875 0.59311171875 0.232315625 0.57043828125 0.14983828125
0 0.7829765625 0.4686671875 0.71451953125 0.48676875 0.73558359375 0.56411171875 0.80239453125 0.54469375 0.7829765625 0.4686671875
0 0.6654953125 0.50339921875 0.62872890625 0.51218671875 0.642140625 0.5656015625 0.65208359375 0.5656015625 0.67890703125 0.55797109375 0.6654953125 0.50339921875
2 0.85927109375 0.5711515625 0.83499140625 0.57716328125 0.842159375 0.60398671875 0.8662078125 0.59820625 0.85927109375 0.5711515625
2 0.97581328125 0.5653703125 0.9168484375 0.58178828125 0.93396015625 0.642834375 0.97650703125 0.62988515625 0.97581328125 0.5653703125
1 0.97650703125 0.746659375 0.9651765625 0.750128125 0.9681828125 0.76076484375 0.95014609375 0.7649265625 0.9665640625 0.8215796875 0.97627578125 0.8190359375 0.97650703125 0.746659375
2 0.8190359375 0.747353125 0.80169296875 0.75359609375 0.845628125 0.92956640625 0.8634328125 0.99921875 0.87753828125 0.99921875 0.92656015625 0.98806875 0.90921796875 0.9189296875 0.9217046875 0.9175421875 0.9145359375 0.89095 0.90320546875 0.8914125 0.8923375 0.85441484375 0.90482421875 0.85163984375 0.89719375 0.82504765625 0.88586328125 0.82666640625 0.8745328125 0.78180703125 0.88516953125 0.77926328125 0.8743015625 0.73625390625 0.8190359375 0.747353125
1 0.88682890625 0.0004078125 0.90510546875 0.063075 0.99901484375 0.03825703125 0.99921875 0.00170078125 0.88682890625 0.0004078125
2 0.87915703125 0.68237578125 0.89095 0.7205296875 0.9131484375 0.7147484375 0.90944921875 0.700875 0.90621171875 0.70249296875 0.8988125 0.67636328125 0.87915703125 0.68237578125