1 0.9331171875 0.231859375 0.93103671875 0.24018203125 0.97978671875 0.2600984375 0.997325 0.217590625 0.94827734375 0.197675 0.9450078125 0.20599765625 0.92955078125 0.19856640625 0.91617421875 0.22502265625 0.9331171875 0.231859375
0 0.82878125 0.1382234375 0.81362109375 0.163490625 0.85791171875 0.19232421875 0.87247734375 0.1625984375 0.82878125 0.1382234375
1 0.7788421875 0.14000703125 0.78478671875 0.11652421875 0.77111328125 0.112065625 0.77319375 0.10225546875 0.75298046875 0.0966078125 0.7425765625 0.13495390625 0.72949765625 0.13138671875 0.716715625 0.17419140625 0.74911640625 0.18281171875 0.76397890625 0.13614296875 0.7788421875 0.14000703125
1 0.46464296875 0.15338359375 0.44413203125 0.1988640625 0.48039765625 0.212240625 0.4982328125 0.16854375 0.46464296875 0.15338359375
1 0.235459375 0.0401296875 0.21911015625 0.0865015625 0.26013125 0.10225546875 0.27677734375 0.05528984375 0.235459375 0.0401296875
0 0.11774609375 0.01188984375 0.1022890625 0.06539609375 0.14331015625 0.0793671875 0.16055078125 0.02407734375 0.11774609375 0.01188984375
0 0.047890625 0.0743140625 0.03332578125 0.107309375 0.07018515625 0.12276640625 0.0832640625 0.08947421875 0.047890625 0.0743140625
1 0.716715625 0.3480859375 0.74911640625 0.28982421875 0.72474140625 0.2746640625 0.69144921875 0.33619609375 0.716715625 0.3480859375
0 0.81897109375 0.3162796875 0.80529765625 0.3406546875 0.831753125 0.356409375 0.8475078125 0.3308453125 0.81897109375 0.3162796875
1 0.89833828125 0.3587875 0.8876375 0.38999921875 0.936684375 0.40842890625 0.948871875 0.37781171875 0.89833828125 0.3587875
0 0.96789609375 0.5285203125 0.948575 0.5680546875 0.9815703125 0.58321484375 1 0.54486953125 0.96789609375 0.5285203125
0 0.5751375 0.060653125 0.54407890625 0.0462953125 0.53294453125 0.07325234375 0.56517578125 0.08790234375 0.5751375 0.060653125