1 0.19856640625 0.07044921875 0.22502265625 0.08382578125 0.231859375 0.0668828125 0.24018203125 0.06896328125 0.2600984375 0.02021328125 0.217590625 0.002675 0.197675 0.05172265625 0.20599765625 0.0549921875 0.19856640625 0.07044921875
0 0.19232421875 0.14208828125 0.1625984375 0.12752265625 0.1382234375 0.17121875 0.163490625 0.18637890625 0.19232421875 0.14208828125
1 0.18281171875 0.25088359375 0.13614296875 0.23602109375 0.14000703125 0.2211578125 0.11652421875 0.21521328125 0.112065625 0.22888671875 0.10225546875 0.22680625 0.0966078125 0.24701953125 0.13495390625 0.2574234375 0.13138671875 0.27050234375 0.17419140625 0.283284375 0.18281171875 0.25088359375
1 0.212240625 0.51960234375 0.16854375 0.5017671875 0.15338359375 0.53535703125 0.1988640625 0.55586796875 0.212240625 0.51960234375
1 0.10225546875 0.73986875 0.05528984375 0.72322265625 0.0401296875 0.764540625 0.0865015625 0.78088984375 0.10225546875 0.73986875
0 0.0793671875 0.85668984375 0.02407734375 0.83944921875 0.01188984375 0.88225390625 0.06539609375 0.8977109375 0.0793671875 0.85668984375
0 0.12276640625 0.92981484375 0.08947421875 0.9167359375 0.0743140625 0.952109375 0.107309375 0.96667421875 0.12276640625 0.92981484375
1 0.2746640625 0.27525859375 0.33619609375 0.30855078125 0.3480859375 0.283284375 0.28982421875 0.25088359375 0.2746640625 0.27525859375
0 0.356409375 0.168246875 0.3308453125 0.1524921875 0.3162796875 0.18102890625 0.3406546875 0.19470234375 0.356409375 0.168246875
1 0.40842890625 0.063315625 0.37781171875 0.051128125 0.3587875 0.10166171875 0.38999921875 0.1123625 0.40842890625 0.063315625
0 0.58321484375 0.0184296875 0.54486953125 0 0.5285203125 0.03210390625 0.5680546875 0.051425 0.58321484375 0.0184296875
0 0.07325234375 0.46705546875 0.08790234375 0.43482421875 0.060653125 0.4248625 0.0462953125 0.45592109375 0.07325234375 0.46705546875