1 0.10071484375 0.83458203125 0.0617359375 0.88012109375 0.0927875 0.903440625 0.1300484375 0.858728125 0.10071484375 0.83458203125
3 0.1324265625 0.872421875 0.1249390625 0.88254140625 0.1300046875 0.8860609375 0.1373109375 0.87655390625 0.1324265625 0.872421875
3 0.71637734375 0.84448203125 0.71065234375 0.84206171875 0.7044859375 0.855921875 0.71071328125 0.85839765625 0.71637734375 0.84448203125
1 0.75461796875 0.88117578125 0.76482578125 0.8590015625 0.76152265625 0.85636171875 0.774515625 0.8266625 0.74324453125 0.81280234375 0.71681796875 0.86274140625 0.75461796875 0.88117578125
1 0.77404453125 0.5854578125 0.786596875 0.57511796875 0.78461484375 0.56983828125 0.8028140625 0.554365625 0.77580625 0.5225390625 0.72515546875 0.56543828125 0.75774765625 0.6061375 0.77778828125 0.5909578125 0.77404453125 0.5854578125
3 0.72823828125 0.5346390625 0.71965 0.5451984375 0.72427421875 0.54981875 0.73316015625 0.5385203125 0.72823828125 0.5346390625
1 0.81145390625 0.38124765625 0.85001953125 0.37445546875 0.84448671875 0.35220859375 0.8400828125 0.35176875 0.83854140625 0.3277890625 0.80154375 0.33350859375 0.81145390625 0.38124765625
3 0.7984609375 0.367828125 0.792075 0.367828125 0.79258046875 0.38303828125 0.80044296875 0.38256796875 0.7984609375 0.367828125
3 0.2984875 0.44812734375 0.291440625 0.44878671875 0.291440625 0.460446875 0.2974140625 0.461275 0.2984875 0.44812734375
1 0.2837328125 0.4311875 0.2504796875 0.42634765625 0.23990859375 0.49300625 0.27778671875 0.4971859375 0.2837328125 0.4311875
1 0.3796734375 0.0741625 0.34531875 0.08252265625 0.35897265625 0.14566171875 0.39380625 0.139746875 0.3796734375 0.0741625
3 0.408521875 0.10650234375 0.4043375 0.1058421875 0.40345703125 0.1230015625 0.4089625 0.122121875 0.40965234375 0.1212609375 0.408521875 0.10650234375
1 0.9340390625 0.07324375 0.9515390625 0.0588453125 0.92474609375 0.0288515625 0.88791171875 0.059065625 0.910890625 0.085228125 0.92964609375 0.07105 0.9340390625 0.07324375