4 0.971790625 0.228571875 0.9386921875 0.21728828125 0.934178125 0.228571875 0.96727734375 0.24098359375 0.971790625 0.228571875
1 0.90296015625 0.17328203125 0.8540640625 0.17441015625 0.85368828125 0.2060046875 0.86196328125 0.205628125 0.86572421875 0.24662578125 0.89656640625 0.2458734375 0.8954375 0.20412421875 0.90408828125 0.203371875 0.90296015625 0.17328203125
1 0.79614140625 0.37262734375 0.79049921875 0.34178515625 0.75213515625 0.34817890625 0.7596578125 0.381278125 0.79614140625 0.37262734375
4 0.044271875 0.707 0.0228328125 0.6509578125 0.00139375 0.65697578125 0 0.66901171875 0.021328125 0.71489921875 0.044271875 0.707
1 0.1085890625 0.565578125 0.142815625 0.55278984375 0.1334125 0.53285546875 0.1537234375 0.52458046875 0.1416875 0.492234375 0.1202484375 0.498628125 0.11573515625 0.4918578125 0.08526875 0.50088515625 0.1085890625 0.565578125
1 0.48039765625 0.5249859375 0.4616703125 0.4691015625 0.426296875 0.4801 0.42926953125 0.49169296875 0.39746328125 0.5018 0.40846171875 0.5350921875 0.43878203125 0.526175 0.44234921875 0.53568671875 0.48039765625 0.5249859375
0 0.4857484375 0.4417546875 0.4735609375 0.401625 0.42213515625 0.4173796875 0.433728125 0.45631953125 0.4857484375 0.4417546875
3 0.4948640625 0.43550078125 0.491565625 0.42285859375 0.48524453125 0.42588125 0.4888171875 0.43742421875 0.4948640625 0.43550078125
0 0.94843671875 0.0542015625 0.92480390625 0.0401171875 0.9157328125 0.053246875 0.93745625 0.07091171875 0.94843671875 0.0542015625
3 0.92254453125 0.04270546875 0.91935390625 0.03986953125 0.91315078125 0.04890859375 0.91598671875 0.05138984375 0.92254453125 0.04270546875
4 0.3237296875 0.59899375 0.31867578125 0.58888671875 0.2877609375 0.60523671875 0.29221953125 0.6147484375 0.30767734375 0.60791171875 0.30975859375 0.610884375 0.31867578125 0.606128125 0.31629765625 0.6022640625 0.3237296875 0.59899375
4 0.32874921875 0.56642265625 0.33480625 0.58709921875 0.34503984375 0.5837578125 0.33856484375 0.56308125 0.32874921875 0.56642265625