3 0.73175546875 0.4798203125 0.7328609375 0.5660328125 0.73312265625 0.5660953125 0.75231796875 0.566475 0.74922265625 0.47959921875 0.73175546875 0.4798203125
3 0.76049921875 0.55475859375 0.75320234375 0.5549796875 0.75364453125 0.56536953125 0.76094140625 0.56536953125 0.76049921875 0.55475859375
3 0.77266015625 0.54038984375 0.7715546875 0.48136796875 0.753865625 0.48136796875 0.754109375 0.54016015625 0.77266015625 0.54038984375
3 0.79432890625 0.53994765625 0.793665625 0.479378125 0.77619765625 0.47915703125 0.77727265625 0.539565625 0.79432890625 0.53994765625
3 0.7967609375 0.5483484375 0.79742421875 0.54171640625 0.77995625 0.5414953125 0.780440625 0.5492671875 0.7967609375 0.5483484375
3 0.81400703125 0.5461375 0.81400703125 0.5288953125 0.8038359375 0.52867421875 0.80320859375 0.54530703125 0.81400703125 0.5461375
3 0.812459375 0.52646328125 0.81268046875 0.5169578125 0.8049421875 0.516515625 0.80518828125 0.526696875 0.812459375 0.52646328125
3 0.8129015625 0.51297890625 0.81334375 0.4975046875 0.80449921875 0.49772578125 0.80439609375 0.513234375 0.8129015625 0.51297890625
3 0.79963515625 0.56028515625 0.8002984375 0.5549796875 0.78990625 0.5545375 0.7891515625 0.56094765625 0.79963515625 0.56028515625
3 0.8011828125 0.555421875 0.801625 0.55055859375 0.78990625 0.549453125 0.7885578125 0.55481015625 0.8011828125 0.555421875
3 0.90643046875 0.5576328125 0.90598828125 0.47407265625 0.8894046875 0.47451484375 0.889528125 0.55837421875 0.90643046875 0.5576328125
3 0.7903484375 0.56824296875 0.7912328125 0.5618328125 0.77044921875 0.5609484375 0.76915546875 0.56906484375 0.7903484375 0.56824296875
3 0.81091171875 0.5675796875 0.81179609375 0.56205390625 0.79145390625 0.56205390625 0.79113125 0.56866875 0.81091171875 0.5675796875
3 0.79145390625 0.574875 0.79189609375 0.56890625 0.7706703125 0.56912734375 0.76974921875 0.576390625 0.7697859375 0.57708515625 0.79145390625 0.574875
3 0.7911291352539063 0.5752780483398438 0.791675 0.57509609375 0.8111328125 0.5753171875 0.81223828125 0.56868515625 0.79101171875 0.5684640625 0.7911291352539063 0.5752780483398438
3 0.79021640625 0.58188125 0.7897625 0.5751859375 0.7685359375 0.5766609375 0.76807890625 0.58331953125 0.79021640625 0.58188125
3 0.809740625 0.58040625 0.8099671875 0.5751859375 0.78987578125 0.5754125 0.7902359375 0.58138828125 0.809740625 0.58040625
3 0.8099671875 0.58755546875 0.81053515625 0.58142734375 0.790103125 0.5825625 0.78953515625 0.58846328125 0.8099671875 0.58755546875
3 0.7897625 0.5885765625 0.78987578125 0.5827890625 0.76967109375 0.5840375 0.7697046875 0.59012890625 0.7897625 0.5885765625
3 0.7906703125 0.59493203125 0.79078359375 0.58823671875 0.77023828125 0.59061953125 0.77001171875 0.5953859375 0.7906703125 0.59493203125
3 0.81076171875 0.59436484375 0.8106484375 0.5874421875 0.7903296875 0.588009375 0.7904390625 0.59490625 0.81076171875 0.59436484375
3 0.79634609375 0.600946875 0.79668671875 0.59527265625 0.782725 0.5960671875 0.7832921875 0.60162734375 0.79634609375 0.600946875
3 0.7832921875 0.60264921875 0.782725 0.59640703125 0.77001171875 0.59674765625 0.76848515625 0.60425703125 0.7832921875 0.60264921875
3 0.77375703125 0.61239765625 0.7706921875 0.60592890625 0.75060078125 0.612284375 0.75293515625 0.62072265625 0.77375703125 0.61239765625
3 0.78567578125 0.61092265625 0.78703828125 0.602978125 0.77091953125 0.60331875 0.7712296875 0.611575 0.78567578125 0.61092265625
3 0.80168125 0.614440625 0.80236171875 0.6074046875 0.7874921875 0.60763125 0.78545859375 0.616046875 0.80168125 0.614440625
3 0.78964921875 0.623859375 0.789421875 0.616596875 0.776821875 0.61625625 0.77681953125 0.62306015625 0.78964921875 0.623859375
3 0.7762546875 0.62646953125 0.77602734375 0.618753125 0.75605 0.62034140625 0.75517109375 0.6281421875 0.7762546875 0.62646953125
3 0.78283828125 0.6301015625 0.78351953125 0.62556171875 0.770125 0.6254484375 0.76980703125 0.63007265625 0.78283828125 0.6301015625
3 0.78204375 0.63350625 0.78340546875 0.6297609375 0.769784375 0.62953359375 0.769784375 0.633165625 0.78204375 0.63350625
3 0.7832921875 0.63691015625 0.7839734375 0.632825 0.769784375 0.633165625 0.7695015625 0.6370859375 0.7832921875 0.63691015625
3 0.76944375 0.63668359375 0.7692360693359375 0.6404282822265625 0.7829515625 0.6405421875 0.7839734375 0.63691015625 0.76944375 0.63668359375
3 0.7826109375 0.64553515625 0.78351953125 0.63997421875 0.77001171875 0.6398609375 0.76933046875 0.6434921875 0.76933046875 0.645421875 0.7826109375 0.64553515625
3 0.7945296875 0.64519453125 0.795778125 0.63940703125 0.78317890625 0.639634375 0.78283828125 0.64462734375 0.7945296875 0.64519453125
3 0.7843484375 0.65744765625 0.7845234375 0.6511671875 0.7701265625 0.65177734375 0.76942890625 0.657709375 0.7843484375 0.65744765625
3 0.78591953125 0.6643390625 0.78609375 0.65901796875 0.7700390625 0.65936640625 0.769609375 0.66455859375 0.769690625 0.664775 0.78591953125 0.6643390625
3 0.7865296875 0.67070703125 0.78687890625 0.66460078125 0.77047578125 0.6652109375 0.769609375 0.67112109375 0.7865296875 0.67070703125
3 0.78478515625 0.677075 0.7853953125 0.67123046875 0.76942890625 0.67114296875 0.76921875 0.67682421875 0.78478515625 0.677075
3 0.78138203125 0.68335546875 0.78190546875 0.6775109375 0.76820703125 0.67663828125 0.76759609375 0.68326796875 0.78138203125 0.68335546875
3 0.79796015625 0.6834421875 0.79796015625 0.67663828125 0.78408671875 0.67724921875 0.783671875 0.68354296875 0.79796015625 0.6834421875
3 0.77955 0.6905953125 0.77955 0.68440234375 0.76489140625 0.68422734375 0.76489140625 0.690159375 0.77955 0.6905953125
3 0.77701953125 0.6967015625 0.77736875 0.6906828125 0.76227421875 0.690071875 0.760703125 0.69651171875 0.77701953125 0.6967015625
3 0.77719375 0.70341875 0.77719375 0.69748671875 0.762971875 0.69705078125 0.762421875 0.70338671875 0.77719375 0.70341875
3 0.79063046875 0.70254609375 0.7909796875 0.69609140625 0.77736875 0.696265625 0.77734375 0.70362109375 0.79063046875 0.70254609375
3 0.80284609375 0.7039421875 0.8030203125 0.69705078125 0.79124140625 0.6971375 0.790859375 0.70338671875 0.80284609375 0.7039421875
3 0.798221875 0.69548046875 0.798221875 0.6891125 0.78461015625 0.68937421875 0.78484375 0.69518359375 0.798221875 0.69548046875
3 0.83504140625 0.749634375 0.83224921875 0.72651796875 0.82143046875 0.7266046875 0.821328125 0.75096484375 0.83504140625 0.749634375
3 0.8469078125 0.74928515625 0.84559921875 0.725296875 0.835390625 0.725296875 0.83765625 0.75057421875 0.8469078125 0.74928515625
3 0.85310234375 0.72220390625 0.852840625 0.69987265625 0.84612265625 0.6997859375 0.8453125 0.72237109375 0.84559921875 0.72237890625 0.85310234375 0.72220390625
3 0.85755234375 0.71705703125 0.85694140625 0.7017921875 0.85161953125 0.70135546875 0.85214296875 0.7169703125 0.85755234375 0.71705703125
3 0.91574921875 0.73853984375 0.90583359375 0.73180625 0.89442109375 0.75359765625 0.9039375 0.75980546875 0.91574921875 0.73853984375
3 0.93062265625 0.74050390625 0.92613203125 0.71684296875 0.91631015625 0.71796484375 0.92001953125 0.7431375 0.93062265625 0.74050390625
3 0.96111796875 0.74995 0.9558796875 0.72404375 0.94390546875 0.72582109375 0.94766015625 0.75276953125 0.96111796875 0.74995
3 0.89554375 0.69714453125 0.8918953125 0.67264140625 0.8832890625 0.672734375 0.88400234375 0.6990796875 0.89554375 0.69714453125
3 0.88235390625 0.672625 0.87215703125 0.6498046875 0.86111875 0.6543875 0.87009921875 0.67673984375 0.87019296875 0.67655234375 0.88235390625 0.672625