3 0.5201796875 0.26824453125 0.52040078125 0.25077734375 0.433525 0.24768203125 0.4339046875 0.26687734375 0.4339671875 0.2671390625 0.5201796875 0.26824453125
3 0.43463046875 0.23905859375 0.43463046875 0.24635546875 0.4450203125 0.24679765625 0.44524140625 0.23950078125 0.43463046875 0.23905859375
3 0.45983984375 0.245890625 0.51863203125 0.246134375 0.51863203125 0.2284453125 0.45961015625 0.22733984375 0.45983984375 0.245890625
3 0.460434375 0.22272734375 0.52084296875 0.22380234375 0.520621875 0.206334375 0.46005234375 0.20567109375 0.460434375 0.22272734375
3 0.4507328125 0.219559375 0.4585046875 0.22004375 0.45828359375 0.20257578125 0.4516515625 0.2032390625 0.4507328125 0.219559375
3 0.45469296875 0.19679140625 0.47132578125 0.1961640625 0.4711046875 0.18599296875 0.4538625 0.18599296875 0.45469296875 0.19679140625
3 0.473303125 0.19481171875 0.483484375 0.1950578125 0.4830421875 0.18731953125 0.47353671875 0.187540625 0.473303125 0.19481171875
3 0.486765625 0.19560390625 0.50227421875 0.19550078125 0.5024953125 0.18665625 0.48702109375 0.1870984375 0.486765625 0.19560390625
3 0.43905234375 0.2108484375 0.4454625 0.21009375 0.4450203125 0.1997015625 0.43971484375 0.20036484375 0.43905234375 0.2108484375
3 0.44518984375 0.2114421875 0.450546875 0.21009375 0.44944140625 0.198375 0.444578125 0.1988171875 0.44518984375 0.2114421875
3 0.44162578125 0.110471875 0.52548515625 0.1105953125 0.52592734375 0.09401171875 0.4423671875 0.09356953125 0.44162578125 0.110471875
3 0.43093515625 0.23084453125 0.4390515625 0.22955078125 0.4381671875 0.2087671875 0.43175703125 0.2096515625 0.43093515625 0.23084453125
3 0.43133125 0.20886875 0.43794609375 0.20854609375 0.43794609375 0.18820390625 0.4324203125 0.18908828125 0.43133125 0.20886875
3 0.425125 0.20854609375 0.42291484375 0.2302140625 0.423609375 0.23025078125 0.43087265625 0.2293296875 0.43109375 0.20810390625 0.425125 0.20854609375
3 0.42472195166015625 0.20887086474609376 0.4315359375 0.20898828125 0.43131484375 0.18776171875 0.4246828125 0.1888671875 0.42490390625 0.208325 0.42472195166015625 0.20887086474609376
3 0.41668046875 0.23192109375 0.4233390625 0.2314640625 0.4248140625 0.2102375 0.41811875 0.20978359375 0.41668046875 0.23192109375
3 0.41861171875 0.2097640625 0.4245875 0.21012421875 0.4248140625 0.1900328125 0.41959375 0.190259375 0.41861171875 0.2097640625
3 0.41153671875 0.21046484375 0.4174375 0.209896875 0.41857265625 0.18946484375 0.41244453125 0.1900328125 0.41153671875 0.21046484375
3 0.40987109375 0.2302953125 0.4159625 0.23032890625 0.4172109375 0.21012421875 0.4114234375 0.2102375 0.40987109375 0.2302953125
3 0.4046140625 0.22998828125 0.40938046875 0.22976171875 0.41176328125 0.20921640625 0.40506796875 0.2093296875 0.4046140625 0.22998828125
3 0.40509375 0.2095609375 0.411990625 0.2096703125 0.4125578125 0.1893515625 0.40563515625 0.18923828125 0.40509375 0.2095609375
3 0.39837265625 0.2167078125 0.4039328125 0.217275 0.40472734375 0.20331328125 0.399053125 0.20365390625 0.39837265625 0.2167078125
3 0.39574296875 0.23151484375 0.40325234375 0.22998828125 0.40359296875 0.217275 0.39735078125 0.2167078125 0.39574296875 0.23151484375
3 0.37927734375 0.24706484375 0.387715625 0.24939921875 0.39407109375 0.2293078125 0.38760234375 0.22624296875 0.37927734375 0.24706484375
3 0.388425 0.2287703125 0.39668125 0.22908046875 0.397021875 0.21296171875 0.38907734375 0.21432421875 0.388425 0.2287703125
3 0.383953125 0.21454140625 0.39236875 0.2125078125 0.3925953125 0.19763828125 0.385559375 0.19831875 0.383953125 0.21454140625
3 0.37693984375 0.22318046875 0.38374375 0.223178125 0.383403125 0.210578125 0.376140625 0.21035078125 0.37693984375 0.22318046875
3 0.3718578125 0.24482890625 0.37965859375 0.24395 0.381246875 0.22397265625 0.37353046875 0.2237453125 0.3718578125 0.24482890625
3 0.36992734375 0.23019296875 0.3745515625 0.229875 0.37443828125 0.21648046875 0.3698984375 0.21716171875 0.36992734375 0.23019296875
3 0.366834375 0.230215625 0.37046640625 0.230215625 0.3702390625 0.21659453125 0.36649375 0.21795625 0.366834375 0.230215625
3 0.3629140625 0.2304984375 0.366834375 0.230215625 0.367175 0.2160265625 0.36308984375 0.2167078125 0.3629140625 0.2304984375
3 0.36308984375 0.2160265625 0.3594578125 0.2170484375 0.3595717177734375 0.2307639306640625 0.36331640625 0.23055625 0.36308984375 0.2160265625
3 0.35446484375 0.2173890625 0.354578125 0.23066953125 0.3565078125 0.23066953125 0.3601390625 0.22998828125 0.36002578125 0.21648046875 0.35446484375 0.2173890625
3 0.35537265625 0.21716171875 0.360365625 0.21682109375 0.36059296875 0.204221875 0.35480546875 0.2054703125 0.35537265625 0.21716171875
3 0.342290625 0.23057109375 0.34822265625 0.2298734375 0.3488328125 0.2154765625 0.34255234375 0.2156515625 0.342290625 0.23057109375
3 0.3356609375 0.21408046875 0.335225 0.230309375 0.33544140625 0.230390625 0.34063359375 0.2299609375 0.34098203125 0.21390625 0.3356609375 0.21408046875
3 0.32887890625 0.230390625 0.3347890625 0.22952421875 0.33539921875 0.21312109375 0.32929296875 0.2134703125 0.32887890625 0.230390625
3 0.32317578125 0.23078125 0.32885703125 0.23057109375 0.32876953125 0.2146046875 0.322925 0.21521484375 0.32317578125 0.23078125
3 0.31673203125 0.23240390625 0.32336171875 0.23179296875 0.3224890625 0.21809453125 0.31664453125 0.21861796875 0.31673203125 0.23240390625
3 0.31645703125 0.216328125 0.32275078125 0.21591328125 0.32336171875 0.20203984375 0.3165578125 0.20203984375 0.31645703125 0.216328125
3 0.309840625 0.23510859375 0.31577265625 0.23510859375 0.31559765625 0.22045 0.3094046875 0.22045 0.309840625 0.23510859375
3 0.30348828125 0.239296875 0.309928125 0.23772578125 0.3093171875 0.22263125 0.3032984375 0.22298046875 0.30348828125 0.239296875
3 0.29661328125 0.237578125 0.30294921875 0.237028125 0.30251328125 0.22280625 0.29658125 0.22280625 0.29661328125 0.237578125
3 0.29637890625 0.22265625 0.303734375 0.22263125 0.30390859375 0.2090203125 0.29745390625 0.20936953125 0.29637890625 0.22265625
3 0.29661328125 0.209140625 0.3028625 0.20875859375 0.30294921875 0.1969796875 0.2960578125 0.19715390625 0.29661328125 0.209140625
3 0.30481640625 0.21515625 0.31062578125 0.21538984375 0.3108875 0.201778125 0.30451953125 0.201778125 0.30481640625 0.21515625
3 0.24903515625 0.178671875 0.2733953125 0.17856953125 0.27348203125 0.16775078125 0.250365625 0.16495859375 0.24903515625 0.178671875
3 0.24942578125 0.16234375 0.274703125 0.164609375 0.274703125 0.15440078125 0.25071484375 0.1530921875 0.24942578125 0.16234375
3 0.27779609375 0.14689765625 0.27762109375 0.15440078125 0.27762890625 0.1546875 0.3002140625 0.15387734375 0.30012734375 0.147159375 0.27779609375 0.14689765625
3 0.2830296875 0.14785703125 0.29864453125 0.14838046875 0.2982078125 0.14305859375 0.28294296875 0.14244765625 0.2830296875 0.14785703125
3 0.24019453125 0.0960625 0.24640234375 0.10557890625 0.26819375 0.09416640625 0.26146015625 0.08425078125 0.24019453125 0.0960625
3 0.2568625 0.07998046875 0.28203515625 0.08368984375 0.28315703125 0.07386796875 0.25949609375 0.06937734375 0.2568625 0.07998046875
3 0.24723046875 0.05233984375 0.27417890625 0.05609453125 0.27595625 0.0441203125 0.25005 0.03888203125 0.24723046875 0.05233984375
3 0.3009203125 0.11599765625 0.327265625 0.1167109375 0.32735859375 0.1081046875 0.30285546875 0.10445625 0.3009203125 0.11599765625
3 0.327375 0.11764609375 0.32344765625 0.12980703125 0.32326015625 0.12990078125 0.3456125 0.13888125 0.3501953125 0.12784296875 0.327375 0.11764609375