1 0.05524609375 0.584646875 0.06473984375 0.58481953125 0.083425 0.58984375 0.08700859375 0.5718703125 0.0913234375 0.55218671875 0.09063359375 0.548215625 0.0189953125 0.53095 0.0139890625 0.55322265625 0.010709375 0.57411484375 0.04730546875 0.57998515625 0.05524609375 0.584646875
1 0.5456625 0.4885125 0.55094765625 0.5420671875 0.57486796875 0.54262421875 0.59873125 0.53740703125 0.5916953125 0.48475703125 0.5894703125 0.48545234375 0.5894703125 0.4826703125 0.5456625 0.4885125
0 0.3784671875 0.50164375 0.38032421875 0.5170078125 0.44296640625 0.5092796875 0.439909375 0.4937078125 0.438221875 0.4742921875 0.37610390625 0.4815515625 0.3784671875 0.50164375
1 0.4645296875 0.32892421875 0.4705453125 0.37621953125 0.48763046875 0.37597890625 0.5038734375 0.37152578125 0.49773671875 0.32254609375 0.49364609375 0.32374921875 0.49328515625 0.32218515625 0.4659734375 0.325434375 0.46609375 0.32916484375 0.4645296875 0.32892421875
1 0.393515625 0.21359453125 0.404359375 0.28647265625 0.426178125 0.28581171875 0.4464953125 0.28053203125 0.43596328125 0.207775 0.4335828125 0.2088328125 0.43384765625 0.206584375 0.3966890625 0.211478125 0.3970859375 0.2149171875 0.393515625 0.21359453125
0 0.52588984375 0.316553125 0.52576640625 0.3150703125 0.5257125 0.31622734375 0.5235421875 0.30407265625 0.5216890625 0.285290625 0.485615625 0.2899859375 0.48821015625 0.3092625 0.49006328125 0.32050703125 0.52588984375 0.316553125
3 0.65408125 0.97105546875 0.66029140625 0.98232734375 0.6843453125 0.97373515625 0.67938125 0.9612796875 0.65408125 0.97105546875
3 0.66512109375 0.98589296875 0.67098671875 0.99497890625 0.69548125 0.9877328125 0.69214609375 0.97646171875 0.66512109375 0.98589296875
3 0.6185421875 0.89135 0.62015234375 0.92021875 0.63211171875 0.9194140625 0.6317671875 0.89008515625 0.6185421875 0.89135
3 0.609634375 0.890775 0.5984796875 0.89123515625 0.59997421875 0.91906875 0.61214375 0.918734375 0.609634375 0.890775
3 0.590115625 0.892040625 0.580340625 0.8922703125 0.582065625 0.9205640625 0.59360390625 0.91945546875 0.590115625 0.892040625
3 0.5686203125 0.89330546875 0.55861484375 0.8958359375 0.56275546875 0.9229796875 0.574240625 0.92079453125 0.5686203125 0.89330546875
3 0.545390625 0.89572109375 0.536075 0.8982515625 0.54171015625 0.924934375 0.55240546875 0.92217421875 0.545390625 0.89572109375
3 0.53400546875 0.89710078125 0.52365546875 0.8999765625 0.52791015625 0.92746484375 0.53901484375 0.9251203125 0.53400546875 0.89710078125
3 0.52049765625 0.900896875 0.51037734375 0.90308203125 0.51394296875 0.92930546875 0.52511015625 0.92790078125 0.52049765625 0.900896875
3 0.505725 0.9017015625 0.4956046875 0.90515234375 0.5013546875 0.93160546875 0.5118234375 0.92800390625 0.505725 0.9017015625
3 0.48548515625 0.9041171875 0.47525 0.90653203125 0.4800796875 0.9329859375 0.4914296875 0.930990625 0.48548515625 0.9041171875
3 0.46364453125 0.9094078125 0.45536484375 0.91538828125 0.4669796875 0.9382765625 0.47670078125 0.93202109375 0.46364453125 0.9094078125
3 0.597240625 0.989178125 0.60090859375 0.999496875 0.6249046875 0.99527734375 0.6220015625 0.98298671875 0.597240625 0.989178125
3 0.61662265625 0.52565703125 0.607725 0.5272390625 0.61009765625 0.541871875 0.61986015625 0.5409953125 0.61662265625 0.52565703125
3 0.48725 0.27818359375 0.48962265625 0.28708203125 0.5127234375 0.28333671875 0.51058046875 0.274228125 0.48725 0.27818359375