1 0.90936640625 0.548215625 0.9086765625 0.55218671875 0.91299140625 0.5718703125 0.916575 0.58984375 0.93526015625 0.58481953125 0.94475390625 0.584646875 0.95269453125 0.57998515625 0.989290625 0.57411484375 0.9860109375 0.55322265625 0.9810046875 0.53095 0.90936640625 0.548215625
1 0.42513203125 0.54262421875 0.44905234375 0.5420671875 0.4543375 0.4885125 0.4105296875 0.4826703125 0.4105296875 0.48545234375 0.4083046875 0.48475703125 0.40126875 0.53740703125 0.42513203125 0.54262421875
0 0.61967578125 0.5170078125 0.6215328125 0.50164375 0.62389609375 0.4815515625 0.561778125 0.4742921875 0.560090625 0.4937078125 0.55703359375 0.5092796875 0.61967578125 0.5170078125
1 0.50226328125 0.32254609375 0.4961265625 0.37152578125 0.51236953125 0.37597890625 0.5294546875 0.37621953125 0.5354703125 0.32892421875 0.53390625 0.32916484375 0.5340265625 0.325434375 0.50671484375 0.32218515625 0.50635390625 0.32374921875 0.50226328125 0.32254609375
1 0.56403671875 0.207775 0.5535046875 0.28053203125 0.573821875 0.28581171875 0.595640625 0.28647265625 0.606484375 0.21359453125 0.6029140625 0.2149171875 0.6033109375 0.211478125 0.56615234375 0.206584375 0.5664171875 0.2088328125 0.56403671875 0.207775
0 0.4764578125 0.30407265625 0.4742875 0.31622734375 0.47423359375 0.3150703125 0.47411015625 0.316553125 0.50993671875 0.32050703125 0.51178984375 0.3092625 0.514384375 0.2899859375 0.4783109375 0.285290625 0.4764578125 0.30407265625
3 0.32061875 0.9612796875 0.3156546875 0.97373515625 0.33970859375 0.98232734375 0.34591875 0.97105546875 0.32061875 0.9612796875
3 0.30785390625 0.97646171875 0.30451875 0.9877328125 0.32901328125 0.99497890625 0.33487890625 0.98589296875 0.30785390625 0.97646171875
3 0.3682328125 0.89008515625 0.36788828125 0.9194140625 0.37984765625 0.92021875 0.3814578125 0.89135 0.3682328125 0.89008515625
3 0.38785625 0.918734375 0.40002578125 0.91906875 0.4015203125 0.89123515625 0.390365625 0.890775 0.38785625 0.918734375
3 0.40639609375 0.91945546875 0.417934375 0.9205640625 0.419659375 0.8922703125 0.409884375 0.892040625 0.40639609375 0.91945546875
3 0.425759375 0.92079453125 0.43724453125 0.9229796875 0.44138515625 0.8958359375 0.4313796875 0.89330546875 0.425759375 0.92079453125
3 0.44759453125 0.92217421875 0.45828984375 0.924934375 0.463925 0.8982515625 0.454609375 0.89572109375 0.44759453125 0.92217421875
3 0.46098515625 0.9251203125 0.47208984375 0.92746484375 0.47634453125 0.8999765625 0.46599453125 0.89710078125 0.46098515625 0.9251203125
3 0.47488984375 0.92790078125 0.48605703125 0.92930546875 0.48962265625 0.90308203125 0.47950234375 0.900896875 0.47488984375 0.92790078125
3 0.4881765625 0.92800390625 0.4986453125 0.93160546875 0.5043953125 0.90515234375 0.494275 0.9017015625 0.4881765625 0.92800390625
3 0.5085703125 0.930990625 0.5199203125 0.9329859375 0.52475 0.90653203125 0.51451484375 0.9041171875 0.5085703125 0.930990625
3 0.52329921875 0.93202109375 0.5330203125 0.9382765625 0.54463515625 0.91538828125 0.53635546875 0.9094078125 0.52329921875 0.93202109375
3 0.3779984375 0.98298671875 0.3750953125 0.99527734375 0.39909140625 0.999496875 0.402759375 0.989178125 0.3779984375 0.98298671875
3 0.38013984375 0.5409953125 0.38990234375 0.541871875 0.392275 0.5272390625 0.38337734375 0.52565703125 0.38013984375 0.5409953125
3 0.48941953125 0.274228125 0.4872765625 0.28333671875 0.51037734375 0.28708203125 0.51275 0.27818359375 0.48941953125 0.274228125