0 0.94471015625 0.22921640625 0.94441328125 0.213759375 0.91528203125 0.21524609375 0.9158765625 0.231 0.94471015625 0.22921640625
1 0.809459375 0.360009375 0.7764640625 0.30977265625 0.743765625 0.3320671875 0.7630875 0.3623875 0.7595203125 0.36476484375 0.73960390625 0.3347421875 0.7128515625 0.35109140625 0.7657625 0.42808046875 0.7910296875 0.41083984375 0.77051875 0.37933046875 0.772896875 0.37665546875 0.77705859375 0.382303125 0.809459375 0.360009375
4 0.3543609375 0.65756171875 0.328203125 0.59870546875 0.309178125 0.6079203125 0.3380125 0.6643984375 0.3543609375 0.65756171875
1 0.2024640625 0.72860546875 0.186709375 0.7009609375 0.1489578125 0.71968828125 0.16322578125 0.74792734375 0.2024640625 0.72860546875
1 0.04432421875 0.76100703125 0.06186171875 0.7960828125 0.103775 0.77497734375 0.08950703125 0.74287421875 0.04432421875 0.76100703125
1 0.22148828125 0.0000328125 0.21673203125 0.0071671875 0.23367578125 0.0193546875 0.24526875 0.0036 0.2405125 0.00033046875 0.22148828125 0.0000328125
0 0.2491328125 0.04937734375 0.28183125 0.06156484375 0.2931265625 0.0315421875 0.262509375 0.0172734375 0.2491328125 0.04937734375
0 0.4105421875 0.05680859375 0.39359921875 0.03540625 0.37071015625 0.0577 0.3858703125 0.07761640625 0.4105421875 0.05680859375
1 0.43313359375 0.016084375 0.431053125 0.0000328125 0.3906265625 0 0.3933015625 0.02024609375 0.43313359375 0.016084375
4 0.5347953125 0.55471171875 0.52914765625 0.54519921875 0.5029890625 0.57076328125 0.511609375 0.57908671875 0.5139875 0.577303125 0.51606796875 0.5784921875 0.526175 0.56957421875 0.52409375 0.5666015625 0.5347953125 0.55471171875
0 0.35079453125 0.55768359375 0.3418765625 0.53360625 0.3249328125 0.5383625 0.33385078125 0.56333203125 0.35079453125 0.55768359375
3 0.58424453125 0.53176796875 0.5914 0.54345546875 0.59569375 0.541309375 0.58829921875 0.528428125 0.58424453125 0.53176796875
1 0.6185921875 0.4888328125 0.5887765625 0.5083921875 0.6088125 0.53868515625 0.637675 0.51912578125 0.618115625 0.48763984375 0.6185921875 0.4888328125