2 0.82562265625 0.97025078125 0.944940625 0.93736796875 0.9146234375 0.8280734375 0.79872421875 0.85895390625 0.79550546875 0.85504453125 0.7780328125 0.85964375 0.77711328125 0.85228515625 0.750215625 0.85895390625 0.7824015625 0.9695609375 0.79343671875 0.96634140625 0.795965625 0.9739296875 0.82286328125 0.96588203125 0.82562265625 0.97025078125
2 0.57007890625 0.9719203125 0.5775046875 1 0.7919296875 0.9998046875 0.75442578125 0.8740453125 0.60502578125 0.91358828125 0.61835 0.9616515625 0.57007890625 0.9719203125
1 0.58146171875 0.73240546875 0.59951796875 0.79588203125 0.62978828125 0.7892421875 0.65596796875 0.78002265625 0.623415625 0.66494453125 0.49914609375 0.69814375 0.50790859375 0.725765625 0.515609375 0.750465625 0.58146171875 0.73240546875
1 0.3398890625 0.8565625 0.34970390625 0.8535625 0.35420234375 0.86365234375 0.3857015625 0.8549609375 0.3741046875 0.823565625 0.30090234375 0.84306328125 0.314125 0.8757875 0.3434328125 0.86692421875 0.3398890625 0.8565625
1 0.29760625 0.81552109375 0.336865625 0.80515859375 0.3372328125 0.8047828125 0.3244609375 0.7691625 0.28561015625 0.7804796875 0.29760625 0.81552109375
2 0.14092578125 0.76707265625 0.00078125 0.8042359375 0.00078125 0.98315234375 0.1649828125 0.938828125 0.134028125 0.8242640625 0.154496875 0.81825546875 0.14092578125 0.76707265625
2 0.0730484375 0.5913296875 0.014109375 0.60618359375 0.03483828125 0.6840140625 0.09464140625 0.6683171875 0.0730484375 0.5913296875
2 0.26553671875 0.52605625 0.184321875 0.5478859375 0.21580078125 0.66333515625 0.29825625 0.64157734375 0.26553671875 0.52605625
1 0.87383984375 0.35638984375 0.86420859375 0.35859765625 0.87464296875 0.40114765625 0.9468671875 0.38411953125 0.88427421875 0.1344078125 0.8204640625 0.1494609375 0.8375203125 0.21850390625 0.826684375 0.22051171875 0.83109921875 0.2345609375 0.83310625 0.24680390625 0.84614921875 0.24580078125 0.8563828125 0.28293125 0.84494453125 0.285540625 0.84855703125 0.29858671875 0.85196796875 0.312234375 0.862603125 0.31062890625 0.87383984375 0.35638984375
1 0.99954296875 0.57738125 0.94573125 0.5908375 0.96451953125 0.66902109375 0.99954296875 0.6602046875 0.99954296875 0.57738125
1 0.6797984375 0.46695 0.68722109375 0.48991796875 0.6923234375 0.51218984375 0.77385234375 0.49001640625 0.76816953125 0.4683421875 0.7630671875 0.44583828125 0.6797984375 0.46695
1 0.6985859375 0.527965625 0.70716796875 0.55766171875 0.71598203125 0.58712578125 0.83139375 0.55586796875 0.81502265625 0.49571796875 0.6985859375 0.527965625
1 0.53492109375 0.4924703125 0.5534765625 0.5613734375 0.57875859375 0.555109375 0.60538125 0.54672734375 0.5785265625 0.44955 0.5530125 0.4576703125 0.52726640625 0.4634703125 0.53028203125 0.47855 0.52193203125 0.4808703125 0.5242515625 0.489221875 0.525875 0.49525390625 0.53492109375 0.4924703125
1 0.76390703125 0.39322421875 0.782909375 0.38754140625 0.779775 0.37715625 0.79741328125 0.37310703125 0.7813421875 0.3173921875 0.69671171875 0.34168984375 0.7057234375 0.37049453125 0.712384375 0.39616328125 0.76096796875 0.38205546875 0.76390703125 0.39322421875
1 0.4947390625 0.22999921875 0.53117734375 0.3722578125 0.5570359375 0.366575 0.58125546875 0.35977265625 0.5419515625 0.218046875 0.4947390625 0.22999921875
1 0.34382421875 0.30465546875 0.3710546875 0.40517734375 0.40553359375 0.40086640625 0.43615625 0.388546875 0.40925546875 0.289371875 0.39358359375 0.2928984375 0.39005703125 0.2797703125 0.3722296875 0.2836890625 0.3559703125 0.28858828125 0.3591046875 0.30210859375 0.34382421875 0.30465546875
1 0.19214453125 0.41203515625 0.19527890625 0.410859375 0.20938359375 0.4600421875 0.279909375 0.44044765625 0.2665875 0.39028515625 0.257771875 0.35540625 0.24778125 0.31974375 0.17275 0.33973046875 0.19214453125 0.41203515625
0 0.3584046875 0.07296640625 0.3174078125 0.0802890625 0.33461171875 0.1456421875 0.37554140625 0.13518515625 0.3584046875 0.07296640625
1 0.241371875 0.101340625 0.27266796875 0.2166703125 0.2981078125 0.2108125 0.322596875 0.2037015625 0.28895703125 0.086146875 0.2660796875 0.0954828125 0.241371875 0.101340625
0 0.43348984375 0.93624609375 0.4404265625 0.96334296875 0.45390703125 0.96098671875 0.466209375 0.9565359375 0.45665546875 0.92956953125 0.43348984375 0.93624609375
3 0.11941015625 0.68825078125 0.11056953125 0.68962578125 0.1146953125 0.70671953125 0.12365078125 0.70493046875 0.11941015625 0.68825078125
3 0.45901015625 0.98963671875 0.46077890625 0.99631640625 0.47432109375 0.9927859375 0.47217265625 0.98649296875 0.45901015625 0.98963671875
3 0.9399140625 0.40179375 0.915046875 0.40933046875 0.9183125 0.41937890625 0.9422625 0.41238984375 0.9399140625 0.40179375
3 0.95372890625 0.39048984375 0.94368125 0.3909921875 0.94317890625 0.41385234375 0.9535109375 0.41463984375 0.95372890625 0.39048984375
3 0.28816640625 0.37459609375 0.28155625 0.375575 0.2859625 0.3971234375 0.29333828125 0.3952265625 0.28816640625 0.37459609375
3 0.299609375 0.59670078125 0.29103984375 0.598659375 0.29495703125 0.61457578125 0.3027671875 0.61209453125 0.299609375 0.59670078125
3 0.1693640625 0.194425 0.14913828125 0.19924140625 0.14982578125 0.206671875 0.17156328125 0.20208125 0.1693640625 0.194425
3 0.1728015625 0.12156484375 0.1495484375 0.12651875 0.15064921875 0.1332609375 0.17431484375 0.1289953125 0.1728015625 0.12156484375
3 0.37889921875 0.14234296875 0.36465859375 0.14653203125 0.36700390625 0.153234375 0.38094375 0.1487625 0.37889921875 0.14234296875
3 0.3813625 0.2696484375 0.36879765625 0.2731671875 0.37114296875 0.27970234375 0.38364453125 0.27585546875 0.3813625 0.2696484375
3 0.61721953125 0.2164 0.60982890625 0.21871015625 0.6162953125 0.24180703125 0.6236203125 0.23964921875 0.61721953125 0.2164