3 0.533221875 0.67884921875 0.5367578125 0.68704609375 0.5496171875 0.68270625 0.5470453125 0.67370546875 0.533221875 0.67884921875
3 0.439834375 0.75873515625 0.44288828125 0.76725390625 0.4559078125 0.763878125 0.4533359375 0.75455546875 0.439834375 0.75873515625
1 0.4005078125 0.65708515625 0.4104078125 0.69700859375 0.511675 0.6708796875 0.50648203125 0.65108046875 0.51638203125 0.64864609375 0.5059953125 0.6079125 0.4960953125 0.60969765625 0.49106484375 0.59006015625 0.387525 0.61667578125 0.4005078125 0.65708515625
1 0.42575234375 0.8571015625 0.43059375 0.87506171875 0.51508359375 0.85366640625 0.5093046875 0.83430078125 0.50508828125 0.81509140625 0.44839765625 0.8318015625 0.444025 0.828521875 0.41825625 0.83633125 0.42575234375 0.8571015625
0 0.38827109375 0.79635078125 0.39295625 0.8130609375 0.40060859375 0.81134296875 0.40716796875 0.80868828125 0.4017015625 0.79228984375 0.3952984375 0.7951015625 0.38827109375 0.79635078125
1 0.2509953125 0.90348515625 0.2567734375 0.92253828125 0.3545375 0.89692578125 0.348759375 0.8774046875 0.34454296875 0.85897578125 0.24599765625 0.88443203125 0.2509953125 0.90348515625
3 0.19411953125 0.319509375 0.1862546875 0.31920703125 0.18580078125 0.3349375 0.1938171875 0.33508828125 0.19411953125 0.319509375
1 0.12787109375 0.3264671875 0.1289296875 0.360196875 0.16810390625 0.360953125 0.16840703125 0.3125515625 0.131803125 0.3133078125 0.13150078125 0.3264671875 0.12787109375 0.3264671875
1 0.188475 0.00078125 0.14218359375 0.00078125 0.1426328125 0.0293765625 0.188775 0.02862734375 0.188475 0.00078125
3 0.200909375 0.00078125 0.19431796875 0.00078125 0.19416796875 0.0119984375 0.201209375 0.01244765625 0.200909375 0.00078125
1 0.00106171875 0.06652890625 0.00078125 0.09888828125 0.047803125 0.09903828125 0.047353125 0.06548046875 0.00106171875 0.06652890625