2 0.05949375 0.817353125 0.00106328125 0.80253359375 0.0004375 0.9797421875 0.01567109375 0.983290625 0.05949375 0.817353125
1 0.16689375 0.7138640625 0.144565625 0.70843671875 0.14185234375 0.71845546875 0.12077578125 0.7138640625 0.1364265625 0.65270703125 0.11889765625 0.640809375 0.09302109375 0.639765625 0.07862265625 0.69278203125 0.06213671875 0.68881640625 0.05942421875 0.6977921875 0.04544296875 0.6936171875 0.03688671875 0.72722265625 0.02871640625 0.75759765625 0.06109375 0.76521015625 0.08091796875 0.773559375 0.103246875 0.77648203125 0.17127578125 0.79505859375 0.18066640625 0.76479296875 0.18943125 0.7309796875 0.16480703125 0.7249265625 0.16689375 0.7138640625
1 0.17193984375 0.52863203125 0.18022265625 0.502634375 0.12809921875 0.49061328125 0.12195078125 0.51507421875 0.11547265625 0.53643125 0.16481328125 0.5500171875 0.17193984375 0.52863203125
1 0.1952890625 0.50763515625 0.18920390625 0.5225140625 0.1838078125 0.54098046875 0.24180859375 0.55673515625 0.24478359375 0.54767265625 0.27845625 0.557140625 0.2825125 0.5430734375 0.2856234375 0.5287359375 0.25235625 0.519403125 0.25073359375 0.52386640625 0.1952890625 0.50763515625
1 0.01723984375 0.49365859375 0.02825078125 0.49723828125 0.0450421875 0.5005421875 0.06321015625 0.44272265625 0.0253609375 0.4328109375 0.01077109375 0.48416015625 0.01906328125 0.48610625 0.01723984375 0.49365859375
0 0.07256015625 0.47747734375 0.09980703125 0.483746875 0.11288203125 0.4354265625 0.08618125 0.4301953125 0.07256015625 0.47747734375
0 0.11459921875 0.3872171875 0.098740625 0.38277578125 0.08700625 0.4278234375 0.0954109375 0.4308375 0.103815625 0.43163046875 0.11459921875 0.3872171875
2 0.50385234375 0.9799 0.50483046875 0.9991890625 0.54046484375 0.99946796875 0.54032578125 0.9805984375 0.50385234375 0.9799
1 0.57568046875 0.9687171875 0.5763796875 0.91043046875 0.56128671875 0.91126953125 0.5470328125 0.911409375 0.5465140625 0.9687109375 0.56184609375 0.9692765625 0.57568046875 0.9687171875
1 0.83677734375 0.76306015625 0.7736125 0.76356796875 0.773590625 0.83438203125 0.7902078125 0.83555546875 0.83626953125 0.8342 0.83677734375 0.76306015625
1 0.91118203125 0.9888640625 0.911690625 0.97023203125 0.87341875 0.9704015625 0.873840625 0.9998484375 0.911690625 0.999196875 0.91118203125 0.9888640625
4 0.7654078125 0.9401765625 0.77120234375 0.94000625 0.7701796875 0.9280734375 0.76694140625 0.92824375 0.76677109375 0.92568671875 0.75807890625 0.9253453125 0.75807890625 0.927903125 0.73098046875 0.9284140625 0.73234375 0.94000625 0.73575234375 0.94000625 0.73558203125 0.94273359375 0.7432515625 0.94273359375 0.7432515625 0.9401765625 0.75092109375 0.9398359375 0.750409375 0.943415625 0.76523671875 0.9432453125 0.7654078125 0.9401765625
1 0.810571875 0.94256328125 0.81193515625 0.923640625 0.77392890625 0.92398203125 0.774440625 0.9417109375 0.77398203125 0.95741328125 0.81193515625 0.95773515625 0.810571875 0.94256328125
0 0.593296875 0.83085 0.6035359375 0.83051484375 0.61427890625 0.830346875 0.61528671875 0.79475234375 0.6136078125 0.79441640625 0.6136078125 0.7930734375 0.59437890625 0.79238515625 0.593296875 0.83085
1 0.64852265625 0.7462296875 0.59245703125 0.74471875 0.59161796875 0.7610046875 0.5340421875 0.75898984375 0.53387421875 0.777290625 0.53304140625 0.794940625 0.57902890625 0.7954234375 0.57986796875 0.77930546875 0.5906109375 0.77930546875 0.59111484375 0.78736484375 0.64701171875 0.78853984375 0.6478515625 0.76822421875 0.64852265625 0.7462296875
1 0.45502734375 0.75132109375 0.45385703125 0.7744375 0.46438828125 0.77502265625 0.47448125 0.77502265625 0.47462734375 0.7659515625 0.501834375 0.7666828125 0.502565625 0.75293046875 0.50271171875 0.73903125 0.45458828125 0.73654453125 0.45502734375 0.75132109375
1 0.45609375 0.7835921875 0.437225 0.78300703125 0.435665625 0.82655390625 0.4458546875 0.82675234375 0.45506953125 0.82660546875 0.45609375 0.7835921875
0 0.3777765625 0.8353640625 0.3833421875 0.81578984375 0.3348671875 0.80519453125 0.3309171875 0.822075 0.32539296875 0.83856171875 0.37310859375 0.85116640625 0.3777765625 0.8353640625
1 0.36413125 0.75017265625 0.35835625 0.77070625 0.37903359375 0.77771953125 0.384778125 0.77890546875 0.40093671875 0.71677109375 0.3741859375 0.7112046875 0.36969765625 0.73023984375 0.35964296875 0.7289828125 0.35443671875 0.7473 0.36413125 0.75017265625
1 0.4778953125 0.53969765625 0.43958984375 0.53061953125 0.4274359375 0.56401015625 0.4671265625 0.57847421875 0.4778953125 0.53969765625
0 0.46671875 0.491209375 0.4694875 0.4773609375 0.43871953125 0.46951328125 0.43625859375 0.4818234375 0.4327203125 0.49228671875 0.46225703125 0.49998046875 0.46671875 0.491209375
1 0.52471640625 0.347490625 0.474871875 0.33487265625 0.44841171875 0.43489140625 0.4734875 0.443046875 0.49717890625 0.4479703125 0.52471640625 0.347490625
4 0.81721328125 0.54660703125 0.80791796875 0.546440625 0.8077515625 0.5598890625 0.81704765625 0.559225 0.8164296875 0.60186875 0.83663515625 0.6015640625 0.83663515625 0.5369765625 0.855890625 0.5368109375 0.85721875 0.5064265625 0.839290625 0.5077546875 0.838959375 0.50044921875 0.816715625 0.50094765625 0.81721328125 0.54660703125
0 0.88793828125 0.62372265625 0.9105328125 0.62215234375 0.9106984375 0.59110390625 0.8894515625 0.5909375 0.88793828125 0.62372265625
1 0.78168671875 0.41440234375 0.8405921875 0.41555390625 0.840784375 0.3188265625 0.78245390625 0.31940234375 0.78168671875 0.41440234375
0 0.9546 0.4035453125 0.95391171875 0.3934953125 0.9234921875 0.39294453125 0.9237671875 0.4036828125 0.92292421875 0.4130828125 0.95281015625 0.4134578125 0.9546 0.4035453125
1 0.98021640625 0.3947890625 0.99921875 0.39443125 0.99921875 0.31936640625 0.98057421875 0.3195453125 0.98021640625 0.3947890625
1 0.85207421875 0.14464296875 0.88942578125 0.1525015625 0.90762421875 0.07179296875 0.870540625 0.0642375 0.85207421875 0.14464296875
1 0.8762140625 0.03808828125 0.9132890625 0.04620703125 0.9242765625 0.00078125 0.8858203125 0.00078125 0.8762140625 0.03808828125
1 0.34634921875 0.24394609375 0.34228828125 0.2613328125 0.29777421875 0.24930859375 0.29420078125 0.2686453125 0.2881890625 0.28554453125 0.33226875 0.2965125 0.32799140625 0.31316875 0.35382265625 0.31918125 0.3616203125 0.29188203125 0.36681953125 0.29334453125 0.37104296875 0.2788828125 0.36568203125 0.2780703125 0.37201796875 0.2523953125 0.34634921875 0.24394609375
0 0.2554453125 0.35885625 0.30093359375 0.37088046875 0.31051875 0.33610703125 0.2653546875 0.32440703125 0.2554453125 0.35885625
1 0.13226953125 0.0461078125 0.1370015625 0.02408984375 0.08721484375 0.01112578125 0.08186640625 0.03417265625 0.07492578125 0.05497109375 0.12568671875 0.06833125 0.13226953125 0.0461078125
4 0.2972703125 0.08333359375 0.31415703125 0.0875109375 0.33394921875 0.0068703125 0.31506484375 0.0037828125 0.2972703125 0.08333359375
3 0.17098984375 0.3380546875 0.179684375 0.34059140625 0.18613203125 0.31801953125 0.1777875 0.314415625 0.17098984375 0.3380546875
3 0.20623515625 0.42461796875 0.21571796875 0.4267046875 0.219890625 0.4111515625 0.2098390625 0.40849609375 0.20623515625 0.42461796875
3 0.93182265625 0.42548203125 0.931371875 0.43300625 0.9472140625 0.43289375 0.9476421875 0.42619453125 0.93182265625 0.42548203125
3 0.87809375 0.466959375 0.87725078125 0.4750015625 0.89191796875 0.47465625 0.8941984375 0.4675296875 0.87809375 0.466959375
3 0.2048046875 0.87943828125 0.21347578125 0.8809484375 0.21891796875 0.85805703125 0.20867421875 0.8554953125 0.2048046875 0.87943828125
3 0.34739921875 0.936678125 0.34504296875 0.94287890625 0.36116171875 0.94399453125 0.3624015625 0.93853828125 0.34739921875 0.936678125
3 0.47170390625 0.812990625 0.46931875 0.8296890625 0.4694515625 0.82995390625 0.479521875 0.83127890625 0.48045 0.8151109375 0.47170390625 0.812990625
3 0.50204765625 0.92138359375 0.5016296875 0.92918828125 0.51813203125 0.92988046875 0.5186984375 0.92138359375 0.50204765625 0.92138359375
3 0.5834421875 0.83776796875 0.59048828125 0.83846640625 0.59123359375 0.82318359375 0.584525 0.82206484375 0.5834421875 0.83776796875