1 0.11646484375 0.17657890625 0.09318984375 0.17489921875 0.09470703125 0.246590625 0.12883203125 0.24544609375 0.128603125 0.1896203125 0.11600625 0.18687421875 0.11646484375 0.17657890625
3 0.0814234375 0.22096484375 0.07499453125 0.220903125 0.0759265625 0.23400625 0.0830265625 0.23423515625 0.0814234375 0.22096484375
3 0.2718484375 0.5492625 0.2747515625 0.543821875 0.26517734375 0.53739921875 0.26298828125 0.54231875 0.2718484375 0.5492625
1 0.310190625 0.52691328125 0.3027921875 0.519909375 0.30881015625 0.51198359375 0.26599765625 0.47645703125 0.24315546875 0.5036484375 0.29581640625 0.545734375 0.310190625 0.52691328125
1 0.4951328125 0.87014375 0.4938828125 0.8146234375 0.48184609375 0.811890625 0.48184609375 0.80095859375 0.45859375 0.80177890625 0.4588671875 0.87310625 0.4951328125 0.87014375
3 0.44756484375 0.859071875 0.44710390625 0.845778125 0.440128125 0.84632421875 0.44026484375 0.8594421875 0.44756484375 0.859071875
1 0.9994171875 0.66091328125 0.9698921875 0.65035078125 0.9616109375 0.663634375 0.9548453125 0.68134609375 1 0.69567890625 0.9994171875 0.66091328125
1 0.7536015625 0.5376796875 0.70046015625 0.49446171875 0.68720546875 0.5116875 0.69541640625 0.5173125 0.6895515625 0.52903046875 0.73060546875 0.56395 0.7536015625 0.5376796875
3 0.7339078125 0.5039203125 0.7248578125 0.49692265625 0.7215734375 0.50231328125 0.7307234375 0.50934375 0.7339078125 0.5039203125
3 0.57880078125 0.198996875 0.5797484375 0.18696015625 0.5720125 0.186315625 0.57072265625 0.19790859375 0.57880078125 0.198996875
1 0.5662375 0.16299765625 0.5492859375 0.15717265625 0.528978125 0.1566890625 0.52414296875 0.21433203125 0.5344578125 0.2149765625 0.5344578125 0.22753515625 0.5573453125 0.22946796875 0.5662375 0.16299765625