0 0.83937265625 0.95196875 0.820559375 0.9259203125 0.77748203125 0.95601640625 0.79682265625 0.98118515625 0.83937265625 0.95196875
1 0.82477890625 0.8801 0.8137015625 0.86443515625 0.816690625 0.8623234375 0.8115921875 0.8529953125 0.8077234375 0.8558109375 0.7924265625 0.83557109375 0.76060234375 0.85950703125 0.79383359375 0.9022765625 0.82477890625 0.8801
3 0.75268984375 0.844546875 0.735459375 0.843490625 0.736865625 0.85053125 0.75022890625 0.85229140625 0.7523108999023438 0.85229140625 0.75268984375 0.844546875
3 0.4753671875 0.15983671875 0.47164921875 0.16592421875 0.4839765625 0.1742 0.48770703125 0.16902890625 0.4753671875 0.15983671875
1 0.5651875 0.1351328125 0.53968359375 0.1108078125 0.49775078125 0.155528125 0.52616015625 0.18023203125 0.5651875 0.1351328125
1 0.64898125 0.45303046875 0.627171875 0.4544671875 0.6257375 0.43321015625 0.62200625 0.43349765625 0.62085859375 0.41798515625 0.58403515625 0.41911640625 0.58671015625 0.4895125 0.65185078125 0.48865078125 0.64898125 0.45303046875
3 0.61167578125 0.500428125 0.6128234375 0.500140625 0.61225 0.492671875 0.5996234375 0.4915234375 0.60019765625 0.500140625 0.61167578125 0.500428125
1 0.28984453125 0.3421 0.262378125 0.31964765625 0.2074859375 0.389209375 0.23876484375 0.4130515625 0.28984453125 0.3421
1 0.2074859375 0.473471875 0.22699921875 0.47663125 0.23044296875 0.4525015625 0.2140859375 0.44790546875 0.22126015625 0.4085515625 0.17276328125 0.4016578125 0.1653015625 0.46887578125 0.2074859375 0.473471875
0 0.24048671875 0.5221140625 0.1560203125 0.50480546875 0.1472234375 0.54566875 0.231878125 0.5660640625 0.24048671875 0.5221140625
3 0.24204296875 0.53819375 0.24523515625 0.52824140625 0.24012734375 0.5276515625 0.2377046875 0.5385984375 0.24204296875 0.53819375
3 0.24235390625 0.5411546875 0.2380140625 0.54035546875 0.2354125 0.54987265625 0.2403890625 0.55144609375 0.24235390625 0.5411546875
3 0.2388828125 0.55406796875 0.23501953125 0.552953125 0.23305546875 0.5625234375 0.23652578125 0.5639 0.2388828125 0.55406796875