0 0.95601640625 0.22251796875 0.98118515625 0.20317734375 0.95196875 0.16062734375 0.9259203125 0.179440625 0.95601640625 0.22251796875
1 0.8623234375 0.183309375 0.8529953125 0.1884078125 0.8558109375 0.1922765625 0.83557109375 0.2075734375 0.85950703125 0.23939765625 0.9022765625 0.20616640625 0.8801 0.17522109375 0.86443515625 0.1862984375 0.8623234375 0.183309375
3 0.85053125 0.263134375 0.85229140625 0.24977109375 0.85229140625 0.24768910009765624 0.844546875 0.24731015625 0.843490625 0.264540625 0.85053125 0.263134375
3 0.1742 0.5160234375 0.16902890625 0.51229296875 0.15983671875 0.5246328125 0.16592421875 0.52835078125 0.1742 0.5160234375
1 0.155528125 0.50224921875 0.18023203125 0.47383984375 0.1351328125 0.4348125 0.1108078125 0.46031640625 0.155528125 0.50224921875
1 0.43321015625 0.3742625 0.43349765625 0.37799375 0.41798515625 0.37914140625 0.41911640625 0.41596484375 0.4895125 0.41328984375 0.48865078125 0.34814921875 0.45303046875 0.35101875 0.4544671875 0.372828125 0.43321015625 0.3742625
3 0.492671875 0.38775 0.4915234375 0.4003765625 0.500140625 0.39980234375 0.500428125 0.38832421875 0.500140625 0.3871765625 0.492671875 0.38775
1 0.389209375 0.7925140625 0.4130515625 0.76123515625 0.3421 0.71015546875 0.31964765625 0.737621875 0.389209375 0.7925140625
1 0.4525015625 0.76955703125 0.44790546875 0.7859140625 0.4085515625 0.77873984375 0.4016578125 0.82723671875 0.46887578125 0.8346984375 0.473471875 0.7925140625 0.47663125 0.77300078125 0.4525015625 0.76955703125
0 0.54566875 0.8527765625 0.5660640625 0.768121875 0.5221140625 0.75951328125 0.50480546875 0.8439796875 0.54566875 0.8527765625
3 0.5276515625 0.75987265625 0.5385984375 0.7622953125 0.53819375 0.75795703125 0.52824140625 0.75476484375 0.5276515625 0.75987265625
3 0.54987265625 0.7645875 0.55144609375 0.7596109375 0.5411546875 0.75764609375 0.54035546875 0.7619859375 0.54987265625 0.7645875
3 0.5625234375 0.76694453125 0.5639 0.76347421875 0.55406796875 0.7611171875 0.552953125 0.76498046875 0.5625234375 0.76694453125