2 0.28135625 1 0.2791234375 0.99023203125 0.2637734375 0.996371875 0.224421875 0.846215625 0.17390625 0.85878046875 0.15967265625 0.8116140625 0.1499046875 0.8141265625 0.1471140625 0.80491640625 0.11669296875 0.8124515625 0.1192046875 0.821940625 0.10441328125 0.82584765625 0.11362265625 0.8612921875 0.11027421875 0.8621296875 0.1172515625 0.88641015625 0.03854765625 0.9065046875 0.034640625 0.89227109375 0.00003359375 0.90203984375 0 1 0.28135625 1
1 0.0002453125 0.435959375 0.04964453125 0.42312109375 0.039596875 0.38739765625 0.00080390625 0.3993984375 0.0002453125 0.435959375
1 0 0.16049765625 0.01392109375 0.20878046875 0.05271484375 0.19650078125 0.0345734375 0.1370546875 0 0.14738046875 0 0.16049765625
1 0.5844140625 0.02262734375 0.59669375 0.06895625 0.62934765625 0.058909375 0.61902109375 0.02374375 0.5844140625 0.02262734375
1 0.93411328125 0.5629453125 0.99921875 0.54452578125 0.99921875 0.4923359375 0.92099609375 0.513546875 0.93411328125 0.5629453125
1 0.99921875 0.5738296875 0.99244296875 0.57634140625 0.99921875 0.6076 0.99921875 0.5738296875
2 0.81298828125 1 0.7959640625 0.9386 0.74154140625 0.95422890625 0.75465859375 0.99972109375 0.81298828125 1
2 0.69186328125 1 0.669815625 0.9199015625 0.62488203125 0.93385546875 0.64386015625 0.99972109375 0.69186328125 1
2 0.62655625 0.99972109375 0.6098109375 0.9394375 0.549528125 0.95674140625 0.562365625 1 0.62655625 0.99972109375
3 0.98985859375 0.61934453125 0.99336796875 0.618028125 0.99040703125 0.60782890625 0.98678828125 0.60892578125 0.98985859375 0.61934453125
3 0.898628125 0.862690625 0.91863203125 0.85764140625 0.9174671875 0.8527859375 0.89726875 0.8582234375 0.898628125 0.862690625
3 0.5648890625 0.84539296875 0.56880703125 0.8440875 0.56515078125 0.83311875 0.5612328125 0.8352078125 0.5648890625 0.84539296875
3 0.3834375 0.74533515625 0.38742734375 0.74400546875 0.38476796875 0.73336640625 0.38055625 0.734475 0.3834375 0.74533515625
3 0.321378125 0.6442671875 0.32426015625 0.64338046875 0.32248671875 0.634071875 0.31938359375 0.6358453125 0.321378125 0.6442671875
3 0.14960703125 0.7120890625 0.14694765625 0.70100703125 0.1434015625 0.70189375 0.14517421875 0.71297578125 0.14960703125 0.7120890625
3 0.12168046875 0.6948015625 0.11990703125 0.68504921875 0.11613984375 0.6874875 0.11835625 0.69502265625 0.12168046875 0.6948015625
3 0.52602734375 0.54026640625 0.53879765625 0.53763671875 0.538421875 0.53350546875 0.52490078125 0.53651015625 0.52602734375 0.54026640625
3 0.0340203125 0.35405546875 0.03846796875 0.352721875 0.0346875 0.341159375 0.02979609375 0.34293828125 0.0340203125 0.35405546875
3 0.43515078125 0.36139375 0.44760234375 0.35828046875 0.446490625 0.35294375 0.43292734375 0.35739140625 0.43515078125 0.36139375
3 0.3665109375 0.01716015625 0.36505 0.01296015625 0.3531796875 0.01697734375 0.35391015625 0.02117734375 0.3665109375 0.01716015625
3 0.27976796875 0.04144765625 0.27848984375 0.03615234375 0.25931484375 0.0407171875 0.25968046875 0.0456484375 0.27976796875 0.04144765625
3 0.72561328125 0.04068984375 0.7245828125 0.0363625 0.71407265625 0.039659375 0.71448515625 0.04378125 0.72561328125 0.04068984375
3 0.8202046875 0.0691296875 0.799803125 0.07469375 0.799803125 0.08066953125 0.82144140625 0.0744875 0.8202046875 0.0691296875
3 0.76259921875 0.5225046875 0.740359375 0.52839921875 0.74143125 0.5329546875 0.763403125 0.52839921875 0.76259921875 0.5225046875
0 0.0578578125 0.20756015625 0.01569453125 0.219740625 0.02576640625 0.25768828125 0.06793046875 0.2448046875 0.0578578125 0.20756015625
1 0.0742546875 0.4040890625 0.08362421875 0.43805390625 0.1175890625 0.429153125 0.11103046875 0.39425078125 0.0742546875 0.4040890625
1 0.065821875 0.593825 0.049190625 0.59968125 0.06207421875 0.6462953125 0.0791734375 0.64278125 0.07776796875 0.6343484375 0.0967421875 0.62825859375 0.088309375 0.598509375 0.0686328125 0.6020234375 0.065821875 0.593825
1 0.13094140625 0.57883359375 0.1204 0.5821125 0.12203984375 0.588671875 0.11431015625 0.5910140625 0.1229765625 0.620528125 0.1182921875 0.62263671875 0.1283640625 0.65847578125 0.14780625 0.65332265625 0.14241875 0.63598828125 0.15506796875 0.63200625 0.14241875 0.58375234375 0.13351796875 0.58468984375 0.13094140625 0.57883359375
0 0.18013203125 0.7067296875 0.20753828125 0.69899921875 0.20121328125 0.67463828125 0.17427578125 0.681196875 0.18013203125 0.7067296875
3 0.38368828125 0.7446765625 0.3869671875 0.74350546875 0.384390625 0.73273046875 0.38040859375 0.73436953125 0.38368828125 0.7446765625
2 0.34128984375 0.841184375 0.35721875 0.8981046875 0.47223125 0.86413984375 0.43756328125 0.74092890625 0.3867328125 0.75709140625 0.40453515625 0.82267890625 0.34128984375 0.841184375
1 0.504790625 0.99367578125 0.4743390625 0.99953125 0.50596171875 1 0.504790625 0.99367578125
1 0.29608125 0.5418234375 0.26211640625 0.55072421875 0.27031484375 0.5853921875 0.28108984375 0.58187890625 0.28390078125 0.58890546875 0.27312578125 0.59241953125 0.2831984375 0.625915625 0.313415625 0.61584375 0.29608125 0.5418234375
1 0.3328578125 0.57813046875 0.368228125 0.56712109375 0.356515625 0.52706640625 0.32020859375 0.5390125 0.3328578125 0.57813046875
0 0.406409375 0.47389296875 0.3761921875 0.4832625 0.38298515625 0.5083265625 0.41273359375 0.50106484375 0.406409375 0.47389296875
2 0.36959609375 0.3816578125 0.31886015625 0.1942171875 0.1546734375 0.239315625 0.19941953125 0.40632109375 0.3156890625 0.37496328125 0.320621875 0.39363671875 0.36959609375 0.3816578125
1 0.341409375 0.07865234375 0.38051875 0.224165625 0.44393828125 0.20901484375 0.4400625 0.194921875 0.44851875 0.1913984375 0.44393828125 0.176953125 0.49854921875 0.160040625 0.48762734375 0.1163515625 0.42456015625 0.13220703125 0.419275 0.1103625 0.42667421875 0.1082484375 0.42103671875 0.08781328125 0.412228125 0.08886953125 0.40694296875 0.06315 0.341409375 0.07865234375
2 0.53131640625 0.255875 0.4552125 0.27560546875 0.46930625 0.3344453125 0.545409375 0.31401015625 0.53131640625 0.255875
2 0.58346171875 0.4183 0.474590625 0.44789609375 0.49573125 0.5384453125 0.60777265625 0.50673515625 0.58346171875 0.4183
2 0.59086015625 0.84779296875 0.68739921875 0.82066328125 0.6740109375 0.76710859375 0.6585078125 0.769575 0.656746875 0.76358515625 0.64159609375 0.76675625 0.64300546875 0.7752125 0.57641484375 0.79423828125 0.59086015625 0.84779296875
2 0.77724375 0.82207265625 0.91993828125 0.78437265625 0.9072546875 0.73575078125 0.76456015625 0.77239375 0.77724375 0.82207265625
2 0.8322078125 0.584953125 0.73108828125 0.6127875 0.74870546875 0.67761640625 0.8487671875 0.64907734375 0.84489140625 0.63533671875 0.8593375 0.63181328125 0.8501765625 0.59693203125 0.83678828125 0.6008078125 0.8322078125 0.584953125
2 0.72756484375 0.4355640625 0.67859140625 0.45001015625 0.69796953125 0.5204765625 0.81741015625 0.49017578125 0.79908828125 0.414071875 0.7272125 0.43274609375 0.72756484375 0.4355640625
1 0.6947984375 0.19175078125 0.63807265625 0.20760546875 0.6447671875 0.2357921875 0.65146171875 0.2329734375 0.65357578125 0.24248671875 0.70466328125 0.22909765625 0.6947984375 0.19175078125
1 0.660621875 0.17941953125 0.75469453125 0.15581328125 0.75046640625 0.13890078125 0.70466328125 0.1484140625 0.70290234375 0.1399578125 0.6532234375 0.15228984375 0.660621875 0.17941953125
1 0.58874609375 0.088165625 0.6017828125 0.136434375 0.64688125 0.12445546875 0.633140625 0.07583359375 0.58874609375 0.088165625