1 0.97570390625 0.1297421875 0.9997875 0.13039296875 1 0.051959375 0.97440234375 0.0532609375 0.97570390625 0.1297421875
0 0.803865625 0.17498046875 0.8165578125 0.2221703125 0.87318671875 0.2081765625 0.8588671875 0.1590328125 0.803865625 0.17498046875
0 0.90931171875 0.2195671875 0.9278625 0.2895390625 0.9786328125 0.27684609375 0.96333671875 0.20459609375 0.90931171875 0.2195671875
1 0.24831953125 0 0.2466921875 0.01225390625 0.22098203125 0.01420703125 0.22098203125 0.047403125 0.26979921875 0.04707734375 0.27403046875 0 0.24831953125 0
1 0.4175546875 0.17986171875 0.38273125 0.18083828125 0.38273125 0.2198921875 0.39574921875 0.22021796875 0.3964 0.23486328125 0.41885625 0.23388671875 0.4175546875 0.17986171875
0 0.27630859375 0.35430390625 0.32122109375 0.353653125 0.31959375 0.290515625 0.2759828125 0.290840625 0.27630859375 0.35430390625
0 0.1477546875 0.2469046875 0.1477546875 0.28791171875 0.2353015625 0.2885625 0.2353015625 0.2488578125 0.1477546875 0.2469046875
0 0.14222265625 0.42785625 0.14222265625 0.3819671875 0.1093515625 0.38359453125 0.11097890625 0.4291578125 0.14222265625 0.42785625
3 0.12731875 0.441084375 0.1386359375 0.4405703125 0.1378640625 0.4364546875 0.126546875 0.4364546875 0.12731875 0.441084375
3 0.2822390625 0.3879765625 0.2822390625 0.383434375 0.2692171875 0.38403984375 0.2698234375 0.38737109375 0.2822390625 0.3879765625
3 0.53012109375 0.3054578125 0.5332328125 0.29660234375 0.5291640625 0.2944484375 0.52461640625 0.3042609375 0.53012109375 0.3054578125
1 0.039171875 0.2883234375 0.07358359375 0.28759140625 0.0728515625 0.198265625 0.0395375 0.1971671875 0.0395375 0.24585703125 0.04649296875 0.24475859375 0.0453953125 0.25208046875 0.0384390625 0.25354453125 0.039171875 0.2883234375