1 0.9589796875 0.1286203125 0.9737078125 0.138109375 0.99105390625 0.14923515625 0.99921875 0.12829296875 0.99921875 0.06085390625 0.9589796875 0.1286203125
4 0.48199296875 0.11737578125 0.48143359375 0.13891328125 0.541584375 0.13975234375 0.541025 0.15457734375 0.57571640625 0.154296875 0.57599609375 0.12101171875 0.48199296875 0.11737578125
4 0.578234375 0.08465 0.57963359375 0.0633921875 0.48398359375 0.05828125 0.48283203125 0.07989453125 0.578234375 0.08465
4 0.32208046875 0.17180390625 0.3204015625 0.15194453125 0.22611875 0.15082578125 0.2258390625 0.17068515625 0.28039453125 0.17068515625 0.28123359375 0.1863484375 0.3038953125 0.185509375 0.304734375 0.17180390625 0.32208046875 0.17180390625
4 0.31620546875 0.1057921875 0.31648515625 0.085653125 0.220803125 0.084534375 0.21940390625 0.10439375 0.26276875 0.1046734375 0.2613703125 0.11502265625 0.27479921875 0.11502265625 0.27479921875 0.1055125 0.31620546875 0.1057921875
1 0.230875 0.02287265625 0.230875 0.04329140625 0.27591796875 0.04357109375 0.27535859375 0.0583953125 0.29662109375 0.058115625 0.2980203125 0.02287265625 0.230875 0.02287265625
4 0.10485859375 0.1976953125 0.10597734375 0.1800734375 0.03356796875 0.18027890625 0.03435546875 0.197975 0.0659703125 0.1976953125 0.0659703125 0.21140078125 0.0830359375 0.21140078125 0.08275625 0.1988140625 0.10485859375 0.1976953125
4 0.0989828125 0.1386765625 0.09982265625 0.121334375 0.0147796875 0.11439453125 0.01365234375 0.1330828125 0.0989828125 0.1386765625
4 0.0936671875 0.08029453125 0.0936671875 0.06407109375 0.03131328125 0.063040625 0.0309984375 0.07945546875 0.0936671875 0.08029453125
4 0.086953125 0.02071640625 0.08611328125 0.00309453125 0.01953984375 0.00116484375 0.0198078125 0.02043671875 0.086953125 0.02071640625
3 0.601809375 0.08209140625 0.6091078125 0.08347265625 0.6104890625 0.0686796875 0.6025984375 0.06749609375 0.601809375 0.08209140625
3 0.5960890625 0.1383046875 0.6043734375 0.13968515625 0.6059515625 0.1229203125 0.59726953125 0.1214765625 0.5960890625 0.1383046875
3 0.212765625 0.03784296875 0.2223421875 0.0380953125 0.22083046875 0.023228125 0.2112390625 0.0233921875 0.212765625 0.03784296875
3 0.2004171875 0.0922703125 0.207221875 0.0922703125 0.2074734375 0.07664765625 0.1990515625 0.07597578125 0.2004171875 0.0922703125
3 0.09658828125 0.01970078125 0.10440078125 0.02070859375 0.1049046875 0.004078125 0.096140625 0.00308046875 0.09658828125 0.01970078125
3 0.1140109375 0.13842109375 0.1225796875 0.14043671875 0.12333515625 0.12330234375 0.11509765625 0.12246640625 0.1140109375 0.13842109375