3 0.6872671875 0.680621875 0.67338984375 0.68120859375 0.6739765625 0.68609453125 0.68765859375 0.68668125 0.6872671875 0.680621875
3 0.129875 0.7405078125 0.116396875 0.741046875 0.1169359375 0.74733671875 0.1311328125 0.74697734375 0.129875 0.7405078125
3 0.25027734375 0.76602734375 0.25027734375 0.75830078125 0.23500390625 0.75830078125 0.23500390625 0.76602734375 0.25027734375 0.76602734375
3 0.31676953125 0.73062109375 0.31676953125 0.72469140625 0.30293359375 0.72469140625 0.30293359375 0.73062109375 0.31676953125 0.73062109375
3 0.4197734375 0.66158984375 0.4197734375 0.65445703125 0.4053515625 0.65445703125 0.4053515625 0.66158984375 0.4197734375 0.66158984375
3 0.3549375 0.655265625 0.3549375 0.64878125 0.341 0.64878125 0.341 0.655265625 0.3549375 0.655265625
3 0.22965234375 0.6489453125 0.22965234375 0.6424609375 0.21847265625 0.6424609375 0.21847265625 0.6489453125 0.22965234375 0.6489453125
3 0.17746875 0.66223828125 0.17746875 0.65591796875 0.163046875 0.65591796875 0.163046875 0.66223828125 0.17746875 0.66223828125
3 0.33829296875 0.1985703125 0.33829296875 0.1796015625 0.33112890625 0.1796015625 0.33112890625 0.1985703125 0.33829296875 0.1985703125
3 0.1870390625 0.26089453125 0.1870390625 0.25351171875 0.1717265625 0.25351171875 0.1717265625 0.26089453125 0.1870390625 0.26089453125
3 0.1315546875 0.26521484375 0.1315546875 0.25783203125 0.1166015625 0.25783203125 0.1166015625 0.26521484375 0.1315546875 0.26521484375
3 0.8876875 0.34355078125 0.8876875 0.33093359375 0.8819375 0.33093359375 0.8819375 0.34355078125 0.8876875 0.34355078125
3 0.78320703125 0.318625 0.78320703125 0.303609375 0.77729296875 0.303609375 0.77729296875 0.318625 0.78320703125 0.318625
3 0.871553125 0.1444890625 0.868678125 0.13058984375 0.8622875 0.132346875 0.8667609375 0.1460859375 0.871553125 0.1444890625
4 0.073996875 0.82934296875 0.073996875 0.7576078125 0.0549984375 0.75793515625 0.0549984375 0.780209375 0.04353359375 0.78053671875 0.04386171875 0.79888046875 0.05565390625 0.7972421875 0.05761875 0.830653125 0.073996875 0.82934296875
4 0.11559609375 0.76383125 0.12214765625 0.84866875 0.1395078125 0.8476859375 0.13393984375 0.7628484375 0.11559609375 0.76383125
4 0.19224453125 0.83032578125 0.190934375 0.7677625 0.1739015625 0.7677625 0.176521875 0.83261875 0.19224453125 0.83032578125
4 0.25349765625 0.84277265625 0.2521875 0.77627890625 0.23384453125 0.77595078125 0.23449921875 0.843428125 0.25349765625 0.84277265625
4 0.31998828125 0.85292578125 0.31998828125 0.75760546875 0.29837109375 0.75760546875 0.29837109375 0.85292578125 0.31998828125 0.85292578125
4 0.38091796875 0.8516171875 0.38091796875 0.7546640625 0.35930078125 0.7546640625 0.35930078125 0.8516171875 0.38091796875 0.8516171875
0 0.386484375 0.8781484375 0.386484375 0.8526015625 0.360609375 0.8526015625 0.360609375 0.8781484375 0.386484375 0.8781484375
0 0.80215546875 0.778571875 0.79855234375 0.75466015625 0.7648140625 0.75826328125 0.76874453125 0.7811921875 0.80215546875 0.778571875
0 0.66233203125 0.69019140625 0.66233203125 0.65112109375 0.62083984375 0.65112109375 0.62083984375 0.69019140625 0.66233203125 0.69019140625
1 0.8837078125 0.597821875 0.9509390625 0.5799546875 0.94336796875 0.54755 0.91823203125 0.55209296875 0.91278046875 0.53361875 0.8703828125 0.5424015625 0.8837078125 0.597821875
1 0.7280453125 0.58691953125 0.81435625 0.5893421875 0.81435625 0.5899484375 0.81526484375 0.54845859375 0.7280453125 0.5493671875 0.7280453125 0.58691953125
1 0.70836015625 0.5899484375 0.70714921875 0.55542421875 0.67353359375 0.557240625 0.672321875 0.54966953125 0.611753125 0.55178984375 0.6132671875 0.5799546875 0.63204375 0.57874296875 0.63204375 0.60418203125 0.672625 0.60387890625 0.672625 0.59085703125 0.70836015625 0.5899484375
4 0.42035546875 0.6311328125 0.42035546875 0.5487578125 0.40158203125 0.5487578125 0.40158203125 0.6311328125 0.42035546875 0.6311328125
4 0.3558515625 0.6271953125 0.3558515625 0.5596640625 0.3385859375 0.5596640625 0.3385859375 0.6271953125 0.3558515625 0.6271953125
4 0.233803125 0.63204375 0.23228828125 0.56390390625 0.1944328125 0.56481171875 0.19685546875 0.58752578125 0.2135125 0.58691953125 0.21260390625 0.63113515625 0.233803125 0.63204375
4 0.17171875 0.641125 0.17171875 0.546640625 0.14809375 0.546640625 0.14809375 0.641125 0.17171875 0.641125
4 0.10569921875 0.635984375 0.10569921875 0.540890625 0.08147265625 0.540890625 0.08147265625 0.635984375 0.10569921875 0.635984375
4 0.19412890625 0.3779609375 0.19412890625 0.2828671875 0.16899609375 0.2828671875 0.16899609375 0.3779609375 0.19412890625 0.3779609375
4 0.1371953125 0.37977421875 0.13507578125 0.2858921875 0.1002484375 0.28649765625 0.1002484375 0.32223359375 0.1150875 0.32223359375 0.11629921875 0.38189375 0.1371953125 0.37977421875
4 0.313453125 0.3749296875 0.313453125 0.2783203125 0.288921875 0.2783203125 0.288921875 0.3749296875 0.313453125 0.3749296875
1 0.729859375 0.37644140625 0.729859375 0.33343359375 0.64415625 0.33343359375 0.64415625 0.37644140625 0.729859375 0.37644140625
0 0.867959375 0.3537296875 0.8594796875 0.324353125 0.827378125 0.33192421875 0.83555546875 0.36432890625 0.867959375 0.3537296875
1 0.98061796875 0.33071328125 1 0.32344453125 0.999696875 0.28861796875 0.97244140625 0.2989140625 0.98061796875 0.33071328125
1 0.9827375 0.19958125 0.99909140625 0.260453125 1 0.1950390625 0.9827375 0.19958125
1 0.99939453125 0.10388203125 0.95699609375 0.11448203125 0.97274375 0.17898828125 1 0.17353671875 0.99939453125 0.10388203125
0 0.65415234375 0.21169140625 0.65415234375 0.17716796875 0.60145703125 0.17716796875 0.60145703125 0.21169140625 0.65415234375 0.21169140625
0 0.8631140625 0.15354921875 0.851303125 0.11296796875 0.8331328125 0.118721875 0.8443375 0.15960546875 0.8631140625 0.15354921875
1 0.864628125 0.10933359375 0.89158125 0.10388203125 0.8803765625 0.05694140625 0.871290625 0.0596671875 0.8682625 0.0530046875 0.85917734375 0.0563359375 0.8600859375 0.06178671875 0.8531203125 0.0626953125 0.864628125 0.10933359375
1 0.7431875 0.12447578125 0.7755921875 0.12326484375 0.77589453125 0.0884375 0.7486390625 0.08722578125 0.7480328125 0.07420390625 0.70018359375 0.07359765625 0.70048671875 0.1135734375 0.74288515625 0.11296796875 0.7431875 0.12447578125
1 0.46881015625 0.1511265625 0.4651765625 0.06057578125 0.449428125 0.06178671875 0.44973125 0.08026015625 0.43004609375 0.0829859375 0.42974296875 0.11781328125 0.44670234375 0.11629921875 0.45003359375 0.15173203125 0.46881015625 0.1511265625
0 0.3743203125 0.17595703125 0.3743203125 0.15566796875 0.3473671875 0.15566796875 0.3473671875 0.17595703125 0.3743203125 0.17595703125
0 0.4099671875 0.35555703125 0.43411015625 0.35614609375 0.43305078125 0.3261140625 0.42621953125 0.32587890625 0.42586640625 0.312453125 0.41255859375 0.31327734375 0.41350078125 0.33223828125 0.40984921875 0.332709375 0.4099671875 0.35555703125