3 0.3127328125 0.319378125 0.32661015625 0.31879140625 0.3260234375 0.31390546875 0.31234140625 0.31331875 0.3127328125 0.319378125
3 0.870125 0.2594921875 0.883603125 0.258953125 0.8830640625 0.25266328125 0.8688671875 0.25302265625 0.870125 0.2594921875
3 0.74972265625 0.23397265625 0.74972265625 0.24169921875 0.76499609375 0.24169921875 0.76499609375 0.23397265625 0.74972265625 0.23397265625
3 0.68323046875 0.26937890625 0.68323046875 0.27530859375 0.69706640625 0.27530859375 0.69706640625 0.26937890625 0.68323046875 0.26937890625
3 0.5802265625 0.33841015625 0.5802265625 0.34554296875 0.5946484375 0.34554296875 0.5946484375 0.33841015625 0.5802265625 0.33841015625
3 0.6450625 0.344734375 0.6450625 0.35121875 0.659 0.35121875 0.659 0.344734375 0.6450625 0.344734375
3 0.77034765625 0.3510546875 0.77034765625 0.3575390625 0.78152734375 0.3575390625 0.78152734375 0.3510546875 0.77034765625 0.3510546875
3 0.82253125 0.33776171875 0.82253125 0.34408203125 0.836953125 0.34408203125 0.836953125 0.33776171875 0.82253125 0.33776171875
3 0.66170703125 0.8014296875 0.66170703125 0.8203984375 0.66887109375 0.8203984375 0.66887109375 0.8014296875 0.66170703125 0.8014296875
3 0.8129609375 0.73910546875 0.8129609375 0.74648828125 0.8282734375 0.74648828125 0.8282734375 0.73910546875 0.8129609375 0.73910546875
3 0.8684453125 0.73478515625 0.8684453125 0.74216796875 0.8833984375 0.74216796875 0.8833984375 0.73478515625 0.8684453125 0.73478515625
3 0.1123125 0.65644921875 0.1123125 0.66906640625 0.1180625 0.66906640625 0.1180625 0.65644921875 0.1123125 0.65644921875
3 0.21679296875 0.681375 0.21679296875 0.696390625 0.22270703125 0.696390625 0.22270703125 0.681375 0.21679296875 0.681375
3 0.128446875 0.8555109375 0.131321875 0.86941015625 0.1377125 0.867653125 0.1332390625 0.8539140625 0.128446875 0.8555109375
4 0.926003125 0.17065703125 0.926003125 0.2423921875 0.9450015625 0.24206484375 0.9450015625 0.219790625 0.95646640625 0.21946328125 0.95613828125 0.20111953125 0.94434609375 0.2027578125 0.94238125 0.169346875 0.926003125 0.17065703125
4 0.88440390625 0.23616875 0.87785234375 0.15133125 0.8604921875 0.1523140625 0.86606015625 0.2371515625 0.88440390625 0.23616875
4 0.80775546875 0.16967421875 0.809065625 0.2322375 0.8260984375 0.2322375 0.823478125 0.16738125 0.80775546875 0.16967421875
4 0.74650234375 0.15722734375 0.7478125 0.22372109375 0.76615546875 0.22404921875 0.76550078125 0.156571875 0.74650234375 0.15722734375
4 0.68001171875 0.14707421875 0.68001171875 0.24239453125 0.70162890625 0.24239453125 0.70162890625 0.14707421875 0.68001171875 0.14707421875
4 0.61908203125 0.1483828125 0.61908203125 0.2453359375 0.64069921875 0.2453359375 0.64069921875 0.1483828125 0.61908203125 0.1483828125
0 0.613515625 0.1218515625 0.613515625 0.1473984375 0.639390625 0.1473984375 0.639390625 0.1218515625 0.613515625 0.1218515625
0 0.19784453125 0.221428125 0.20144765625 0.24533984375 0.2351859375 0.24173671875 0.23125546875 0.2188078125 0.19784453125 0.221428125
0 0.33766796875 0.30980859375 0.33766796875 0.34887890625 0.37916015625 0.34887890625 0.37916015625 0.30980859375 0.33766796875 0.30980859375
1 0.1162921875 0.402178125 0.0490609375 0.4200453125 0.05663203125 0.45245 0.08176796875 0.44790703125 0.08721953125 0.46638125 0.1296171875 0.4575984375 0.1162921875 0.402178125
1 0.2719546875 0.41308046875 0.18564375 0.4106578125 0.18564375 0.4100515625 0.18473515625 0.45154140625 0.2719546875 0.4506328125 0.2719546875 0.41308046875
1 0.29163984375 0.4100515625 0.29285078125 0.44457578125 0.32646640625 0.442759375 0.327678125 0.45033046875 0.388246875 0.44821015625 0.3867328125 0.4200453125 0.36795625 0.42125703125 0.36795625 0.39581796875 0.327375 0.39612109375 0.327375 0.40914296875 0.29163984375 0.4100515625
4 0.57964453125 0.3688671875 0.57964453125 0.4512421875 0.59841796875 0.4512421875 0.59841796875 0.3688671875 0.57964453125 0.3688671875
4 0.6441484375 0.3728046875 0.6441484375 0.4403359375 0.6614140625 0.4403359375 0.6614140625 0.3728046875 0.6441484375 0.3728046875
4 0.766196875 0.36795625 0.76771171875 0.43609609375 0.8055671875 0.43518828125 0.80314453125 0.41247421875 0.7864875 0.41308046875 0.78739609375 0.36886484375 0.766196875 0.36795625
4 0.82828125 0.358875 0.82828125 0.453359375 0.85190625 0.453359375 0.85190625 0.358875 0.82828125 0.358875
4 0.89430078125 0.364015625 0.89430078125 0.459109375 0.91852734375 0.459109375 0.91852734375 0.364015625 0.89430078125 0.364015625
4 0.80587109375 0.6220390625 0.80587109375 0.7171328125 0.83100390625 0.7171328125 0.83100390625 0.6220390625 0.80587109375 0.6220390625
4 0.8628046875 0.62022578125 0.86492421875 0.7141078125 0.8997515625 0.71350234375 0.8997515625 0.67776640625 0.8849125 0.67776640625 0.88370078125 0.61810625 0.8628046875 0.62022578125
4 0.686546875 0.6250703125 0.686546875 0.7216796875 0.711078125 0.7216796875 0.711078125 0.6250703125 0.686546875 0.6250703125
1 0.270140625 0.62355859375 0.270140625 0.66656640625 0.35584375 0.66656640625 0.35584375 0.62355859375 0.270140625 0.62355859375
0 0.132040625 0.6462703125 0.1405203125 0.675646875 0.172621875 0.66807578125 0.16444453125 0.63567109375 0.132040625 0.6462703125
1 0.01938203125 0.66928671875 0 0.67655546875 0.000303125 0.71138203125 0.02755859375 0.7010859375 0.01938203125 0.66928671875
1 0.0172625 0.80041875 0.00090859375 0.739546875 0 0.8049609375 0.0172625 0.80041875
1 0.00060546875 0.89611796875 0.04300390625 0.88551796875 0.02725625 0.82101171875 0 0.82646328125 0.00060546875 0.89611796875
0 0.34584765625 0.78830859375 0.34584765625 0.82283203125 0.39854296875 0.82283203125 0.39854296875 0.78830859375 0.34584765625 0.78830859375
0 0.1368859375 0.84645078125 0.148696875 0.88703203125 0.1668671875 0.881278125 0.1556625 0.84039453125 0.1368859375 0.84645078125
1 0.135371875 0.89066640625 0.10841875 0.89611796875 0.1196234375 0.94305859375 0.128709375 0.9403328125 0.1317375 0.9469953125 0.14082265625 0.9436640625 0.1399140625 0.93821328125 0.1468796875 0.9373046875 0.135371875 0.89066640625
1 0.2568125 0.87552421875 0.2244078125 0.87673515625 0.22410546875 0.9115625 0.2513609375 0.91277421875 0.2519671875 0.92579609375 0.29981640625 0.92640234375 0.29951328125 0.8864265625 0.25711484375 0.88703203125 0.2568125 0.87552421875
1 0.53118984375 0.8488734375 0.5348234375 0.93942421875 0.550571875 0.93821328125 0.55026875 0.91973984375 0.56995390625 0.9170140625 0.57025703125 0.88218671875 0.55329765625 0.88370078125 0.54996640625 0.84826796875 0.53118984375 0.8488734375
0 0.6256796875 0.82404296875 0.6256796875 0.84433203125 0.6526328125 0.84433203125 0.6526328125 0.82404296875 0.6256796875 0.82404296875
0 0.5900328125 0.64444296875 0.56588984375 0.64385390625 0.56694921875 0.6738859375 0.57378046875 0.67412109375 0.57413359375 0.687546875 0.58744140625 0.68672265625 0.58649921875 0.66776171875 0.59015078125 0.667290625 0.5900328125 0.64444296875