3 0.8090390625 0.88383984375 0.7876953125 0.88383984375 0.7876953125 0.89116015625 0.8090390625 0.89116015625 0.8090390625 0.88383984375
3 0.71065234375 0.69073046875 0.70373828125 0.69073046875 0.70373828125 0.70475390625 0.71065234375 0.70475390625 0.71065234375 0.69073046875
3 0.67019921875 0.63686328125 0.66369140625 0.63686328125 0.66369140625 0.64987109375 0.67019921875 0.64987109375 0.67019921875 0.63686328125
3 0.32232421875 0.22896875 0.30748828125 0.22896875 0.30748828125 0.236609375 0.32232421875 0.236609375 0.32232421875 0.22896875
3 0.21502734375 0.25983203125 0.20798828125 0.25983203125 0.20798828125 0.27466796875 0.21502734375 0.27466796875 0.21502734375 0.25983203125
3 0.19974609375 0.1039921875 0.19255078125 0.1039921875 0.19255078125 0.1189765625 0.19974609375 0.1189765625 0.19974609375 0.1039921875
3 0.20603125 0.76453125 0.200375 0.76453125 0.200375 0.778859375 0.20603125 0.778859375 0.20603125 0.76453125
1 1 0.77840625 0.98961484375 0.77840625 0.98791171875 0.83461484375 0.99745 0.83495546875 0.99676875 0.8547140625 0.98688984375 0.8553953125 0.9855265625 0.91194453125 1 0.91194453125 1 0.77840625
1 0.999834375 0.6111421875 0.994725 0.6097796875 0.9848453125 0.64725234375 0.999834375 0.651340625 0.999834375 0.6111421875
1 0.809065625 0.0153296875 0.81519765625 0.001021875 0.78624140625 0 0.782153125 0.00817578125 0.809065625 0.0153296875
1 0.60364765625 0.058934375 0.62068125 0.00068125 0.5903625 0 0.5777578125 0.05075859375 0.60364765625 0.058934375
1 0.09640625 0.87413125 0.126725 0.89320859375 0.17646171875 0.813153125 0.14682421875 0.7950984375 0.09640625 0.87413125
0 0.1900859375 0.7583125 0.1539765625 0.7583125 0.1539765625 0.792375 0.1900859375 0.792375 0.1900859375 0.7583125
0 0.31068125 0.84960390625 0.2687796875 0.84892265625 0.2677578125 0.90002109375 0.30795625 0.90002109375 0.31068125 0.84960390625
1 0.3876703125 0.86186796875 0.3883515625 0.80259296875 0.3590546875 0.80293359375 0.3590546875 0.89525234375 0.39448359375 0.89388984375 0.39516484375 0.86254921875 0.3876703125 0.86186796875
1 0.1069671875 0.67757109375 0.1066265625 0.6687140625 0.091296875 0.6700765625 0.0916375 0.72287890625 0.126384375 0.72253828125 0.12468125 0.67586796875 0.1069671875 0.67757109375
0 0.16760546875 0.63021875 0.13047265625 0.63021875 0.13047265625 0.670078125 0.16760546875 0.670078125 0.16760546875 0.63021875
1 0.11309921875 0.531428125 0.112759375 0.5157546875 0.08448359375 0.5164390625 0.08686796875 0.56515390625 0.123659375 0.56583515625 0.121615625 0.53176875 0.11309921875 0.531428125
0 0.2128203125 0.53168359375 0.1809609375 0.53168359375 0.1809609375 0.56976953125 0.2128203125 0.56976953125 0.2128203125 0.53168359375
0 0.226765625 0.3059140625 0.168765625 0.3059140625 0.168765625 0.3350390625 0.226765625 0.3350390625 0.226765625 0.3059140625
1 0.15656640625 0.26111328125 0.09433984375 0.26111328125 0.09433984375 0.29869921875 0.15656640625 0.29869921875 0.15656640625 0.26111328125
1 0.10827890625 0.137153125 0.147109375 0.1463625 0.16528046875 0.053765625 0.12644921875 0.0462984375 0.10827890625 0.137153125
0 0.29944609375 0.08263984375 0.28700078125 0.13043203125 0.3198578125 0.1403890625 0.33180546875 0.09334375 0.29944609375 0.08263984375
0 0.31164296875 0.19440390625 0.31089609375 0.21332109375 0.35395859375 0.2135703125 0.35371015625 0.19664375 0.31164296875 0.19440390625
1 0.41768125 0.1309296875 0.40996484375 0.1281921875 0.412703125 0.116990625 0.38955390625 0.11325703125 0.38806015625 0.12221796875 0.3664046875 0.116990625 0.3589375 0.14486953125 0.412703125 0.1560703125 0.41768125 0.1309296875
1 0.3614265625 0.23273671875 0.3713828125 0.23273671875 0.3721296875 0.2608640625 0.39826640625 0.2601171875 0.40050625 0.21232578125 0.36267109375 0.21083203125 0.3614265625 0.23273671875
1 0.358190625 0.3484828125 0.3507234375 0.3499765625 0.3499765625 0.40623125 0.3907984375 0.40573359375 0.39204296875 0.350225 0.3761125 0.3499765625 0.37885078125 0.29148125 0.34400234375 0.29123203125 0.3420109375 0.338028125 0.35744375 0.338028125 0.358190625 0.3484828125
3 0.3143828125 0.34325390625 0.2999453125 0.34325390625 0.2999453125 0.34798046875 0.3143828125 0.34798046875 0.3143828125 0.34325390625
0 0.345 0.35096875 0.306171875 0.35096875 0.306171875 0.373125 0.345 0.373125 0.345 0.35096875
1 0.37337421875 0.5540875 0.3815890625 0.55358984375 0.38059296875 0.5416421875 0.37387265625 0.54064609375 0.3743703125 0.531934375 0.30268203125 0.53168515625 0.3039265625 0.5944125 0.3736234375 0.5931671875 0.37337421875 0.5540875
4 0.52098203125 0.80773359375 0.58146875 0.86224609375 0.59291875 0.8480578125 0.5321828125 0.7935453125 0.52098203125 0.80773359375
0 0.55931484375 0.89087109375 0.52770234375 0.89136953125 0.52820078125 0.9162609375 0.560559375 0.91501640625 0.55931484375 0.89087109375
0 0.54686875 0.64718203125 0.51451015625 0.64693359375 0.5140125 0.66585078125 0.54711796875 0.6661 0.54686875 0.64718203125
1 0.59988828125 0.61382734375 0.629509375 0.61606796875 0.62901171875 0.5954078125 0.635234375 0.596403125 0.63573203125 0.57549453125 0.59192265625 0.5752453125 0.59167421875 0.5652890625 0.57848125 0.5652890625 0.57873046875 0.574996875 0.53566796875 0.5752453125 0.53541875 0.5939140625 0.59988828125 0.59565703125 0.59988828125 0.61382734375
1 0.563546875 0.21481484375 0.56155546875 0.22875390625 0.59715 0.235475 0.60785390625 0.19664375 0.573503125 0.1876828125 0.572009375 0.19291015625 0.563546875 0.21481484375
0 0.66759375 0.19614609375 0.64618671875 0.19216328125 0.6377234375 0.2200421875 0.66012578125 0.2265140625 0.66759375 0.19614609375
2 0.80225703125 0.23198984375 0.70194375 0.20684921875 0.6894984375 0.2558859375 0.788815625 0.2825203125 0.80225703125 0.23198984375
1 0.800265625 0.068203125 0.81271171875 0.0226515625 0.77960625 0.0131921875 0.7661640625 0.05874453125 0.800265625 0.068203125
1 0.81843671875 0.111265625 0.843328125 0.118484375 0.84183515625 0.12321328125 0.8585125 0.12794296875 0.8595078125 0.12296484375 0.8861421875 0.1309296875 0.8928625 0.10529140625 0.87718125 0.099815625 0.88888046875 0.05725078125 0.85253828125 0.04654765625 0.84108828125 0.08961015625 0.82490859375 0.086125 0.81843671875 0.111265625
2 0.8179390625 0.5408953125 0.7231015625 0.5386546875 0.7238484375 0.59715 0.81744140625 0.59889296875 0.8179390625 0.5408953125
2 0.74102421875 0.81594765625 0.74127265625 0.87344765625 0.81744140625 0.8731984375 0.816196875 0.8156984375 0.80823125 0.81669453125 0.808978125 0.7952875 0.81744140625 0.79478984375 0.81768984375 0.73803671875 0.74276640625 0.73778828125 0.7425171875 0.79404296875 0.7512296875 0.79478984375 0.7504828125 0.81545 0.74102421875 0.81594765625