3 0.8637265625 0.8788515625 0.88430390625 0.877565625 0.883275 0.87113515625 0.86346953125 0.87267890625 0.8637265625 0.8788515625
3 0.86063984375 0.8729359375 0.884046875 0.87062109375 0.88378984375 0.86444765625 0.86063984375 0.86650546875 0.86063984375 0.8729359375
3 0.93958984375 0.98803828125 0.93938359375 0.97731484375 0.932784375 0.97731484375 0.932784375 0.98906953125 0.93958984375 0.98803828125
3 0.55891796875 0.85097890625 0.57301015625 0.8472796875 0.57019140625 0.84181875 0.55680390625 0.84675078125 0.55891796875 0.85097890625
3 0.5307859375 0.12446328125 0.5284921875 0.1115328125 0.520775 0.11341015625 0.5236953125 0.12613203125 0.5307859375 0.12446328125
3 0.41670390625 0.1755609375 0.41232421875 0.16325546875 0.40502421875 0.1668015625 0.40982109375 0.17848046875 0.41670390625 0.1755609375
3 0.162496875 0.28369609375 0.1709234375 0.28149765625 0.16524453125 0.26006328125 0.15571796875 0.2648265625 0.162496875 0.28369609375
3 0.16084765625 0.21554609375 0.1811828125 0.21536328125 0.1811828125 0.20876796875 0.15993203125 0.20895078125 0.16084765625 0.21554609375
1 0 0.38919453125 0.0757828125 0.37068515625 0.0681 0.33366640625 0 0.3490328125 0 0.38919453125
1 0 0.2212140625 0.066703125 0.21946796875 0.06530625 0.1632421875 0.0544796875 0.16289296875 0.0548296875 0.1419390625 0.06425859375 0.14298671875 0.06076640625 0.08536328125 0 0.0850140625 0 0.2212140625
1 0.91673203125 1 0.90904921875 0.91758125 0.8325671875 0.9263125 0.8406 1 0.91673203125 1
1 0.9708625 1 0.9701640625 0.9944125 0.94921015625 0.9937140625 0.9488609375 1 0.9708625 1
1 0.45714375 0.92910625 0.4749546875 1 0.50987734375 0.99895234375 0.49940078125 0.95913984375 0.5486421875 0.94621875 0.53711796875 0.907803125 0.45714375 0.92910625
0 0.06425859375 0.99965078125 0.10511875 0.98882421875 0.09988046875 0.97206171875 0.058321875 0.9849828125 0.06425859375 0.99965078125
1 0.1299140625 0.9098984375 0.0516859375 0.92875703125 0.0544796875 0.94586953125 0.13445390625 0.92736015625 0.1299140625 0.9098984375
0 0.17985390625 0.8501796875 0.19068046875 0.885103125 0.1938234375 0.88370625 0.234334375 0.87218125 0.22455546875 0.83656015625 0.17985390625 0.8501796875
1 0.25319296875 0.85052890625 0.316403125 0.83411484375 0.305228125 0.79465234375 0.2434140625 0.81281171875 0.25319296875 0.85052890625
0 0.4407296875 0.94866328125 0.43130078125 0.9147875 0.39917109375 0.92456640625 0.407553125 0.96053671875 0.4407296875 0.94866328125
0 0.40056796875 0.82573359375 0.43165 0.8184 0.4250140625 0.7957 0.43444375 0.79150859375 0.4309515625 0.7792859375 0.39078984375 0.7918578125 0.40056796875 0.82573359375
4 0.44387265625 0.828178125 0.46238203125 0.8232890625 0.44771484375 0.762871875 0.427459375 0.76811015625 0.44387265625 0.828178125
0 0.58880390625 0.8246859375 0.577628125 0.77544453125 0.52698984375 0.7848734375 0.53641953125 0.83621015625 0.58880390625 0.8246859375
1 0.8112640625 0.693375 0.81301015625 0.7607765625 0.8566640625 0.75868125 0.85456875 0.72131328125 0.8681890625 0.7216625 0.8681890625 0.6926765625 0.8112640625 0.693375
0 0.76621328125 0.52818828125 0.76691171875 0.60222578125 0.80393046875 0.6032734375 0.80323203125 0.56171484375 0.816153125 0.5620640625 0.81650234375 0.5278390625 0.76621328125 0.52818828125
1 0.58251796875 0.54949140625 0.57448515625 0.5051390625 0.5671515625 0.5065359375 0.55772265625 0.46497734375 0.512321875 0.47510546875 0.53048203125 0.5592703125 0.58251796875 0.54949140625
1 0.44247578125 0.56555625 0.4337453125 0.4995515625 0.376121875 0.50828203125 0.382059375 0.53971328125 0.397425 0.53691953125 0.40441015625 0.57079453125 0.44247578125 0.56555625
0 0.25668515625 0.54809453125 0.29405234375 0.53761796875 0.28148046875 0.48488359375 0.24236640625 0.49710703125 0.25668515625 0.54809453125
1 0.23538203125 0.64343515625 0.237128125 0.65181640625 0.274146875 0.64273671875 0.26786015625 0.61654375 0.2249046875 0.6273703125 0.2276984375 0.6444828125 0.23538203125 0.64343515625
4 0.1533125 0.674865625 0.14143828125 0.59489140625 0.12118359375 0.598384375 0.1327078125 0.67661171875 0.1533125 0.674865625
1 0.1002296875 0.36684375 0.1669328125 0.35217578125 0.157503125 0.31166484375 0.09045078125 0.32807890625 0.1002296875 0.36684375
1 0.353421875 0.27010703125 0.362153125 0.3064265625 0.42396640625 0.2924578125 0.41733125 0.24810546875 0.39637734375 0.251946875 0.397425 0.2582328125 0.353421875 0.27010703125
1 0.5430546875 0.23238984375 0.5346734375 0.19083125 0.50079765625 0.1985140625 0.4934640625 0.16498828125 0.46308046875 0.1716234375 0.47809765625 0.246009375 0.5430546875 0.23238984375
0 0.44596796875 0.17546484375 0.4393328125 0.14578046875 0.415934375 0.1503203125 0.42326796875 0.18245 0.44596796875 0.17546484375
1 0.16169375 0.17965546875 0.234334375 0.17895703125 0.2336359375 0.169528125 0.30068828125 0.169528125 0.30068828125 0.12238203125 0.2290953125 0.1206359375 0.22874609375 0.1346046875 0.220015625 0.13355703125 0.2193171875 0.1276203125 0.17217109375 0.129715625 0.17217109375 0.1332078125 0.16169375 0.13425546875 0.16169375 0.17965546875