0 0.17235078125 0.10593984375 0.15145859375 0.1049453125 0.13206171875 0.103478125 0.13081484375 0.15492578125 0.17135546875 0.15517421875 0.17235078125 0.10593984375
1 0.22109921875 0.1489578125 0.2581578125 0.148709375 0.2581578125 0.1176265625 0.2497015625 0.11688046875 0.24895546875 0.05720234375 0.2332859375 0.05720234375 0.21980625 0.05715625 0.22109921875 0.1489578125
0 0.054103125 0.0125359375 0.0164796875 0.01350703125 0.01704453125 0.04610546875 0.0543515625 0.04635390625 0.054103125 0.0125359375
1 0 0.13512578125 0.04116953125 0.06873359375 0.0055671875 0.04602109375 0 0.061025 0 0.13512578125
4 0.39486171875 0.04772890625 0.38225234375 0.06163515625 0.44319296875 0.1170234375 0.45575 0.10243828125 0.39486171875 0.04772890625
0 0.39023203125 0.145121875 0.39037734375 0.17069921875 0.42380234375 0.16959140625 0.4230640625 0.14540546875 0.39023203125 0.145121875
1 0.671290625 0.069390625 0.670846875 0.050525 0.68105859375 0.050525 0.68083671875 0 0.60487890625 0.00012890625 0.60424765625 0.050303125 0.61290546875 0.050303125 0.61268359375 0.068946875 0.602471875 0.069390625 0.603359375 0.12909453125 0.6801703125 0.12887265625 0.6792828125 0.06916875 0.671290625 0.069390625
1 0.91708984375 0.11031875 0.91731328125 0.09063046875 0.9267125 0.09107734375 0.92827890625 0.0351453125 0.85179375 0.03279140625 0.85085078125 0.09040625 0.85913046875 0.09063046875 0.85913046875 0.1083046875 0.8495078125 0.10808125 0.84794140625 0.16759375 0.9246984375 0.16804140625 0.92604140625 0.11009453125 0.91708984375 0.11031875
0 0.26101328125 0.34706640625 0.26253828125 0.4715 0.33830625 0.47081953125 0.33785234375 0.3469875 0.26101328125 0.34706640625
2 0.9484390625 0.37979375 0.909575 0.37910390625 0.90949921875 0.37962421875 0.9093453125 0.42255703125 0.9488984375 0.42232734375 0.9484390625 0.37979375
2 0.89554765625 0.6063765625 0.89439765625 0.64868046875 0.94774921875 0.64845 0.94820859375 0.6056875 0.89554765625 0.6063765625
4 0.7856171875 0.93056875 0.786734375 0.951990625 0.8474640625 0.94843984375 0.84835234375 0.95589609375 0.87729609375 0.95483046875 0.87623125 0.94435625 0.8836890625 0.94435625 0.88138046875 0.9232296875 0.7856171875 0.93056875
3 0.6516453125 0.137015625 0.650490625 0.14655078125 0.67254140625 0.14768515625 0.67400078125 0.13941796875 0.6516453125 0.137015625
3 0.24675625 0.315475 0.2376953125 0.31509765625 0.23750625 0.33736953125 0.24637890625 0.33831328125 0.24675625 0.315475
3 0.06234921875 0.01835703125 0.06125 0.03374375 0.0697296875 0.0334296875 0.07020078125 0.018828125 0.06234921875 0.01835703125
3 0.0634484375 0.01710078125 0.056225 0.0156875 0.05418359375 0.0282484375 0.060621875 0.030446875 0.0634484375 0.01710078125