1 1 0.0507359375 0.999678125 0.0466625 0.965546875 0.05668359375 0.976328125 0.0938171875 1 0.08593984375 1 0.0507359375
1 0.95433125 0.10069375 0.9424078125 0.0605421875 0.89493828125 0.07147265625 0.90539765625 0.11166015625 0.95433125 0.10069375
1 0.87261953125 0.07967109375 0.8259546875 0.09172734375 0.8354484375 0.1296640625 0.88404453125 0.11696484375 0.87261953125 0.07967109375
1 0.8145625 0.1373796875 0.79927578125 0.0880296875 0.76194375 0.10121171875 0.77658671875 0.14879296875 0.8145625 0.1373796875
3 0.74737421875 0.127709375 0.747815625 0.1068375 0.74105703125 0.1068375 0.74089609375 0.12869921875 0.74737421875 0.127709375
1 0.55132421875 0.15184765625 0.56936171875 0.1465234375 0.55438203125 0.095103125 0.5384515625 0.09944296875 0.54440546875 0.11985859375 0.53265859375 0.121465625 0.54295703125 0.15136484375 0.55132421875 0.15184765625
1 0.115684375 0.02067578125 0.11343203125 0.0002609375 0.10265078125 0.0002609375 0.105546875 0.0218015625 0.115040625 0.02099765625 0.116328125 0.02083671875 0.115684375 0.02067578125
1 0.0302609375 0.32332890625 0.0460515625 0.31771328125 0.04106328125 0.303728125 0.04862578125 0.30163828125 0.04122421875 0.28025859375 0.02400625 0.284759375 0.023684375 0.31031875 0.03044296875 0.32398203125 0.0302609375 0.32332890625
0 0.18051015625 0.31594453125 0.17064375 0.28642421875 0.1270875 0.30163828125 0.13658125 0.3304125 0.18051015625 0.31594453125
1 0.23792421875 0.2981015625 0.2200625 0.24135703125 0.16551328125 0.25630703125 0.17001875 0.2805796875 0.2023625 0.27093515625 0.212821875 0.304853125 0.23792421875 0.2981015625
1 0.30503984375 0.15872578125 0.27398359375 0.17447890625 0.29522421875 0.21096875 0.32611953125 0.19328671875 0.30503984375 0.15872578125