3 0.9570953125 0.0760390625 0.95149921875 0.090521875 0.95696796875 0.09268125 0.96218203125 0.078071875 0.9570953125 0.0760390625
1 0.9029203125 0.0496140625 0.8365875 0.03157421875 0.82666796875 0.06778125 0.8409109375 0.07476875 0.839003125 0.084296875 0.85896953125 0.08899765625 0.86253046875 0.08112109375 0.89139765625 0.0883625 0.89211015625 0.0855671875 0.8980875 0.08734609375 0.89134765625 0.1078 0.90940546875 0.1149140625 0.93115234375 0.117709375 0.942215625 0.071846875 0.90546328125 0.06473203125 0.9020296875 0.072228125 0.89719765625 0.07044921875 0.9029203125 0.0496140625
0 0.67589921875 0.11010703125 0.69510078125 0.1033546875 0.69067265625 0.0799796875 0.6679109375 0.08586015625 0.67589921875 0.11010703125
4 0.532653125 0.08954375 0.56813828125 0.02892734375 0.5543125 0.02079375 0.5214390625 0.082484375 0.532653125 0.08954375
1 0.4705828125 0.03206484375 0.48148984375 0.0329859375 0.4824109375 0.02608046875 0.49638984375 0.02776875 0.49884765625 0.00597734375 0.45829375 0.0013734375 0.456296875 0.01180859375 0.460290625 0.0128828125 0.4578328125 0.023625 0.46996875 0.02500625 0.4705828125 0.03206484375
3 0.42375390625 0.01758515625 0.41716796875 0.046475 0.4227515625 0.04790546875 0.42905078125 0.01944453125 0.42375390625 0.01758515625
0 0.39555 0.05291171875 0.41344609375 0.05677265625 0.42260859375 0.01758515625 0.40385390625 0.0150109375 0.40371015625 0.01543984375 0.39555 0.05291171875
4 0.58117421875 0.2081421875 0.57945625 0.2204421875 0.6181109375 0.22601953125 0.61882734375 0.214578125 0.58117421875 0.2081421875
0 0.59589453125 0.40292578125 0.61651015625 0.41279375 0.64528671875 0.41708515625 0.6638984375 0.36116328125 0.65487890625 0.35258203125 0.64371171875 0.34700390625 0.6301109375 0.34342890625 0.61421953125 0.34614609375 0.59589453125 0.40292578125
0 0.8333140625 0.658509375 0.8363203125 0.5962953125 0.777165625 0.5943203125 0.7734703125 0.657221875 0.8333140625 0.658509375
1 1 0.94838203125 0.98416171875 0.94866796875 0.98273046875 0.9752703125 0.99949921875 0.975678125 1 0.94838203125
1 0.944246875 0.9997265625 0.94438984375 0.99414921875 0.92219921875 0.99472109375 0.922463716796875 0.99948350390625 0.92248515625 0.999440625 0.922771875 0.9997265625 0.922345029296875 0.99999819140625 0.944246875 0.9997265625
1 0.6128859375 0.9622546875 0.60014453125 0.97727265625 0.6144609375 0.99071640625 0.63035234375 0.97598515625 0.6128859375 0.9622546875