1 0.99642890625 0.864525 0.96485546875 0.86546484375 0.964103125 0.92616953125 0.97970234375 0.93011640625 0.99624140625 0.92692109375 0.99642890625 0.864525
4 0.513046875 0.84009296875 0.5136109375 0.87486171875 0.523571875 0.8746734375 0.52206796875 0.84140859375 0.513046875 0.84009296875
4 0.4976359375 0.82674921875 0.5002671875 0.86565234375 0.51079140625 0.86678046875 0.5083484375 0.8265609375 0.4976359375 0.82674921875
0 0.374159375 0.89027265625 0.37585078125 0.93011640625 0.39408046875 0.928425 0.3922015625 0.88613828125 0.374159375 0.89027265625
1 0.35987578125 0.9427078125 0.36231875 0.97428203125 0.39520859375 0.97371796875 0.39314140625 0.94176875 0.35987578125 0.9427078125
3 0.19035390625 0.94891015625 0.18433984375 0.9464671875 0.1841515625 0.94985 0.18509140625 0.95755546875 0.19110546875 0.95811953125 0.19035390625 0.94891015625
1 0.174190625 0.9344390625 0.14036171875 0.93481484375 0.139609375 0.9799203125 0.158215625 0.98104765625 0.1749421875 0.977853125 0.174190625 0.9344390625
1 0.19655546875 0.55724296875 0.1615984375 0.55592734375 0.16235078125 0.63279453125 0.1988109375 0.63260703125 0.19899921875 0.62809609375 0.19655546875 0.55724296875
3 0.17907734375 0.5369453125 0.179453125 0.5422078125 0.1935484375 0.54164375 0.192984375 0.53656953125 0.17907734375 0.5369453125
1 0.43599140625 0.644446875 0.43693125 0.59539453125 0.432984375 0.5918234375 0.40009453125 0.59126015625 0.39727578125 0.64595078125 0.4175734375 0.6491453125 0.43599140625 0.644446875
1 0.78950703125 0.58129921875 0.755865625 0.58280234375 0.76150390625 0.64595078125 0.77841875 0.64613828125 0.79627265625 0.63956015625 0.78950703125 0.58129921875
4 0.12588984375 0.433765625 0.12495 0.4542515625 0.2067046875 0.45650703125 0.20783203125 0.438840625 0.12588984375 0.433765625
1 0.78292890625 0.4087703125 0.79213828125 0.469475 0.8272828125 0.46458828125 0.8186375 0.40407109375 0.78292890625 0.4087703125
1 0.3841203125 0.33321796875 0.34540390625 0.32833125 0.34465234375 0.38415 0.3630703125 0.3875328125 0.382240625 0.38659296875 0.3841203125 0.33321796875
0 0.3521703125 0.29111953125 0.3221 0.29168359375 0.32003203125 0.31386015625 0.3523578125 0.31517578125 0.3521703125 0.29111953125
0 0.23436171875 0.36930234375 0.20429140625 0.34862890625 0.1740328125 0.39129140625 0.20635859375 0.411025 0.22158203125 0.39505 0.23436171875 0.36930234375
1 0.15182578125 0.326828125 0.1495703125 0.27251328125 0.11592890625 0.27307734375 0.11442578125 0.2990125 0.10502890625 0.29920078125 0.104653125 0.32663984375 0.12908515625 0.33039921875 0.15182578125 0.326828125
0 0.12513828125 0.20654609375 0.123446875 0.2289109375 0.15370546875 0.229475 0.15370546875 0.20786171875 0.12513828125 0.20654609375
1 0.12213125 0.19057109375 0.1414890625 0.1888796875 0.14581171875 0.19188671875 0.14656328125 0.1941421875 0.15840390625 0.1941421875 0.158215625 0.19996875 0.1773859375 0.19978046875 0.1762578125 0.1687703125 0.144871875 0.16914609375 0.14393203125 0.164071875 0.13378359375 0.164071875 0.13284375 0.17121328125 0.12250703125 0.1714015625 0.12213125 0.19057109375
1 0.78142578125 0.2967578125 0.7812375 0.23191796875 0.74684453125 0.23323359375 0.7459046875 0.29976484375 0.7618796875 0.300328125 0.771840625 0.300328125 0.78142578125 0.2967578125
1 0.79007109375 0.10825390625 0.7917625 0.03702421875 0.787815625 0.033453125 0.75812109375 0.03307734375 0.75492578125 0.0374 0.75548984375 0.11032109375 0.77278046875 0.11032109375 0.79007109375 0.10825390625
3 0.49801171875 0.09303046875 0.4983875 0.10505859375 0.50477734375 0.10562265625 0.50477734375 0.09340625 0.49801171875 0.09303046875
1 0.43072890625 0.12516796875 0.45309375 0.1261078125 0.45309375 0.13512890625 0.4654984375 0.13512890625 0.4664375 0.1274234375 0.48523203125 0.126671875 0.48654765625 0.09115078125 0.457040625 0.09171484375 0.4564765625 0.07555234375 0.45591328125 0.07104140625 0.4348640625 0.0699140625 0.43072890625 0.12516796875
0 0.2536890625 0.0701015625 0.21986015625 0.06935 0.21929609375 0.12291328125 0.23921796875 0.12310078125 0.2548171875 0.12103359375 0.2536890625 0.0701015625
1 0.1627265625 0.1449015625 0.16328984375 0.1048703125 0.13190390625 0.10393125 0.13171640625 0.11483125 0.112921875 0.11370390625 0.11517734375 0.14828515625 0.1627265625 0.1449015625