1 0.24826796875 0.00071328125 0.24826796875 0.0038046875 0.322225 0.002378125 0.32198671875 0 0.24826796875 0.00071328125
3 0.3110484375 0.04970078125 0.3110484375 0.04232890625 0.28893203125 0.0454203125 0.2894078125 0.05207890625 0.3110484375 0.04970078125
3 0.45230390625 0.97000390625 0.44968828125 0.96619921875 0.4397 0.97000390625 0.442078125 0.97594921875 0.45135234375 0.97261953125 0.45230390625 0.97000390625
3 0.43541953125 0.878925 0.437321875 0.87488203125 0.4356578125 0.87226640625 0.42448046875 0.87250390625 0.42400546875 0.876784375 0.4259078125 0.87963828125 0.43541953125 0.878925
1 0.456346875 0.7926015625 0.42043828125 0.79664453125 0.4282859375 0.86441875 0.4651453125 0.8584734375 0.456346875 0.7926015625
1 0.48345625 0.954546875 0.47370625 0.8889125 0.437321875 0.89343046875 0.44445625 0.955021875 0.44849921875 0.96001640625 0.48345625 0.954546875
1 0.4380359375 1 0.476084375 0.99949140625 0.47560859375 0.9880765625 0.4380359375 0.99188203125 0.43756015625 1 0.4380359375 1
1 0.50961484375 0.0454203125 0.51294375 0.0696765625 0.5262609375 0.06801171875 0.5286390625 0.090365625 0.583571875 0.0844203125 0.5723953125 0.00047578125 0.51484609375 0 0.5212671875 0.0451828125 0.50961484375 0.0454203125
3 0.51698671875 0.07871328125 0.50985234375 0.07895078125 0.51199296875 0.10178046875 0.51841328125 0.1015421875 0.51698671875 0.07871328125
3 0.55027890625 0.14720078125 0.5431453125 0.1474390625 0.5433828125 0.163371875 0.55146796875 0.163846875 0.55027890625 0.14720078125
1 0.57929140625 0.17526171875 0.5357734375 0.17526171875 0.54029140625 0.23613984375 0.5826203125 0.23257265625 0.57929140625 0.17526171875
1 0.622809375 0.8337421875 0.61115703125 0.759309375 0.57667578125 0.7628765625 0.5752484375 0.761925 0.5861875 0.837784375 0.622809375 0.8337421875
1 0.6532484375 0.9390890625 0.6437359375 0.86418125 0.60616328125 0.867034375 0.61472421875 0.9440828125 0.6532484375 0.9390890625
1 0.60996796875 0.97523515625 0.64635234375 0.9769 0.64516328125 0.9709546875 0.60996796875 0.97523515625
1 0.80615703125 0.9780890625 0.80425390625 0.96976640625 0.79926015625 0.96643671875 0.73933359375 0.97594921875 0.80615703125 0.9780890625
0 0.80782109375 0.95169296875 0.80258984375 0.91530859375 0.76834609375 0.91768671875 0.7726265625 0.9559734375 0.80782109375 0.95169296875
1 0.80044921875 0.89652265625 0.803303125 0.89343046875 0.79783359375 0.8694125 0.800925 0.86893671875 0.8006875 0.85776015625 0.7975953125 0.857046875 0.7947421875 0.84420546875 0.75502890625 0.8508640625 0.7628765625 0.90032734375 0.80044921875 0.89652265625
1 0.73814453125 0.739809375 0.74147421875 0.78451640625 0.77571796875 0.78570546875 0.774290625 0.7628765625 0.77096171875 0.759309375 0.761925 0.7581203125 0.76240078125 0.75003515625 0.78308984375 0.74789453125 0.78641875 0.74646796875 0.78356484375 0.70651640625 0.779284375 0.7022359375 0.73219921875 0.70366328125 0.730059375 0.72340078125 0.735290625 0.73719375 0.73814453125 0.739809375
3 0.7555046875 0.34862109375 0.73433984375 0.349096875 0.7360046875 0.35670625 0.75669296875 0.3550421875 0.7555046875 0.34862109375
2 0.64421171875 0.38738359375 0.6437359375 0.407596875 0.64991953125 0.4287609375 0.75693125 0.412828125 0.7519375 0.37549296875 0.7433765625 0.373353125 0.64421171875 0.38738359375
3 0.749559375 0.25183515625 0.74765703125 0.246840625 0.7291078125 0.24850546875 0.72768125 0.2554015625 0.74718125 0.25468828125 0.749559375 0.25183515625
2 0.6725109375 0.2675296875 0.68463828125 0.36621875 0.72482734375 0.3602734375 0.7169796875 0.2993953125 0.72007109375 0.29749296875 0.72126015625 0.2917859375 0.72768125 0.29107265625 0.725065625 0.27632890625 0.71341328125 0.27799296875 0.69272421875 0.12865234375 0.66894375 0.13150546875 0.6534859375 0.134596875 0.652296875 0.1357859375 0.65919375 0.17740234375 0.6725109375 0.2675296875
1 0.95906484375 0.24707890625 0.9683390625 0.246603125 0.97261953125 0.266340625 0.99949140625 0.26087109375 1 0.08822578125 0.9291015625 0.0989265625 0.937425 0.1757375 0.94931484375 0.1745484375 0.95906484375 0.24707890625
3 0.989028125 0.78689453125 0.97499765625 0.78784609375 0.97523515625 0.79450390625 0.98974140625 0.79188828125 0.989028125 0.78689453125
1 0.9997296875 0.79640703125 0.97190625 0.80021171875 0.9766625 0.839925 0.9997296875 0.837546875 0.9997296875 0.79640703125
1 0.9997296875 0.96215625 0.98213203125 0.964296875 0.98332109375 0.97713828125 1 0.97737578125 0.9997296875 0.96215625
1 0.9997296875 0.93361953125 0.98855234375 0.935284375 0.99164375 0.9474125 1 0.94812578125 0.9997296875 0.93361953125
1 0.99949140625 0.91863828125 0.97238203125 0.92363203125 0.97523515625 0.935284375 0.9997296875 0.9317171875 0.99949140625 0.91863828125