1 0.38888203125 0.85005 0.41395703125 0.84809375 0.4129796875 0.8412484375 0.453034375 0.83668515625 0.44717265625 0.7861578125 0.34319140625 0.79421015625 0.3471984375 0.84711640625 0.38660234375 0.84255234375 0.38888203125 0.85005
1 0.9683703125 0.66536640625 0.99921875 0.6610265625 0.99921875 0.63475 0.99423671875 0.60179375 0.9946203125 0.60100078125 0.96018203125 0.60895546875 0.9683703125 0.66536640625
3 0.979259375 0.5932859375 0.97988515625 0.589840625 0.97751953125 0.58738828125 0.9648671875 0.59015390625 0.96518046875 0.59406875 0.979259375 0.5932859375
2 0.99921875 0.22497421875 0.92047890625 0.24537734375 0.942340625 0.34054140625 0.99921875 0.325978125 0.99921875 0.22497421875
1 0.57952421875 0.2763 0.57661015625 0.24038359375 0.5194203125 0.24494140625 0.522334375 0.28049375 0.57952421875 0.2763
0 0.5181453125 0.19127890625 0.50248125 0.16228984375 0.48426796875 0.1717703125 0.4982921875 0.20112421875 0.5181453125 0.19127890625
3 0.8772953125 0.0688703125 0.87460234375 0.06897421875 0.87316796875 0.07093359375 0.87698515625 0.08141796875 0.881646875 0.07934375 0.8772953125 0.0688703125
3 0.88672265625 0.0955203125 0.8810953125 0.08352421875 0.87739921875 0.08535859375 0.882371875 0.09707578125 0.88672265625 0.0955203125
3 0.87429140625 0.1096234375 0.87843515625 0.1078609375 0.8735828125 0.09487109375 0.8703546875 0.095209375 0.869215625 0.09780234375 0.87429140625 0.1096234375
3 0.86797265625 0.088884375 0.86119921875 0.07513046875 0.85554140625 0.0778921875 0.86206796875 0.09241015625 0.86797265625 0.088884375
3 0.87190859375 0.1101421875 0.86695 0.09735859375 0.86289609375 0.10070546875 0.86735078125 0.11180078125 0.87190859375 0.1101421875
3 0.8523109375 0.096665625 0.8581125 0.0969765625 0.85873359375 0.09345078125 0.85062890625 0.07730625 0.845059375 0.07696328125 0.84495625 0.0828734375 0.8523109375 0.096665625
3 0.86049453125 0.11678203125 0.86526015625 0.11667890625 0.8661921875 0.11253046875 0.8588671875 0.097825 0.8530359375 0.09687265625 0.85272578125 0.10050234375 0.86049453125 0.11678203125
3 0.8422 0.14722265625 0.8453984375 0.1455703125 0.84023984375 0.134003125 0.8386921875 0.13358984375 0.83631875 0.13451953125 0.8422 0.14722265625
3 0.83776328125 0.14825625 0.84023984375 0.148359375 0.84147734375 0.14711953125 0.836246875 0.134128125 0.83446171875 0.1351390625 0.8337390625 0.1371015625 0.83776328125 0.14825625
3 0.83817578125 0.14691328125 0.8334296875 0.13689453125 0.83098359375 0.1376890625 0.83105703125 0.14009609375 0.83415234375 0.14887578125 0.83745390625 0.14887578125 0.83817578125 0.14691328125
3 0.830334375 0.1391671875 0.82788671875 0.14047578125 0.83116015625 0.15300703125 0.8330171875 0.152490625 0.83466796875 0.14918515625 0.830334375 0.1391671875
3 0.8276515625 0.14040625 0.82610390625 0.140509375 0.82417109375 0.141559375 0.82837421875 0.1537296875 0.83146953125 0.1537296875 0.830746875 0.1514578125 0.8276515625 0.14040625
3 0.82076484375 0.1431078125 0.82507265625 0.154453125 0.82806484375 0.1537296875 0.82414375 0.1415421875 0.82076484375 0.1431078125
3 0.827125 0.1251984375 0.83056484375 0.1374671875 0.83509296875 0.135678125 0.83151796875 0.12434609375 0.827125 0.1251984375
3 0.82408515625 0.1265390625 0.82657265625 0.13997265625 0.83086328125 0.137765625 0.82716875 0.1256578125 0.82408515625 0.1265390625
3 0.8205984375 0.12716484375 0.82371328125 0.141284375 0.82651328125 0.139734375 0.823653125 0.1256578125 0.8205984375 0.12716484375
3 0.8204953125 0.12756640625 0.81751640625 0.12822265625 0.8203765625 0.1408078125 0.82252109375 0.1422390625 0.82389140625 0.14038984375 0.8204953125 0.12756640625