2 0.1201453125 0.303771875 0.1287953125 0.30076015625 0.127103125 0.29436015625 0.15343046875 0.28846171875 0.12804296875 0.1928328125 0.000940625 0.22442734375 0 0.3254203125 0.11732421875 0.29718359375 0.1201453125 0.303771875
3 0.14546953125 0.2197015625 0.15100390625 0.23799375 0.1533015625 0.238725 0.15580703125 0.23736640625 0.15726953125 0.2349625 0.15219296875 0.216590625 0.14870703125 0.21593828125 0.1465140625 0.21698359375 0.14546953125 0.2197015625
4 0.24278359375 0.7411296875 0.26002734375 0.73688125 0.242309375 0.6696484375 0.22809296875 0.6750109375 0.24278359375 0.7411296875
3 0.28699453125 0.72996171875 0.2848734375 0.71821796875 0.27981796875 0.71708046875 0.28253984375 0.7300859375 0.28699453125 0.72996171875
1 0.2664546875 0.6134921875 0.25989609375 0.57794453125 0.26484609375 0.5768296875 0.26571171875 0.570884375 0.2587828125 0.57063671875 0.25776640625 0.56244375 0.2227765625 0.56915078125 0.2319328125 0.61918984375 0.2664546875 0.6134921875
3 0.4434125 0.57925859375 0.444646875 0.57521484375 0.440409375 0.56350625 0.43421015625 0.5626328125 0.4389234375 0.5795953125 0.4434125 0.57925859375
1 0.48381328125 0.54185 0.48134453125 0.53398671875 0.467428125 0.53724453125 0.4706828125 0.54600625 0.44748203125 0.55272890625 0.45631796875 0.587346875 0.51366484375 0.57072109375 0.50468671875 0.5364578125 0.48381328125 0.54185
1 0.56742421875 0.2738421875 0.5621859375 0.249546875 0.527503125 0.25814921875 0.532971875 0.2822359375 0.56742421875 0.2738421875
1 0.6121953125 0.614825 0.6149296875 0.62431328125 0.60453984375 0.62778046875 0.61420078125 0.66026015625 0.63753359375 0.654603125 0.639903125 0.6613546875 0.64992890625 0.658253125 0.6479234375 0.65223125 0.6636 0.6473046875 0.65709921875 0.61415625 0.63844453125 0.6188390625 0.63625703125 0.60989765625 0.6121953125 0.614825
3 0.6203421875 0.60507109375 0.6182109375 0.60053828125 0.60808828125 0.60387109375 0.61075234375 0.6092046875 0.6203421875 0.60507109375
3 0.6725546875 0.6020046875 0.67481875 0.60493828125 0.678015625 0.60253828125 0.67700078125 0.59285859375 0.67388671875 0.59013828125 0.67082265625 0.59293828125 0.6725546875 0.6020046875
3 0.65936796875 0.41267578125 0.6576140625 0.4075859375 0.6475140625 0.41147578125 0.64951171875 0.4165421875 0.65936796875 0.41267578125
1 0.67828203125 0.4517859375 0.6693578125 0.42591953125 0.65990078125 0.4297859375 0.6535078125 0.417253125 0.63642890625 0.4213765625 0.64125390625 0.436453125 0.6383234375 0.43751953125 0.64738046875 0.46311875 0.67828203125 0.4517859375
0 0.5898609375 0.56587734375 0.62059296875 0.56004140625 0.61633046875 0.54030859375 0.5855625 0.54417578125 0.5898609375 0.56587734375
1 0.74198359375 0.6121703125 0.7207703125 0.5149125 0.66792734375 0.526928125 0.691103125 0.62501484375 0.74198359375 0.6121703125
3 0.87242890625 0.35308828125 0.87031328125 0.34851484375 0.8589984375 0.35164296875 0.86058671875 0.35699140625 0.87242890625 0.35308828125
2 0.846434375 0.2976265625 0.84239140625 0.28027890625 0.76570859375 0.30128828125 0.77076328125 0.3182015625 0.78823671875 0.31473203125 0.8034 0.37621796875 0.77653984375 0.38214453125 0.78448203125 0.41365859375 0.81249765625 0.40614140625 0.8153859375 0.42001875 0.861309375 0.4096109375 0.86333046875 0.41336953125 0.87618359375 0.4085984375 0.87430625 0.40614140625 0.8998671875 0.399925 0.88786484375 0.3591328125 0.84556796875 0.37168828125 0.82390625 0.3047578125 0.846434375 0.2976265625