3 0.26498671875 0.3644875 0.2663125 0.37135390625 0.28405 0.36826484375 0.2845375 0.36290078125 0.282259375 0.3607875 0.26498671875 0.3644875
2 0.30070234375 0.34729453125 0.36400234375 0.3318515625 0.34008203125 0.23836640625 0.323809375 0.2406421875 0.315184375 0.1949765625 0.26810234375 0.20684375 0.30070234375 0.34729453125
1 0.3016 0.00011171875 0.28435078125 0.0074265625 0.28760546875 0.02482109375 0.2960671875 0.0236828125 0.2985078125 0.0350625 0.3064546875 0.034209375 0.35383515625 0.02238203125 0.35285859375 0.01994375 0.3546484375 0.01913125 0.3499296875 0 0.3016 0.00011171875
2 0.40384609375 0.10918984375 0.3966859375 0.09537265625 0.40173046875 0.094559375 0.39147890625 0.05456953125 0.34865390625 0.06518828125 0.35746953125 0.102525 0.32834140625 0.110328125 0.337128125 0.144140625 0.40400859375 0.12821015625 0.40384609375 0.10918984375
2 0.1032625 0.02981875 0.1205390625 0.08870703125 0.15471171875 0.077815625 0.1408796875 0.01896875 0.12232890625 0.02205703125 0.1032625 0.02981875
1 0.06844609375 0.8162734375 0.108503125 0.805121875 0.098653125 0.76936953125 0.0602375 0.779209375 0.06844609375 0.8162734375
3 0.1213765625 0.715346875 0.1202671875 0.7030484375 0.114721875 0.704378125 0.11626328125 0.71433046875 0.1213765625 0.715346875
1 0.15675546875 0.65873125 0.115265625 0.6641234375 0.1191578125 0.70249453125 0.132578125 0.7006109375 0.13446328125 0.70847734375 0.16573828125 0.7032703125 0.15675546875 0.65873125
0 0.22662578125 0.70659375 0.19368671875 0.715346875 0.20005234375 0.7467484375 0.2341671875 0.73949921875 0.22662578125 0.70659375
1 0.44826484375 0.9270546875 0.44069140625 0.8934796875 0.38743828125 0.903646875 0.39357265625 0.938859375 0.44826484375 0.9270546875
0 0.51216875 0.94005859375 0.50412109375 0.9067203125 0.48163671875 0.913340625 0.4882640625 0.94455078125 0.489009375 0.944890625 0.51216875 0.94005859375
3 0.31671953125 0.7367390625 0.32381015625 0.73414765625 0.31948671875 0.7224 0.31272578125 0.72460390625 0.31671953125 0.7367390625
1 0.368428125 0.70650546875 0.3651421875 0.6935484375 0.34490859375 0.69769453125 0.3428328125 0.68853828125 0.33556953125 0.6911296875 0.32744140625 0.6935484375 0.33994609375 0.75415703125 0.37551875 0.74658671875 0.3737890625 0.7319015625 0.38174453125 0.72965546875 0.37672890625 0.70529609375 0.368428125 0.70650546875
1 0.46302578125 0.68888359375 0.44261953125 0.6947578125 0.454528125 0.737825 0.511621875 0.72101796875 0.49882421875 0.67920859375 0.47893671875 0.6838734375 0.4758234375 0.67799921875 0.46146953125 0.6814546875 0.46302578125 0.68888359375
4 0.3691890625 0.68852734375 0.378528125 0.68248046875 0.35276015625 0.6429171875 0.343575 0.64838828125 0.3691890625 0.68852734375
2 0.66186328125 0.669653125 0.73330859375 0.65232421875 0.699203125 0.50928515625 0.6271703125 0.5283765625 0.66186328125 0.669653125
1 0.8230835786132813 0.5346161958007812 0.82934765625 0.5716265625 0.8798484375 0.56428828125 0.87415625 0.526496875 0.8230835786132813 0.5346161958007812
3 0.80645859375 0.5646046875 0.8132625 0.5632140625 0.810696875 0.5511515625 0.80828203125 0.54964375 0.8039046875 0.55205625 0.80645859375 0.5646046875
2 0.6611234375 0.4125078125 0.6686765625 0.4423875 0.81873359375 0.4058671875 0.7897296875 0.2851390625 0.64208984375 0.3213578125 0.64088125 0.32407421875 0.59999296875 0.3328265625 0.60422265625 0.35003046875 0.5604140625 0.36270703125 0.56826953125 0.3965109375 0.62879609375 0.38262734375 0.63393203125 0.407678125 0.65236171875 0.4022453125 0.6559875 0.414921875 0.6611234375 0.4125078125
2 0.53623671875 0.143365625 0.5531296875 0.21317890625 0.6359390625 0.18622421875 0.62143671875 0.11650390625 0.54076875 0.13763125 0.54107109375 0.14215859375 0.53623671875 0.143365625
3 0.66497421875 0.09364140625 0.6487453125 0.10853359375 0.65438125 0.11196484375 0.66931484375 0.09722265625 0.66497421875 0.09364140625
0 0.720265625 0.10344375 0.71347265625 0.07837109375 0.683090625 0.08760859375 0.6894578125 0.11168203125 0.720265625 0.10344375
0 0.77411015625 0.09081328125 0.7673171875 0.05933125 0.72768828125 0.06932265625 0.7341046875 0.0996734375 0.77411015625 0.09081328125
1 0.58309453125 0 0.589653125 0.02393828125 0.6249953125 0.0150203125 0.6219125 0.000134375 0.58309453125 0