1 0.93180390625 0.85647109375 0.9995765625 0.87546796875 1 0.839759375 0.94387421875 0.819875 0.93180390625 0.85647109375
1 0.8843015625 0.80908671875 0.8681671875 0.8589625 0.8684203125 0.8585859375 0.90526484375 0.86641328125 0.91754609375 0.81860625 0.8843015625 0.80908671875
4 0.8202375 0.86213671875 0.821553125 0.85943203125 0.82472890625 0.8600671875 0.828540625 0.8429328125 0.8262109375 0.84335546875 0.83108125 0.8224140625 0.819646875 0.81881796875 0.8122359375 0.84779765625 0.8105421875 0.84779765625 0.80842421875 0.85689375 0.8105421875 0.8573171875 0.81033046875 0.8607015625 0.8202375 0.86213671875
0 0.78595703125 0.846265625 0.79458984375 0.813740625 0.7463109375 0.80168359375 0.7384765625 0.8346828125 0.78595703125 0.846265625
1 0.739296875 0.884990625 0.74518125 0.8634515625 0.7223125 0.85710546875 0.7360765625 0.80760625 0.73480546875 0.80506796875 0.74009921875 0.7870875 0.7483578125 0.79110625 0.7528046875 0.772703125 0.6937265625 0.7593765625 0.68504453125 0.79343359375 0.67763359375 0.79195234375 0.65772890625 0.8640859375 0.739296875 0.884990625
1 0.6534453125 0.98882109375 0.648834375 0.99989453125 0.690925 0.999609375 0.6534453125 0.98882109375
1 0.93494375 0.6683796875 0.946121875 0.6189234375 0.91261484375 0.61270703125 0.90016953125 0.66028671875 0.93494375 0.6683796875
1 0.42235546875 0.99905234375 0.43743359375 0.93688828125 0.3969859375 0.92684609375 0.37879609375 1 0.42235546875 0.99905234375
1 0.22593984375 0.88333125 0.21131015625 0.94176015625 0.24269296875 0.95051640625 0.25848984375 0.89456796875 0.2446078125 0.8854828125 0.22593984375 0.88333125
0 0.06558359375 0.990684375 0.0982984375 0.999521875 0.10268125 0.9792078125 0.06989140625 0.9703609375 0.06558359375 0.990684375
1 0.1058328125 0.9137765625 0.123503125 0.84268515625 0.0919109375 0.83431640625 0.07372109375 0.90580546875 0.1058328125 0.9137765625
1 0.60183359375 0.670846875 0.58244765625 0.66152265625 0.56593359375 0.658175 0.542 0.7306203125 0.5779 0.7406625 0.60183359375 0.670846875
3 0.54410703125 0.67159375 0.5466234375 0.6614 0.5402375 0.65930546875 0.5378875 0.67021328125 0.54410703125 0.67159375
1 0.29689765625 0.70400859375 0.29037890625 0.732415625 0.30561640625 0.73633203125 0.30348515625 0.7413640625 0.31452890625 0.74504140625 0.31607890625 0.740009375 0.32363515625 0.7411703125 0.32518515625 0.73439609375 0.34204140625 0.7380734375 0.34727265625 0.71581484375 0.29689765625 0.70400859375
3 0.3304578125 0.69814453125 0.31801640625 0.69452421875 0.31607890625 0.6985890625 0.32053515625 0.7014921875 0.33080390625 0.70400859375 0.3304578125 0.69814453125
3 0.412853125 0.60663125 0.4159953125 0.603275 0.41305078125 0.60003984375 0.4006828125 0.59856875 0.39950546875 0.60253984375 0.412853125 0.60663125
4 0.3872515625 0.5993484375 0.4081921875 0.5206140625 0.3998 0.51664296875 0.3902296875 0.51561328125 0.3865484375 0.5282625 0.37550625 0.52458515625 0.3696171875 0.54517734375 0.38095390625 0.5494421875 0.3697640625 0.59356796875 0.3872515625 0.5993484375
1 0.02242734375 0.5315921875 0.0010453125 0.52679453125 0.00078125 0.5800390625 0.01179296875 0.58356953125 0.02242734375 0.5315921875
4 0.15286328125 0.6876296875 0.1763828125 0.59755625 0.15783125 0.5918203125 0.13324296875 0.6841890625 0.15286328125 0.6876296875
3 0.1837625 0.6388546875 0.1871796875 0.62873828125 0.18173203125 0.62667890625 0.17893515625 0.63859296875 0.1837625 0.6388546875
1 0.1232890625 0.427640625 0.10559921875 0.4206234375 0.088078125 0.4184171875 0.0732078125 0.50093125 0.10692421875 0.50696171875 0.1232890625 0.427640625
1 0.06105078125 0.1574984375 0.0670578125 0.1190609375 0.024065625 0.10950078125 0.02377109375 0.14921328125 0.06105078125 0.1574984375
3 0.6117078125 0.27491328125 0.60849375 0.272896875 0.60569609375 0.2736328125 0.60304609375 0.28319296875 0.6074625 0.285546875 0.6117078125 0.27491328125
1 0.69579609375 0.26961640625 0.63578046875 0.261571875 0.6262109375 0.32908359375 0.658896875 0.3339375 0.66125234375 0.31952265625 0.66566953125 0.3199640625 0.66935 0.29966640625 0.69143515625 0.30304921875 0.69579609375 0.26961640625
1 0.69910625 0.15705703125 0.66587890625 0.14857734375 0.65498359375 0.1922609375 0.6895828125 0.20049765625 0.69910625 0.15705703125
1 0.474209375 0.21157109375 0.48360234375 0.17534609375 0.4338375 0.16299140625 0.42485625 0.19902734375 0.47462109375 0.2118234375 0.474209375 0.21157109375
3 0.41531875 0.19330859375 0.41800078125 0.1811046875 0.41133046875 0.1800171875 0.4082 0.19184765625 0.41531875 0.19330859375
3 0.2812390625 0.14384453125 0.27484140625 0.1428921875 0.27334375 0.1547234375 0.27933359375 0.155946875 0.2812390625 0.14384453125
1 0.25519765625 0.12805078125 0.19407734375 0.11526796875 0.1831875 0.147496875 0.24948046875 0.16136796875 0.25519765625 0.12805078125
0 0.1698421875 0.133725 0.1753375 0.1015328125 0.144709375 0.09446171875 0.13885546875 0.12859453125 0.1698421875 0.133725
0 0.52367109375 0.00374296875 0.51133984375 0.00078125 0.508209375 0.00126875 0.50793671875 0.003853125 0.52154921875 0.0087484375 0.52367109375 0.00374296875
1 0.722653125 0.03227421875 0.74955859375 0.01700625 0.74211953125 0.00078125 0.6931140625 0.0008609375 0.7068625 0.02248359375 0.714621875 0.01989921875 0.722653125 0.03227421875