1 0.26398984375 0.789409375 0.3002375 0.8142421875 0.32492578125 0.7789796875 0.294215625 0.755471875 0.26398984375 0.789409375
3 0.2882953125 0.81994375 0.2784171875 0.8141046875 0.2754796875 0.8188859375 0.28486015625 0.8247046875 0.2882953125 0.81994375
3 0.34031953125 0.4903359375 0.33662109375 0.48774453125 0.32501953125 0.490396875 0.328484375 0.49681484375 0.34031953125 0.4934828125 0.34031953125 0.4903359375
1 0.35141484375 0.5057 0.3094375 0.515140625 0.32182734375 0.55567890625 0.360290625 0.54679375 0.35141484375 0.5057
1 0.42031953125 0.28567578125 0.3877734375 0.26087109375 0.36243984375 0.29567109375 0.39313671875 0.320290625 0.42031953125 0.28567578125
3 0.40423125 0.3325078125 0.40049375 0.3194703125 0.3960953125 0.3206609375 0.40016328125 0.33306328125 0.40423125 0.3325078125
3 0.3781578125 0.32880546875 0.36580859375 0.32085703125 0.3644734375 0.32602890625 0.3761234375 0.332878125 0.3781578125 0.32880546875
1 0.4153265625 0 0.4136625 0.03417421875 0.4534203125 0.035840625 0.45471484375 0 0.4153265625 0
1 0.69567265625 0.18984296875 0.68463125 0.1518734375 0.645559375 0.16503828125 0.6577640625 0.2037265625 0.69567265625 0.18984296875
3 0.6599359375 0.21513828125 0.67181796875 0.211315625 0.67089296875 0.20798359375 0.6577640625 0.21150078125 0.6599359375 0.21513828125
1 0.64907265625 0.4267203125 0.6376078125 0.414503125 0.61720390625 0.40354609375 0.58860390625 0.43671640625 0.62336875 0.46041015625 0.64907265625 0.4267203125
3 0.63261484375 0.403396875 0.6235859375 0.395221875 0.61837578125 0.399509375 0.62891640625 0.407284375 0.63261484375 0.403396875
1 0.5941515625 0.6369421875 0.55504921875 0.6316328125 0.546071875 0.6732234375 0.58804921875 0.6798875 0.5941515625 0.6369421875
3 0.54736640625 0.680628125 0.54478203125 0.6840765625 0.54625703125 0.6865515625 0.55679765625 0.68840234375 0.5571671875 0.683775 0.54736640625 0.680628125