1 0.92579453125 1 0.92630703125 0.9907625 0.843940625 0.9897359375 0.84342734375 1 0.92579453125 1
4 0.85138203125 0.97357109375 0.92245859375 0.9686953125 0.922971875 0.95278671875 0.8498421875 0.95766171875 0.85138203125 0.97357109375
4 0.83239375 0.89710546875 0.90167421875 0.88684140625 0.90039140625 0.87016328125 0.82982734375 0.881196875 0.83239375 0.89710546875
1 1 0.890690625 0.9986671875 0.8886375 0.99456171875 0.890690625 0.9894296875 0.89274296875 0.9907125 0.9173765625 1 0.9173765625 1 0.890690625
1 0.99981796875 0.64890859375 0.95888984375 0.65670390625 0.9613953125 0.68092734375 1 0.67535859375 0.99981796875 0.64890859375
0 0.78264765625 0.77280703125 0.7862671875 0.798421875 0.80269375 0.7945234375 0.799353125 0.77030078125 0.78264765625 0.77280703125
1 0.72751953125 0.65224921875 0.76789140625 0.650021875 0.7676125 0.61995234375 0.7277984375 0.62385 0.72751953125 0.65224921875
1 0.83370390625 0.99943671875 0.8317328125 0.98366953125 0.8204703125 0.9847953125 0.8201890625 0.98845625 0.81652890625 0.98845625 0.8173734375 1 0.83370390625 0.99943671875
1 0.79625625 0.97972734375 0.79822734375 0.99971875 0.810053125 0.99971875 0.8072375 0.97972734375 0.79625625 0.97972734375
4 0.76415859375 0.96367890625 0.76753671875 0.9788828125 0.770915625 0.9788828125 0.773367865234375 0.9900524487304687 0.78499375 0.98901875 0.782459375 0.97071796875 0.7889359375 0.96987265625 0.7866828125 0.9563578125 0.76725546875 0.96058125 0.76753671875 0.96367890625 0.76415859375 0.96367890625
4 0.87030703125 0.93805625 0.89874453125 0.93580390625 0.89818125 0.92566796875 0.870025 0.92848359375 0.87030703125 0.93805625
4 0.8120234375 0.82993671875 0.8114609375 0.81980078125 0.787528125 0.822334375 0.7861203125 0.81839296875 0.7692265625 0.81980078125 0.7695078125 0.82289765625 0.7697890625 0.83416015625 0.8120234375 0.82993671875
0 0.84186953125 0.85133515625 0.87509375 0.8488015625 0.877909375 0.8406359375 0.87762734375 0.83275234375 0.8736859375 0.8290921875 0.8398984375 0.83106328125 0.84186953125 0.85133515625
4 0.8883265625 0.7913625 0.88691875 0.7795375 0.88100625 0.7795375 0.8798796875 0.77334296875 0.86749140625 0.77503203125 0.8683359375 0.7837609375 0.8469375 0.78629453125 0.84918984375 0.7955859375 0.8883265625 0.7913625
4 0.97786328125 0.4577125 0.97617421875 0.44616796875 0.94295 0.45179921875 0.94351328125 0.46334375 0.97786328125 0.4577125
1 0.70108828125 0.13532421875 0.76443984375 0.1305375 0.7621875 0.0919640625 0.697428125 0.09646875 0.70108828125 0.13532421875
1 0.83820859375 0.1009734375 0.89226875 0.099284375 0.8908609375 0.0753515625 0.87453046875 0.07591484375 0.872278125 0.06014765625 0.85313203125 0.0612734375 0.8542578125 0.08013828125 0.83792734375 0.0807015625 0.83820859375 0.1009734375