3 0.89191640625 0.04407109375 0.89112578125 0.02732734375 0.8845421875 0.02826640625 0.88322578125 0.0431109375 0.89191640625 0.04407109375
3 0.89319453125 0.21485703125 0.906578125 0.21521875 0.9089953125 0.2079046875 0.89263046875 0.20921953125 0.89319453125 0.21485703125
1 0.8755625 0.0781875 0.8723171875 0.0008203125 0.85576484375 0.0010078125 0.8595265625 0.0776734375 0.8755625 0.0781875
3 0.81043046875 0.2157828125 0.8062328125 0.20207109375 0.79965 0.20282265625 0.79946171875 0.20939921875 0.8036 0.2174796875 0.81043046875 0.2157828125
1 0.7588328125 0.0561953125 0.7530640625 0.00063671875 0.71582109375 0.0010125 0.72597890625 0.06151796875 0.7588328125 0.0561953125
1 0.67339921875 0.22536953125 0.67243359375 0.17801953125 0.65588125 0.1757640625 0.65569296875 0.169 0.64215 0.16862421875 0.6415859375 0.1755765625 0.63782421875 0.17895859375 0.63932890625 0.22725078125 0.67339921875 0.22536953125
1 0.365271875 0.179146875 0.3688453125 0.15152421875 0.37693359375 0.1509609375 0.37787421875 0.13912265625 0.3697859375 0.138559375 0.3697859375 0.1205203125 0.35022421875 0.11601015625 0.33009765625 0.1190171875 0.32953359375 0.1768921875 0.365271875 0.179146875
3 0.38521015625 0.1494578125 0.37731015625 0.14908203125 0.3756171875 0.1612953125 0.38386796875 0.16357265625 0.38521015625 0.1494578125
1 0.0962328125 0.243696875 0.04005859375 0.2379265625 0.034415625 0.25352265625 0.034415625 0.2756953125 0.0925375 0.28246015625 0.0962328125 0.243696875
3 0.32320859375 0.2631515625 0.308284375 0.26385703125 0.30847265625 0.26930703125 0.32408515625 0.2696828125 0.32320859375 0.2631515625
1 0.36352890625 0.3178515625 0.3643375 0.279265625 0.30696796875 0.276446875 0.30640390625 0.29561328125 0.30640390625 0.314028125 0.36352890625 0.3178515625
1 0.76893359375 0.2683671875 0.80168984375 0.2617421875 0.7894359375 0.1932046875 0.77043828125 0.19339296875 0.75332109375 0.19978203125 0.76893359375 0.2683671875
0 0.75121953125 0.26738125 0.73106328125 0.267803125 0.71375859375 0.2713734375 0.72466796875 0.3221078125 0.75871328125 0.3175984375 0.75121953125 0.26738125
1 0.92631484375 0.21803828125 0.88762265625 0.2178203125 0.887434375 0.29692890625 0.9263703125 0.2973046875 0.92631484375 0.21803828125
1 0.7227421875 0.5073265625 0.71197890625 0.4371640625 0.6788734375 0.4399828125 0.6826359375 0.46140390625 0.69034765625 0.4602765625 0.6926046875 0.47305390625 0.6837640625 0.47512109375 0.6911 0.51570859375 0.7227421875 0.5073265625
0 0.33984453125 0.5969890625 0.343371875 0.558128125 0.327571875 0.5509875 0.30819765625 0.552303125 0.305 0.59439375 0.33984453125 0.5969890625
1 0.4187921875 0.69933984375 0.4123625 0.6476796875 0.391671875 0.64504921875 0.37361484375 0.64937109375 0.38019765625 0.704803125 0.4187921875 0.69933984375
3 0.42217578125 0.7179484375 0.42157890625 0.710628125 0.40634375 0.71175546875 0.407471875 0.719459375 0.42217578125 0.7179484375
1 0.93110859375 0.59727109375 0.93182265625 0.52326328125 0.8934515625 0.52307578125 0.89081796875 0.59974140625 0.93110859375 0.59727109375
1 0.91926640625 0.79294921875 0.9183765625 0.73735625 0.90031953125 0.7349140625 0.883203125 0.7366046875 0.88433125 0.7944796875 0.91926640625 0.79294921875
0 0.90671484375 0.85423359375 0.9059625 0.8262359375 0.87116484375 0.82886640625 0.87229375 0.855925 0.90671484375 0.85423359375
4 0.75573125 0.746990625 0.75476796875 0.67967265625 0.7436703125 0.67647890625 0.7335125 0.67760625 0.7357703125 0.74825859375 0.75573125 0.746990625
1 0.3553515625 0.84454765625 0.356190625 0.80613359375 0.2610140625 0.79918125 0.2598859375 0.842775 0.3553515625 0.84454765625
3 0.253565625 0.78928359375 0.25342890625 0.7825453125 0.2370640625 0.7812296875 0.2368765625 0.78893359375 0.25305234375 0.7900609375 0.253565625 0.78928359375
1 0 0.87081171875 0.04693671875 0.87682421875 0.0550671875 0.81606953125 0 0.80805078125 0 0.87081171875
1 0.510428125 0.89699140625 0.5146078125 0.84920234375 0.49767890625 0.84225 0.48187890625 0.8445046875 0.46513828125 0.84488046875 0.4647625 0.8661140625 0.47642421875 0.8661140625 0.475671875 0.89392421875 0.510428125 0.89699140625
3 0.81578828125 0.90573203125 0.81593828125 0.90068828125 0.80446484375 0.89843359375 0.8042765625 0.90576171875 0.81578828125 0.90573203125
1 0.71392734375 0.858221875 0.7083625 0.896709375 0.77825625 0.9036953125 0.78201875 0.8704359375 0.71392734375 0.858221875