3 0.11677421875 0.0431109375 0.1154578125 0.02826640625 0.10887421875 0.02732734375 0.10808359375 0.04407109375 0.11677421875 0.0431109375
3 0.10736953125 0.20921953125 0.0910046875 0.2079046875 0.093421875 0.21521875 0.10680546875 0.21485703125 0.10736953125 0.20921953125
1 0.1404734375 0.0776734375 0.14423515625 0.0010078125 0.1276828125 0.0008203125 0.1244375 0.0781875 0.1404734375 0.0776734375
3 0.18956953125 0.2157828125 0.1964 0.2174796875 0.20053828125 0.20939921875 0.20035 0.20282265625 0.1937671875 0.20207109375 0.18956953125 0.2157828125
1 0.27402109375 0.06151796875 0.28417890625 0.0010125 0.2469359375 0.00063671875 0.2411671875 0.0561953125 0.27402109375 0.06151796875
1 0.34430703125 0.169 0.34411875 0.1757640625 0.32756640625 0.17801953125 0.32660078125 0.22536953125 0.36067109375 0.22725078125 0.36217578125 0.17895859375 0.3584140625 0.1755765625 0.35785 0.16862421875 0.34430703125 0.169
1 0.6302140625 0.138559375 0.62212578125 0.13912265625 0.62306640625 0.1509609375 0.6311546875 0.15152421875 0.634728125 0.179146875 0.67046640625 0.1768921875 0.66990234375 0.1190171875 0.64977578125 0.11601015625 0.6302140625 0.1205203125 0.6302140625 0.138559375
3 0.61613203125 0.16357265625 0.6243828125 0.1612953125 0.62268984375 0.14908203125 0.61478984375 0.1494578125 0.61613203125 0.16357265625
1 0.9037671875 0.243696875 0.9074625 0.28246015625 0.965584375 0.2756953125 0.965584375 0.25352265625 0.95994140625 0.2379265625 0.9037671875 0.243696875
3 0.67591484375 0.2696828125 0.69152734375 0.26930703125 0.691715625 0.26385703125 0.67679140625 0.2631515625 0.67591484375 0.2696828125
1 0.63647109375 0.3178515625 0.69359609375 0.314028125 0.69359609375 0.29561328125 0.69303203125 0.276446875 0.6356625 0.279265625 0.63647109375 0.3178515625
1 0.23106640625 0.2683671875 0.24667890625 0.19978203125 0.22956171875 0.19339296875 0.2105640625 0.1932046875 0.19831015625 0.2617421875 0.23106640625 0.2683671875
0 0.24878046875 0.26738125 0.24128671875 0.3175984375 0.27533203125 0.3221078125 0.28624140625 0.2713734375 0.26893671875 0.267803125 0.24878046875 0.26738125
1 0.0736296875 0.2973046875 0.112565625 0.29692890625 0.11237734375 0.2178203125 0.07368515625 0.21803828125 0.0736296875 0.2973046875
1 0.3173640625 0.46140390625 0.3211265625 0.4399828125 0.28802109375 0.4371640625 0.2772578125 0.5073265625 0.3089 0.51570859375 0.3162359375 0.47512109375 0.3073953125 0.47305390625 0.30965234375 0.4602765625 0.3173640625 0.46140390625
0 0.66015546875 0.5969890625 0.695 0.59439375 0.69180234375 0.552303125 0.672428125 0.5509875 0.656628125 0.558128125 0.66015546875 0.5969890625
1 0.5812078125 0.69933984375 0.61980234375 0.704803125 0.62638515625 0.64937109375 0.608328125 0.64504921875 0.5876375 0.6476796875 0.5812078125 0.69933984375
3 0.592528125 0.719459375 0.59365625 0.71175546875 0.57842109375 0.710628125 0.57782421875 0.7179484375 0.592528125 0.719459375
1 0.10918203125 0.59974140625 0.1065484375 0.52307578125 0.06817734375 0.52326328125 0.06889140625 0.59727109375 0.10918203125 0.59974140625
1 0.08073359375 0.79294921875 0.11566875 0.7944796875 0.116796875 0.7366046875 0.09968046875 0.7349140625 0.0816234375 0.73735625 0.08073359375 0.79294921875
0 0.12770625 0.855925 0.12883515625 0.82886640625 0.0940375 0.8262359375 0.09328515625 0.85423359375 0.12770625 0.855925
4 0.24426875 0.746990625 0.2642296875 0.74825859375 0.2664875 0.67760625 0.2563296875 0.67647890625 0.24523203125 0.67967265625 0.24426875 0.746990625
1 0.7401140625 0.842775 0.7389859375 0.79918125 0.643809375 0.80613359375 0.6446484375 0.84454765625 0.7401140625 0.842775
3 0.746434375 0.78928359375 0.74694765625 0.7900609375 0.7631234375 0.78893359375 0.7629359375 0.7812296875 0.74657109375 0.7825453125 0.746434375 0.78928359375
1 1 0.80805078125 0.9449328125 0.81606953125 0.95306328125 0.87682421875 1 0.87081171875 1 0.80805078125
1 0.51812109375 0.8445046875 0.50232109375 0.84225 0.4853921875 0.84920234375 0.489571875 0.89699140625 0.524328125 0.89392421875 0.52357578125 0.8661140625 0.5352375 0.8661140625 0.53486171875 0.84488046875 0.51812109375 0.8445046875
3 0.1957234375 0.90576171875 0.19553515625 0.89843359375 0.18406171875 0.90068828125 0.18421171875 0.90573203125 0.1957234375 0.90576171875
1 0.21798125 0.8704359375 0.22174375 0.9036953125 0.2916375 0.896709375 0.28607265625 0.858221875 0.21798125 0.8704359375