3 0.97267265625 0.10887421875 0.95592890625 0.10808359375 0.9568890625 0.11677421875 0.97173359375 0.1154578125 0.97267265625 0.10887421875
3 0.78478125 0.093421875 0.78514296875 0.10680546875 0.79078046875 0.10736953125 0.7920953125 0.0910046875 0.78478125 0.093421875
1 0.9991796875 0.1276828125 0.9218125 0.1244375 0.9223265625 0.1404734375 0.9989921875 0.14423515625 0.9991796875 0.1276828125
3 0.79717734375 0.20035 0.79792890625 0.1937671875 0.7842171875 0.18956953125 0.7825203125 0.1964 0.79060078125 0.20053828125 0.79717734375 0.20035
1 0.99936328125 0.2469359375 0.9438046875 0.2411671875 0.93848203125 0.27402109375 0.9989875 0.28417890625 0.99936328125 0.2469359375
1 0.8244234375 0.3584140625 0.83137578125 0.35785 0.831 0.34430703125 0.8242359375 0.34411875 0.82198046875 0.32756640625 0.77463046875 0.32660078125 0.77274921875 0.36067109375 0.82104140625 0.36217578125 0.8244234375 0.3584140625
1 0.88398984375 0.64977578125 0.8794796875 0.6302140625 0.861440625 0.6302140625 0.86087734375 0.62212578125 0.8490390625 0.62306640625 0.84847578125 0.6311546875 0.820853125 0.634728125 0.8231078125 0.67046640625 0.8809828125 0.66990234375 0.88398984375 0.64977578125
3 0.85091796875 0.62268984375 0.8505421875 0.61478984375 0.83642734375 0.61613203125 0.8387046875 0.6243828125 0.85091796875 0.62268984375
1 0.74647734375 0.965584375 0.7620734375 0.95994140625 0.756303125 0.9037671875 0.71753984375 0.9074625 0.7243046875 0.965584375 0.74647734375 0.965584375
3 0.73614296875 0.691715625 0.7368484375 0.67679140625 0.7303171875 0.67591484375 0.73069296875 0.69152734375 0.73614296875 0.691715625
1 0.723553125 0.69303203125 0.720734375 0.6356625 0.6821484375 0.63647109375 0.685971875 0.69359609375 0.70438671875 0.69359609375 0.723553125 0.69303203125
1 0.8067953125 0.2105640625 0.7382578125 0.19831015625 0.7316328125 0.23106640625 0.80021796875 0.24667890625 0.80660703125 0.22956171875 0.8067953125 0.2105640625
0 0.7286265625 0.28624140625 0.732196875 0.26893671875 0.73261875 0.24878046875 0.6824015625 0.24128671875 0.6778921875 0.27533203125 0.7286265625 0.28624140625
1 0.7821796875 0.11237734375 0.78196171875 0.07368515625 0.7026953125 0.0736296875 0.70307109375 0.112565625 0.7821796875 0.11237734375
1 0.52694609375 0.3073953125 0.5397234375 0.30965234375 0.53859609375 0.3173640625 0.5600171875 0.3211265625 0.5628359375 0.28802109375 0.4926734375 0.2772578125 0.48429140625 0.3089 0.52487890625 0.3162359375 0.52694609375 0.3073953125
0 0.4490125 0.672428125 0.441871875 0.656628125 0.4030109375 0.66015546875 0.40560625 0.695 0.447696875 0.69180234375 0.4490125 0.672428125
1 0.35495078125 0.608328125 0.3523203125 0.5876375 0.30066015625 0.5812078125 0.295196875 0.61980234375 0.35062890625 0.62638515625 0.35495078125 0.608328125
3 0.289371875 0.57842109375 0.2820515625 0.57782421875 0.280540625 0.592528125 0.28824453125 0.59365625 0.289371875 0.57842109375
1 0.47673671875 0.06817734375 0.40272890625 0.06889140625 0.40025859375 0.10918203125 0.47692421875 0.1065484375 0.47673671875 0.06817734375
1 0.2650859375 0.09968046875 0.26264375 0.0816234375 0.20705078125 0.08073359375 0.2055203125 0.11566875 0.2633953125 0.116796875 0.2650859375 0.09968046875
0 0.1737640625 0.0940375 0.14576640625 0.09328515625 0.144075 0.12770625 0.17113359375 0.12883515625 0.1737640625 0.0940375
4 0.32352109375 0.2563296875 0.32032734375 0.24523203125 0.253009375 0.24426875 0.25174140625 0.2642296875 0.32239375 0.2664875 0.32352109375 0.2563296875
1 0.19386640625 0.643809375 0.15545234375 0.6446484375 0.157225 0.7401140625 0.20081875 0.7389859375 0.19386640625 0.643809375
3 0.2187703125 0.7629359375 0.2174546875 0.74657109375 0.21071640625 0.746434375 0.2099390625 0.74694765625 0.21106640625 0.7631234375 0.2187703125 0.7629359375
1 0.19194921875 1 0.18393046875 0.9449328125 0.12317578125 0.95306328125 0.12918828125 1 0.19194921875 1
1 0.1338859375 0.5352375 0.15511953125 0.53486171875 0.1554953125 0.51812109375 0.15775 0.50232109375 0.15079765625 0.4853921875 0.10300859375 0.489571875 0.10607578125 0.524328125 0.1338859375 0.52357578125 0.1338859375 0.5352375
3 0.09931171875 0.18406171875 0.09426796875 0.18421171875 0.09423828125 0.1957234375 0.10156640625 0.19553515625 0.09931171875 0.18406171875
1 0.103290625 0.2916375 0.141778125 0.28607265625 0.1295640625 0.21798125 0.0963046875 0.22174375 0.103290625 0.2916375