0 0.24450546875 0.8952015625 0.245803125 0.86202578125 0.20434921875 0.86248359375 0.20473046875 0.89654765625 0.24450546875 0.8952015625
1 0.13380859375 0.86522890625 0.1709109375 0.865 0.1757203125 0.8080296875 0.15648203125 0.8036828125 0.13655703125 0.80665703125 0.13380859375 0.86522890625
3 0.48157421875 0.62183046875 0.47996484375 0.6086484375 0.4730453125 0.60945234375 0.4738140625 0.6217046875 0.48157421875 0.62183046875
3 0.4730453125 0.6367796875 0.4733671875 0.62954609375 0.45003515625 0.63115390625 0.449934375 0.637865625 0.4730453125 0.6367796875
3 0.44906953125 0.631475 0.4725625 0.62954609375 0.4724015625 0.62295546875 0.4492109375 0.6243578125 0.44906953125 0.631475
3 0.3658890625 0.4734890625 0.3646015625 0.45050234375 0.35703828125 0.45066328125 0.358275 0.47311953125 0.3658890625 0.4734890625
0 0.35108515625 0.55306015625 0.35269375 0.4935828125 0.2253046875 0.49310078125 0.22488671875 0.55175390625 0.35108515625 0.55306015625
2 0.4098421875 0.425425 0.41777578125 0.49265390625 0.40546484375 0.494840625 0.4103890625 0.5380203125 0.42215234375 0.5352875 0.42516171875 0.56589609375 0.439934375 0.56480234375 0.44157578125 0.589125 0.4826109375 0.58611953125 0.48425234375 0.60415625 0.512703125 0.6014234375 0.51735390625 0.59732421875 0.51926875 0.5809265625 0.5058640625 0.44373515625 0.50093984375 0.439909375 0.4965625 0.39208359375 0.499025 0.38853046875 0.49428125 0.33840703125 0.4391140625 0.3442578125 0.443490625 0.39044375 0.42187890625 0.39454296875 0.4229734375 0.42378515625 0.4098421875 0.425425
3 0.4521828125 0.313415625 0.47459921875 0.310178125 0.47351875 0.30289296875 0.45127578125 0.30581328125 0.4521828125 0.313415625
3 0.47608515625 0.319890625 0.475275 0.31166171875 0.45204765625 0.31395546875 0.4522875 0.3218046875 0.47608515625 0.319890625
3 0.92921015625 0.3203265625 0.92655078125 0.30438515625 0.91877578125 0.305815625 0.9214359375 0.31991796875 0.92921015625 0.3203265625
2 0.97715234375 0.27924609375 0.9669234375 0.17644140625 0.93439296875 0.1786890625 0.9035 0.18338984375 0.91708203125 0.2865546875 0.97715234375 0.27924609375
2 0.8127296875 0.307859375 0.81833046875 0.360771875 0.90111328125 0.35261953125 0.911546875 0.3466921875 0.9060234375 0.29457421875 0.833803125 0.3025453125 0.8127296875 0.307859375
0 0.33366171875 0.432065625 0.33509375 0.37933515625 0.243846875 0.38035703125 0.2436078125 0.431615625 0.33366171875 0.432065625
1 0.21036171875 0.31536328125 0.18335625 0.32047265625 0.1834984375 0.41413515625 0.18396953125 0.41387578125 0.18437890625 0.41367109375 0.23675390625 0.41714609375 0.23941328125 0.31965546875 0.21036171875 0.31536328125