0 0.10345234375 0.79526953125 0.13751640625 0.79565078125 0.13797421875 0.754196875 0.1047984375 0.75549453125 0.10345234375 0.79526953125
1 0.13477109375 0.86619140625 0.19334296875 0.86344296875 0.1963171875 0.84351796875 0.1919703125 0.8242796875 0.135 0.8290890625 0.13477109375 0.86619140625
3 0.3782953125 0.5261859375 0.39054765625 0.5269546875 0.3913515625 0.52003515625 0.37816953125 0.51842578125 0.3782953125 0.5261859375
3 0.362134375 0.550065625 0.36884609375 0.54996484375 0.37045390625 0.5266328125 0.3632203125 0.5269546875 0.362134375 0.550065625
3 0.3756421875 0.5507890625 0.37704453125 0.5275984375 0.37045390625 0.5274375 0.368525 0.55093046875 0.3756421875 0.5507890625
3 0.52688046875 0.641725 0.54933671875 0.64296171875 0.54949765625 0.6353984375 0.5265109375 0.6341109375 0.52688046875 0.641725
0 0.44824609375 0.77511328125 0.50689921875 0.7746953125 0.5064171875 0.64730625 0.44693984375 0.64891484375 0.44824609375 0.77511328125
2 0.66159296875 0.50571875 0.61146953125 0.500975 0.60791640625 0.5034375 0.560090625 0.49906015625 0.55626484375 0.4941359375 0.4190734375 0.48073125 0.40267578125 0.48264609375 0.3985765625 0.487296875 0.39584375 0.51574765625 0.41388046875 0.5173890625 0.410875 0.55842421875 0.43519765625 0.560065625 0.43410390625 0.57483828125 0.4647125 0.57784765625 0.4619796875 0.5896109375 0.505159375 0.59453515625 0.50734609375 0.58222421875 0.574575 0.5901578125 0.57621484375 0.5770265625 0.60545703125 0.57812109375 0.60955625 0.556509375 0.6557421875 0.5608859375 0.66159296875 0.50571875
3 0.69418671875 0.54872421875 0.69710703125 0.52648125 0.689821875 0.52540078125 0.686584375 0.5478171875 0.69418671875 0.54872421875
3 0.6781953125 0.5477125 0.68604453125 0.54795234375 0.68833828125 0.524725 0.680109375 0.52391484375 0.6781953125 0.5477125
3 0.68008203125 0.0785640625 0.694184375 0.08122421875 0.69561484375 0.07344921875 0.6796734375 0.07078984375 0.68008203125 0.0785640625
2 0.72075390625 0.02284765625 0.7134453125 0.08291796875 0.81661015625 0.0965 0.8213109375 0.06560703125 0.82355859375 0.0330765625 0.72075390625 0.02284765625
2 0.639228125 0.18166953125 0.692140625 0.1872703125 0.6974546875 0.166196875 0.70542578125 0.0939765625 0.6533078125 0.088453125 0.64738046875 0.09888671875 0.639228125 0.18166953125
0 0.568384375 0.7563921875 0.61964296875 0.756153125 0.62066484375 0.66490625 0.567934375 0.66633828125 0.568384375 0.7563921875
1 0.58586484375 0.8165015625 0.67952734375 0.81664375 0.68463671875 0.78963828125 0.68034453125 0.76058671875 0.58285390625 0.76324609375 0.58632890625 0.81562109375 0.58612421875 0.81603046875 0.58586484375 0.8165015625