1 0.83753359375 0 0.81556796875 0.0004703125 0.82109765625 0.04067265625 0.82095546875 0.0408375 0.86219296875 0.03297109375 0.85908515625 0.00295390625 0.83794765625 0.0073015625 0.83753359375 0
0 0.781928125 0.14186015625 0.77736953125 0.10521875 0.7423484375 0.1072890625 0.7477890625 0.145665625 0.781928125 0.14186015625
3 0.7056703125 0.10418359375 0.71913984375 0.1017 0.718725 0.09445390625 0.7046109375 0.096275 0.7056703125 0.10418359375
1 0.70359765625 0.18367734375 0.74483515625 0.1793296875 0.7506375 0.17311953125 0.7496015625 0.15883515625 0.74525 0.16007734375 0.74317734375 0.14475859375 0.74214140625 0.12405703125 0.73820390625 0.10998046875 0.6990390625 0.11370625 0.70090390625 0.13461484375 0.69696640625 0.136478125 0.69924609375 0.14745 0.700696875 0.1691859375 0.70359765625 0.18367734375
1 0.47246015625 0.19000546875 0.46144140625 0.1923984375 0.46455546875 0.21848046875 0.475334375 0.217284375 0.48197578125 0.2688375 0.512940625 0.26370625 0.51389921875 0.25652734375 0.4992875 0.11989453125 0.48443671875 0.11845859375 0.467190625 0.12707265625 0.47246015625 0.19000546875
1 0.3690625 0.129465625 0.35445078125 0.13161953125 0.35415078125 0.1363453125 0.35852265625 0.19144140625 0.36235546875 0.19981640625 0.40595 0.19646640625 0.4002015625 0.14214765625 0.37265546875 0.1459765625 0.3690625 0.129465625
3 0.39109921875 0.207234375 0.390140625 0.1993375 0.37600859375 0.2026875 0.3764125 0.208875 0.39109921875 0.207234375
1 0.32969921875 0.24815234375 0.29275234375 0.2526796875 0.2976015625 0.286678125 0.35389140625 0.2818921875 0.34886171875 0.230684375 0.3285015625 0.23259921875 0.32969921875 0.24815234375
1 0.2724515625 0.1555484375 0.27221171875 0.15865859375 0.25448671875 0.16009453125 0.2582828125 0.226109375 0.27796015625 0.22829140625 0.29640390625 0.22470234375 0.291134375 0.19670546875 0.30358984375 0.195509375 0.2990390625 0.152915625 0.2724515625 0.1555484375
3 0.23494375 0.1984625 0.240753125 0.19838046875 0.24051328125 0.1859375 0.23572265625 0.183784375 0.23332734375 0.18617734375 0.23494375 0.1984625
3 0.36019921875 0.28739609375 0.34582734375 0.28787421875 0.3469703125 0.29504921875 0.35996015625 0.29409609375 0.36019921875 0.28739609375
3 0.23165078125 0.30247109375 0.230453125 0.2952921875 0.21751875 0.29792421875 0.21842734375 0.304384375 0.23165078125 0.30247109375
1 0.14214609375 0.213934375 0.17663828125 0.2086703125 0.17041015625 0.16368359375 0.06475 0.18158671875 0.06861015625 0.22446328125 0.10621640625 0.21967734375 0.107653125 0.22183125 0.1402296875 0.2170453125 0.14214609375 0.213934375
3 0.03379765625 0.20173046875 0.03566640625 0.21605625 0.03930703125 0.2175234375 0.0445765625 0.215609375 0.04098359375 0.200534375 0.037390625 0.19957734375 0.03379765625 0.20173046875
1 0.001196875 0.19379453125 0.00002421875 0.25772421875 0.01463515625 0.26155234375 0.03379765625 0.25437421875 0.02397734375 0.18833046875 0.001196875 0.19379453125
3 0.0082859375 0.34010390625 0.02241875 0.3389078125 0.02241875 0.33148984375 0.00873671875 0.33167265625 0.0082859375 0.34010390625
1 0.07008515625 0.34321484375 0.00038203125 0.35206875 0.00011953125 0.3948671875 0.0753546875 0.3841328125 0.07008515625 0.34321484375
3 0.135796875 0.31497890625 0.152084375 0.31210703125 0.15064765625 0.303971875 0.13476640625 0.3065390625 0.135796875 0.31497890625
1 0.162384375 0.3685796875 0.15951015625 0.326225 0.1005859375 0.33172890625 0.1053234375 0.37476015625 0.162384375 0.3685796875
1 0.28063359375 0.3030140625 0.20586015625 0.31443828125 0.2061390625 0.31880703125 0.210690625 0.3556578125 0.2885375 0.34536875 0.2827890625 0.30827890625 0.28063359375 0.3030140625
1 0.3179203125 0.35350390625 0.3960078125 0.34536875 0.3904984375 0.302775 0.31408828125 0.31378203125 0.3179203125 0.35350390625
1 0.1957625 0.54214921875 0.201990625 0.53664609375 0.19648125 0.49405234375 0.1071359375 0.5115203125 0.111428125 0.552134375 0.1957625 0.54214921875
1 0.0753578125 0.5596171875 0.08182578125 0.551003125 0.07703515625 0.5148703125 0.00852890625 0.5244421875 0.015559375 0.56290625 0.0753578125 0.5596171875