2 0.1048078125 0.14899453125 0.08274375 0.00113984375 0 0 0.00092578125 0.1607296875 0.1048078125 0.14899453125
2 0.07879765625 0.61073359375 0.009446875 0.61487734375 0.0113890625 0.654740625 0.0820546875 0.6511546875 0.07879765625 0.61073359375
2 0.20742890625 0.59345625 0.19798515625 0.52858671875 0.03485625 0.54695625 0.0351609375 0.57911328125 0.04232578125 0.6136671875 0.20742890625 0.59345625
2 0.27483828125 0.554990625 0.26995390625 0.50805 0.2061265625 0.51848125 0.20515 0.53999609375 0.212965625 0.5637921875 0.27483828125 0.554990625
2 0.5167421875 0.56559609375 0.59098984375 0.55516484375 0.5865530673828125 0.4929565864257813 0.45356640625 0.50659375 0.4649640625 0.570159375 0.47245390625 0.56983359375 0.4744078125 0.58385078125 0.51771953125 0.5792875 0.5167421875 0.56559609375
2 0.5385609375 0.64676484375 0.5323734375 0.61025546875 0.49369375 0.6143890625 0.49101640625 0.6334 0.4978546875 0.65198046875 0.5385609375 0.64676484375
2 0.5884453125 0.6316 0.593865625 0.65396953125 0.7415 0.6358375 0.7343359375 0.59117890625 0.58909609375 0.60878125 0.5884453125 0.6316
2 0.72163515625 0.41993046875 0.66269296875 0.42416875 0.67767265625 0.5506484375 0.73726640625 0.5470625 0.72163515625 0.41993046875
3 0.73795078125 0.56170390625 0.7306453125 0.561628125 0.7320109375 0.582184375 0.73795078125 0.582625 0.73795078125 0.56170390625
2 0.61021640625 0.238821875 0.73078828125 0.22222265625 0.73697109375 0.218284375 0.72853984375 0.1448546875 0.72382578125 0.1388890625 0.602346875 0.1538578125 0.59897421875 0.1943703125 0.61021640625 0.238821875
2 0.8052671875 0.19662109375 0.79425390625 0.1215984375 0.727696875 0.12656796875 0.74006328125 0.207875 0.8052671875 0.19662109375
3 0.96933515625 0.11935390625 0.96840859375 0.11358203125 0.9517609375 0.11619140625 0.955315625 0.1227140625 0.96933515625 0.11935390625
1 0.885215625 0.15836015625 0.85678046875 0.16349921875 0.8585578125 0.18306796875 0.86231015625 0.2008578125 0.89113984375 0.19552109375 0.89133671875 0.20263671875 0.9328046875 0.19631171875 0.93161953125 0.19176484375 0.99921875 0.1804984375 0.99892734375 0.1420265625 0.92569609375 0.1524296875 0.92411640625 0.14155859375 0.884228125 0.1465 0.885215625 0.15836015625
1 0.8552703125 0.51914375 0.84855625 0.5132140625 0.81617265625 0.5171671875 0.818146875 0.5343640625 0.8027765625 0.53729140625 0.80235 0.54978125 0.806496875 0.56164140625 0.85645546875 0.55492109375 0.8552703125 0.51914375
1 0.86316875 0.71957578125 0.8492953125 0.6804046875 0.80353515625 0.694275 0.81735703125 0.7314359375 0.86316875 0.71957578125
3 0.863221875 0.7319609375 0.84776640625 0.73479609375 0.8499390625 0.74230703125 0.86553828125 0.73874921875 0.863221875 0.7319609375
0 0.79998046875 0.6453859375 0.75714609375 0.65225625 0.7598953125 0.68590703125 0.80669453125 0.6776046875 0.79998046875 0.6453859375