3 0.00827265625 0.275834375 0.03155859375 0.2793171875 0.03423515625 0.27047578125 0.010978125 0.26641484375 0.00827265625 0.275834375
1 0.0002421875 0.37014609375 0.02620546875 0.37416484375 0.03584140625 0.32513359375 0.00051015625 0.3192390625 0.0002421875 0.37014609375
0 0.26044765625 0.41296953125 0.29738515625 0.41966796875 0.30434375 0.37840703125 0.26761953125 0.37204375 0.26044765625 0.41296953125
3 0.30916171875 0.4057359375 0.31183828125 0.39153515625 0.30577421875 0.39011640625 0.30354140625 0.40439609375 0.30916171875 0.4057359375
1 0.31581484375 0.38690390625 0.31103515625 0.42288359375 0.37125859375 0.4311890625 0.37554140625 0.42904609375 0.37928828125 0.39823359375 0.31581484375 0.38690390625
1 0.28590234375 0.83531640625 0.28215546875 0.85273203125 0.28135234375 0.86961171875 0.33086953125 0.87872109375 0.3354953125 0.84074609375 0.28590234375 0.83531640625
3 0.72459921875 0.9771078125 0.73065703125 0.977271875 0.731803125 0.96465078125 0.72610859375 0.96443203125 0.72459921875 0.9771078125
0 0.72934765625 0.900509375 0.7286921875 0.900509375 0.718540625 0.93509296875 0.7547265625 0.9429609375 0.76455078125 0.90739375 0.72934765625 0.900509375
1 0.924875 0.8956375 0.91780546875 0.91368515625 0.9164953125 0.93220625 0.9631609375 0.93925390625 0.96921953125 0.90335859375 0.924875 0.8956375
1 0.65177578125 0.4071171875 0.60426796875 0.43504140625 0.61187578125 0.4482421875 0.623203125 0.46516640625 0.67088046875 0.4374109375 0.65177578125 0.4071171875
3 0.68924609375 0.18539921875 0.6956703125 0.18810703125 0.7007421875 0.1732140625 0.694434375 0.1703109375 0.68924609375 0.18539921875
1 0.68163828125 0.2436171875 0.7137609375 0.255971875 0.7472359375 0.17033671875 0.71574453125 0.15610390625 0.68163828125 0.2436171875
0 0.706321875 0.296025 0.74131875 0.30753359375 0.74994140625 0.2780859375 0.719678125 0.2650546875 0.706321875 0.296025
3 0.59966640625 0.00943515625 0.57811640625 0.00917890625 0.578271875 0.01835 0.599153125 0.0181671875 0.59966640625 0.00943515625
1 0.4701453125 0.051309375 0.5129890625 0.05387734375 0.51606796875 0.0061109375 0.47548828125 0.00352890625 0.4701453125 0.051309375
1 0 0.692334375 0.0152453125 0.69662109375 0.019528125 0.675990625 0.00053515625 0.671659375 0 0.692334375