1 0.00188203125 0.59629453125 0.03198359375 0.594053125 0.0296671875 0.54276015625 0 0.54420859375 0.00188203125 0.59629453125
1 0.19265625 0.98170234375 0.19345390625 0.99942109375 0.2496875 0.9982203125 0.24476640625 0.9788046875 0.19265625 0.98170234375
1 0.13481015625 0.79134140625 0.1833921875 0.79014765625 0.183103125 0.7556625 0.13446640625 0.7550828125 0.1327296875 0.7762375 0.13481015625 0.79134140625
1 0.2977109375 0.56936171875 0.3020875 0.51629140625 0.26126796875 0.5116546875 0.25924140625 0.5160015625 0.24795078125 0.51687109375 0.24708203125 0.5362875 0.260978125 0.53715703125 0.25721484375 0.56642578125 0.2977109375 0.56936171875
0 0.2328890625 0.50066796875 0.26310859375 0.473190625 0.2372515625 0.44966015625 0.20868203125 0.47572421875 0.2328890625 0.50066796875
1 0.56622890625 0.57465234375 0.569071875 0.53886953125 0.5212625 0.53388828125 0.51801796875 0.549696875 0.51736875 0.5683203125 0.56622890625 0.57465234375
1 0.6587421875 0.5597203125 0.712109375 0.56204453125 0.7136234375 0.523065625 0.66018984375 0.52003359375 0.6587421875 0.5597203125
3 0.68049140625 0.59315546875 0.691990625 0.59431015625 0.69177421875 0.58759765625 0.68030859375 0.58651484375 0.68049140625 0.59315546875
1 0.3934140625 0.78773984375 0.44458359375 0.7868890625 0.44249375 0.7505296875 0.3904921875 0.75209921875 0.3934140625 0.78773984375
1 0.43597578125 0.97522421875 0.43497734375 0.99986953125 0.4840578125 1 0.48458046875 0.9762703125 0.43597578125 0.97522421875
1 0.66678984375 0.990521875 0.66710390625 0.99908515625 0.71696171875 0.99915390625 0.7164390625 0.9732578125 0.66914140625 0.97273515625 0.66678984375 0.990521875
1 0.9386390625 0.9668671875 0.93811640625 0.9987796875 0.993253125 0.9987796875 0.99246953125 0.96634375 0.9386390625 0.9668671875
3 0.96628125 0.5642390625 0.96409453125 0.55060625 0.95651640625 0.55112890625 0.95677734375 0.56394609375 0.964878125 0.56473125 0.96628125 0.5642390625
0 0.98510234375 0.5344390625 0.9852609375 0.496459375 0.9562546875 0.49358203125 0.953903125 0.5322953125 0.98510234375 0.5344390625
4 0.923590625 0.526628125 0.9211890625 0.61089921875 0.9439734375 0.6113796875 0.94684765625 0.52924375 0.923590625 0.526628125