1 0.29468984375 0.15997109375 0.2705421875 0.1564453125 0.25838046875 0.2233734375 0.29664375 0.23038125 0.30494765625 0.174965625 0.29387578125 0.1712171875 0.29468984375 0.15997109375
3 0.250890625 0.1920796875 0.257240625 0.193709375 0.260496875 0.17773671875 0.2544171875 0.1767234375 0.250890625 0.1920796875
3 0.2562640625 0.41537265625 0.25343984375 0.40931484375 0.23965625 0.41700234375 0.241446875 0.42270703125 0.244540625 0.42433671875 0.254146875 0.41830625 0.2562640625 0.41537265625
3 0.24633125 0.43085625 0.26098515625 0.4241734375 0.2571046875 0.41664453125 0.24323828125 0.42433671875 0.24633125 0.43085625
1 0.29175859375 0.4367234375 0.27958203125 0.4156671875 0.22207109375 0.45067890625 0.23965625 0.48295 0.2898046875 0.45302265625 0.28312890625 0.4419390625 0.29175859375 0.4367234375
1 0.26150234375 0.77725859375 0.28443203125 0.84116171875 0.32008984375 0.8292640625 0.2990859375 0.7749890625 0.2873625 0.7790640625 0.28394375 0.7686328125 0.26150234375 0.77725859375
3 0.26082265625 0.8043265625 0.26619609375 0.8189953125 0.273034375 0.8168765625 0.26815 0.8020453125 0.26082265625 0.8043265625
3 0.60794609375 0.1630421875 0.6078953125 0.16117265625 0.59356640625 0.16492109375 0.59438046875 0.17372265625 0.608709375 0.17013671875 0.60794609375 0.1630421875
1 0.624665625 0.21463203125 0.621409375 0.20583125 0.63134140625 0.20094140625 0.6250484375 0.1799 0.6235328125 0.1791015625 0.557753125 0.198659375 0.55954375 0.21723984375 0.56946875 0.2314203125 0.624665625 0.21463203125
1 0.6090421875 0.690175 0.6090421875 0.68724140625 0.630371875 0.66833515625 0.6084296875 0.63750859375 0.5877125 0.65578515625 0.59129453125 0.660675 0.56768515625 0.67974453125 0.589340625 0.707940625 0.6090421875 0.690175
3 0.6299296875 0.68392890625 0.62906875 0.6831671875 0.61832265625 0.69604296875 0.62255625 0.70125859375 0.6329765625 0.68870859375 0.6299296875 0.68392890625
3 0.66033046875 0.9409046875 0.66733203125 0.9565515625 0.67335625 0.952965625 0.66731015625 0.93753125 0.66033046875 0.9409046875
1 0.63286171875 0.91358828125 0.61636875 0.92053125 0.6030171875 0.92982109375 0.62955703125 0.9765984375 0.66684375 0.97578359375 0.63286171875 0.91358828125
1 0.98226328125 0.22931328125 0.97900625 0.2234453125 0.999521875 0.211384375 0.9991 0.196025 0.989915625 0.1782984375 0.93667265625 0.2066578125 0.9400921875 0.22002265625 0.9568625 0.24365625 0.98226328125 0.22931328125
3 0.95035 0.18807734375 0.95246640625 0.19231484375 0.964678125 0.18514375 0.96196328125 0.1806328125 0.95035 0.18807734375
3 0.91599453125 0.59364453125 0.91127265625 0.59983828125 0.92218203125 0.606846875 0.92751484375 0.59988359375 0.91599453125 0.59364453125
1 0.93748671875 0.54893203125 0.9314625 0.55382109375 0.9072359375 0.53880390625 0.89482734375 0.5525171875 0.88815234375 0.567675 0.9400921875 0.59896875 0.96109609375 0.56327421875 0.93748671875 0.54893203125