1 0.84002890625 0.29468984375 0.8435546875 0.2705421875 0.7766265625 0.25838046875 0.76961875 0.29664375 0.825034375 0.30494765625 0.8287828125 0.29387578125 0.84002890625 0.29468984375
3 0.8079203125 0.250890625 0.806290625 0.257240625 0.82226328125 0.260496875 0.8232765625 0.2544171875 0.8079203125 0.250890625
3 0.58462734375 0.2562640625 0.59068515625 0.25343984375 0.58299765625 0.23965625 0.57729296875 0.241446875 0.57566328125 0.244540625 0.58169375 0.254146875 0.58462734375 0.2562640625
3 0.56914375 0.24633125 0.5758265625 0.26098515625 0.58335546875 0.2571046875 0.57566328125 0.24323828125 0.56914375 0.24633125
1 0.5632765625 0.29175859375 0.5843328125 0.27958203125 0.54932109375 0.22207109375 0.51705 0.23965625 0.54697734375 0.2898046875 0.5580609375 0.28312890625 0.5632765625 0.29175859375
1 0.22274140625 0.26150234375 0.15883828125 0.28443203125 0.1707359375 0.32008984375 0.2250109375 0.2990859375 0.2209359375 0.2873625 0.2313671875 0.28394375 0.22274140625 0.26150234375
3 0.1956734375 0.26082265625 0.1810046875 0.26619609375 0.1831234375 0.273034375 0.1979546875 0.26815 0.1956734375 0.26082265625
3 0.8369578125 0.60794609375 0.83882734375 0.6078953125 0.83507890625 0.59356640625 0.82627734375 0.59438046875 0.82986328125 0.608709375 0.8369578125 0.60794609375
1 0.78536796875 0.624665625 0.79416875 0.621409375 0.79905859375 0.63134140625 0.8201 0.6250484375 0.8208984375 0.6235328125 0.801340625 0.557753125 0.78276015625 0.55954375 0.7685796875 0.56946875 0.78536796875 0.624665625
1 0.309825 0.6090421875 0.31275859375 0.6090421875 0.33166484375 0.630371875 0.36249140625 0.6084296875 0.34421484375 0.5877125 0.339325 0.59129453125 0.32025546875 0.56768515625 0.292059375 0.589340625 0.309825 0.6090421875
3 0.31607109375 0.6299296875 0.3168328125 0.62906875 0.30395703125 0.61832265625 0.29874140625 0.62255625 0.31129140625 0.6329765625 0.31607109375 0.6299296875
3 0.0590953125 0.66033046875 0.0434484375 0.66733203125 0.047034375 0.67335625 0.06246875 0.66731015625 0.0590953125 0.66033046875
1 0.08641171875 0.63286171875 0.07946875 0.61636875 0.07017890625 0.6030171875 0.0234015625 0.62955703125 0.02421640625 0.66684375 0.08641171875 0.63286171875
1 0.77068671875 0.98226328125 0.7765546875 0.97900625 0.788615625 0.999521875 0.803975 0.9991 0.8217015625 0.989915625 0.7933421875 0.93667265625 0.77997734375 0.9400921875 0.75634375 0.9568625 0.77068671875 0.98226328125
3 0.81192265625 0.95035 0.80768515625 0.95246640625 0.81485625 0.964678125 0.8193671875 0.96196328125 0.81192265625 0.95035
3 0.40635546875 0.91599453125 0.40016171875 0.91127265625 0.393153125 0.92218203125 0.40011640625 0.92751484375 0.40635546875 0.91599453125
1 0.45106796875 0.93748671875 0.44617890625 0.9314625 0.46119609375 0.9072359375 0.4474828125 0.89482734375 0.432325 0.88815234375 0.40103125 0.9400921875 0.43672578125 0.96109609375 0.45106796875 0.93748671875