1 0.02850390625 0.4334984375 0.0276265625 0.3762 0 0.377178125 0.000271875 0.43455078125 0.02850390625 0.4334984375
3 0.1839515625 0.0344140625 0.188909375 0.035509375 0.19096875 0.01979453125 0.18530625 0.01979453125 0.1839515625 0.0344140625
1 0.2445828125 0.0517921875 0.2455296875 0.01567265625 0.1907109375 0.0161875 0.1899390625 0.036025 0.19302734375 0.053028125 0.2445828125 0.0517921875
1 0.23454140625 0.556146875 0.234978125 0.52182265625 0.18839453125 0.5171859375 0.1855640625 0.535734375 0.18659296875 0.5535109375 0.23454140625 0.556146875
0 0.2453546875 0.56696015625 0.279759375 0.5687109375 0.27847265625 0.525171875 0.24347109375 0.52259609375 0.24501484375 0.56665 0.24501484375 0.5669078125 0.2453546875 0.56696015625
1 0.56373046875 0.018359375 0.5643421875 0.00120234375 0.4769984375 0.000840625 0.47982890625 0.0250578125 0.51663203125 0.024284375 0.515603125 0.018359375 0.56373046875 0.018359375
1 0.71881484375 0.71834375 0.70780390625 0.68193515625 0.64397734375 0.69507421875 0.6434625 0.71619921875 0.65066875 0.73114140625 0.71881484375 0.71834375
0 0.7416 0.67277421875 0.7801234375 0.66613359375 0.7736890625 0.6197609375 0.7317390625 0.62723203125 0.73379765625 0.6501609375 0.7416 0.67277421875
3 0.7219734375 0.737978125 0.720965625 0.7307359375 0.70670859375 0.73369453125 0.708446875 0.74065625 0.7219734375 0.737978125
3 0.70183046875 0.4150703125 0.70240546875 0.4070109375 0.6878359375 0.4049 0.68745234375 0.414303125 0.70183046875 0.4150703125
1 0.6884109375 0.3869890625 0.74397109375 0.3851859375 0.7422796875 0.349953125 0.68496015625 0.3520640625 0.68438515625 0.37029453125 0.6884109375 0.3869890625
3 0.96115703125 0.5144609375 0.9771171875 0.51421484375 0.976484375 0.50724375 0.96023515625 0.50724375 0.96115703125 0.5144609375
1 0.95390390625 0.50069453125 0.98492578125 0.4975265625 0.9866140625 0.51020078125 0.99885390625 0.5095671875 0.99990859375 0.4578125 0.95031640625 0.46267109375 0.94989453125 0.482528125 0.95390390625 0.50069453125