1 0.4334984375 0.97149609375 0.3762 0.9723734375 0.377178125 1 0.43455078125 0.999728125 0.4334984375 0.97149609375
3 0.0344140625 0.8160484375 0.035509375 0.811090625 0.01979453125 0.80903125 0.01979453125 0.81469375 0.0344140625 0.8160484375
1 0.0517921875 0.7554171875 0.01567265625 0.7544703125 0.0161875 0.8092890625 0.036025 0.8100609375 0.053028125 0.80697265625 0.0517921875 0.7554171875
1 0.556146875 0.76545859375 0.52182265625 0.765021875 0.5171859375 0.81160546875 0.535734375 0.8144359375 0.5535109375 0.81340703125 0.556146875 0.76545859375
0 0.56696015625 0.7546453125 0.5687109375 0.720240625 0.525171875 0.72152734375 0.52259609375 0.75652890625 0.56665 0.75498515625 0.5669078125 0.75498515625 0.56696015625 0.7546453125
1 0.018359375 0.43626953125 0.00120234375 0.4356578125 0.000840625 0.5230015625 0.0250578125 0.52017109375 0.024284375 0.48336796875 0.018359375 0.484396875 0.018359375 0.43626953125
1 0.71834375 0.28118515625 0.68193515625 0.29219609375 0.69507421875 0.35602265625 0.71619921875 0.3565375 0.73114140625 0.34933125 0.71834375 0.28118515625
0 0.67277421875 0.2584 0.66613359375 0.2198765625 0.6197609375 0.2263109375 0.62723203125 0.2682609375 0.6501609375 0.26620234375 0.67277421875 0.2584
3 0.737978125 0.2780265625 0.7307359375 0.279034375 0.73369453125 0.29329140625 0.74065625 0.291553125 0.737978125 0.2780265625
3 0.4150703125 0.29816953125 0.4070109375 0.29759453125 0.4049 0.3121640625 0.414303125 0.31254765625 0.4150703125 0.29816953125
1 0.3869890625 0.3115890625 0.3851859375 0.25602890625 0.349953125 0.2577203125 0.3520640625 0.31503984375 0.37029453125 0.31561484375 0.3869890625 0.3115890625
3 0.5144609375 0.03884296875 0.51421484375 0.0228828125 0.50724375 0.023515625 0.50724375 0.03976484375 0.5144609375 0.03884296875
1 0.50069453125 0.04609609375 0.4975265625 0.01507421875 0.51020078125 0.0133859375 0.5095671875 0.00114609375 0.4578125 0.00009140625 0.46267109375 0.04968359375 0.482528125 0.05010546875 0.50069453125 0.04609609375