3 0.804025 0.00845625 0.7966140625 0.000840625 0.791353125 0.00454921875 0.7991546875 0.0122640625 0.804025 0.00845625
1 0.73414765625 0.02199453125 0.77607421875 0.06324375 0.8020224887695313 0.03605714208984375 0.77078046875 0.00062890625 0.75447578125 0 0.73414765625 0.02199453125
3 0.589875 0.01818671875 0.5792875 0.02368671875 0.58119296875 0.02770546875 0.5927234375 0.0239640625 0.589875 0.01818671875
3 0.37943515625 0.06112578125 0.37117734375 0.06112578125 0.37160078125 0.07635625 0.3796671875 0.07660234375 0.37943515625 0.06112578125
4 0.3413203125 0.059221875 0.3218390625 0.0615484375 0.3262859375 0.13812421875 0.344496875 0.13770078125 0.3413203125 0.059221875
3 0.031953125 0.14489296875 0.031953125 0.1609703125 0.04003359375 0.1607171875 0.0397875 0.1444703125 0.031953125 0.14489296875
1 0.0067546875 0.1616046875 0.00082578125 0.16118125 0.00082578125 0.21554609375 0.0067546875 0.21554609375 0.0067546875 0.1616046875
1 0.0044203125 0.29240546875 0.00060859375 0.29113671875 0.000396875 0.328578125 0.003996875 0.328578125 0.0044203125 0.29240546875
3 0.77554453125 0.3131359375 0.75818046875 0.313559375 0.75923984375 0.3209625 0.77516484375 0.3203765625 0.77554453125 0.3131359375
1 0.77575625 0.33428984375 0.75288671875 0.33111640625 0.72917109375 0.334078125 0.72874765625 0.40917265625 0.7753328125 0.40853828125 0.77575625 0.33428984375
0 0.77215625 0.42017265625 0.71816015625 0.417 0.71858359375 0.45338359375 0.77067421875 0.4563453125 0.77215625 0.42017265625
0 0.89133828125 0.44861171875 0.8910890625 0.40642265625 0.87245546875 0.4043078125 0.85128046875 0.40409609375 0.84937421875 0.446403125 0.89133828125 0.44861171875
0 0.747478125 0.60777734375 0.73858515625 0.65198828125 0.77818203125 0.66066171875 0.7885578125 0.6189890625 0.78913125 0.61906328125 0.747478125 0.60777734375
1 0.588478125 0.6373140625 0.57175 0.63414140625 0.551421875 0.63519921875 0.54866953125 0.69104453125 0.58572578125 0.6942171875 0.588478125 0.6373140625
3 0.62638125 0.67666015625 0.61748828125 0.6758140625 0.61727578125 0.69167890625 0.62407578125 0.69365546875 0.62638125 0.67666015625
1 0.35856875 0.9525859375 0.338240625 0.95300859375 0.32087734375 0.95554765625 0.3246890625 0.99996953125 0.36157421875 0.99964296875 0.35856875 0.9525859375