4 0.8569140625 0.089746875 0.848203125 0.071621875 0.77363984375 0.1050296875 0.77958515625 0.12358984375 0.8569140625 0.089746875
3 0.8263234375 0.07375234375 0.8242765625 0.0690328125 0.80871328125 0.0750515625 0.81105625 0.08106953125 0.8263234375 0.07375234375
1 0.97379296875 0.1444625 0.99950625 0.14859921875 0.99974140625 0.14791875 1 0.107925 0.98021875 0.102246875 0.97379296875 0.1444625
1 0.32945234375 0.159275 0.311165625 0.15285625 0.29386640625 0.1503875 0.28175703125 0.200996875 0.3131421875 0.209884375 0.32945234375 0.1602625 0.32945234375 0.159275
1 0.26862265625 0.38864609375 0.28150703125 0.33019765625 0.24468515625 0.32205 0.2315875 0.38154765625 0.26862265625 0.38864609375
4 0.60985546875 0.54868203125 0.61949296875 0.46499140625 0.6004640625 0.46178203125 0.5905796875 0.54596640625 0.6096078125 0.54769453125 0.60985546875 0.54868203125
4 0.73646640625 0.266996875 0.71793125 0.260578125 0.69247734375 0.34229375 0.7095296875 0.34772578125 0.73646640625 0.266996875
4 0.70483515625 0.5952328125 0.7260875 0.5031484375 0.70532890625 0.4987046875 0.68333515625 0.5910359375 0.70483515625 0.5952328125
3 0.6817234375 0.32011328125 0.67496640625 0.31927734375 0.67208515625 0.33243671875 0.6778484375 0.33353359375 0.6817234375 0.32011328125
3 0.682921875 0.54682109375 0.68667421875 0.534425 0.67993828125 0.532321875 0.676009375 0.54479921875 0.682921875 0.54682109375
1 0.9568703125 0.57649921875 0.99155 0.58471171875 0.99193046875 0.584534375 1 0.53076171875 0.98574296875 0.5227265625 0.96965703125 0.5200484375 0.9568703125 0.57649921875
1 0.9343578125 0.62551953125 0.94339609375 0.58680078125 0.91967890625 0.57958984375 0.92091640625 0.56825859375 0.88956875 0.561871875 0.87843203125 0.61255390625 0.9343578125 0.62551953125
3 0.10306015625 0.65334296875 0.10464453125 0.64813125 0.08979609375 0.64401015625 0.08752734375 0.65019140625 0.10306015625 0.65334296875
1 0.16890859375 0.660453125 0.12671171875 0.650809375 0.11454375 0.70870234375 0.15476015625 0.71900390625 0.16890859375 0.660453125
1 0.52721015625 0.71424453125 0.49439609375 0.7056203125 0.47707265625 0.7684578125 0.5102765625 0.7771109375 0.5280125 0.7138609375 0.52721015625 0.71424453125
3 0.53963046875 0.74146875 0.532 0.74043828125 0.5274625 0.75465390625 0.53457109375 0.75777578125 0.5397914892578125 0.741404341796875 0.53963046875 0.74146875
0 0.60171484375 0.83172109375 0.61568984375 0.772815625 0.5857859375 0.76519296875 0.57073125 0.824321875 0.60171484375 0.83172109375
1 0.6784546875 0.7511828125 0.62675625 0.73743046875 0.615965625 0.78332265625 0.6310203125 0.7886796875 0.6297828125 0.79774453125 0.66566796875 0.8055734375 0.6784546875 0.7511828125
1 0.89127421875 0.83410859375 0.79269375 0.8116515625 0.78444453125 0.8493546875 0.88199375 0.8720171875 0.89168671875 0.8347265625 0.89148046875 0.83390234375 0.89127421875 0.83410859375
3 0.8254140625 0.88617421875 0.82128984375 0.8983296875 0.8293328125 0.9012140625 0.8322203125 0.888234375 0.8254140625 0.88617421875
1 0.37623359375 0.99948828125 0.3785015625 0.9772375 0.34550390625 0.97085078125 0.3417921875 0.9990765625 0.37623359375 0.99948828125