3 0.83244296875 0.0089296875 0.83270703125 0.0089296875 0.8465796875 0.0058875 0.84552265625 0.00006796875 0.834028125 0.00006796875 0.830196875 0.00086171875 0.83204609375 0.0081359375 0.83244296875 0.0089296875
1 0.772034375 0.13468359375 0.8101140625 0.1212203125 0.7795590541992188 0.03167381787109375 0.77965 0.031628125 0.77965 0.03146640625 0.77948828125 0.03146640625 0.77926159375 0.03146640625 0.7791640625 0.0309796875 0.73962578125 0.04595703125 0.772034375 0.13468359375
1 0.6882578217773437 0.446308109375 0.65007109375 0.45098359375 0.6580109375 0.51732578125 0.69690078125 0.51408203125 0.6883160639648438 0.44676481787109373 0.687340625 0.447253125 0.6882881362304687 0.4465458203125 0.6882578217773437 0.446308109375
3 0.711646875 0.45211875 0.70873046875 0.43784453125 0.7088921875 0.43784453125 0.70840625 0.4376828125 0.70192421875 0.43898046875 0.7061375 0.453903125 0.711646875 0.45211875
3 0.63564921875 0.71408203125 0.6338671875 0.70905390625 0.6329573012695312 0.70859859765625 0.61863515625 0.713109375 0.6205796875 0.719921875 0.63564921875 0.71408203125
1 0.6267375 0.78112734375 0.6635203125 0.77009765625 0.65088125 0.72013828125 0.61312578125 0.7300328125 0.6267375 0.78112734375
3 0.5317328125 0.25561015625 0.54258984375 0.25236640625 0.54177890625 0.2465265625 0.52930234375 0.24896015625 0.5317328125 0.25561015625
1 0.49948671875 0.21030078125 0.522334375 0.20673203125 0.52379296875 0.21419375 0.55020546875 0.2078671875 0.5406453125 0.164234375 0.54129296875 0.164234375 0.539834375 0.16374765625 0.5406453125 0.1632609375 0.49235625 0.1751015625 0.49948671875 0.21030078125
1 0.32854765625 0.65912265625 0.33357109375 0.7102171875 0.37327109375 0.70275625 0.3674375 0.6536078125 0.32854765625 0.65912265625
3 0.25443671875 0.13051640625 0.25816328125 0.14414140625 0.2625390625 0.14284375 0.26000625 0.12821953125 0.25443671875 0.13051640625
1 0.17211953125 0.16425546875 0.2437421875 0.14251953125 0.23337109375 0.10651015625 0.16128828125 0.12651796875 0.17211953125 0.16425546875
1 0.0138484375 0.33751484375 0.01465859375 0.33767734375 0.0225984375 0.37482265625 0.056303125 0.36655 0.05095625 0.33086484375 0.0138484375 0.33751484375
1 0.11674453125 0.591584375 0.11767794580078125 0.5918752631835937 0.1175546875 0.59126015625 0.06537734375 0.60521015625 0.07428984375 0.63862421875 0.1264671875 0.62645859375 0.1178482626953125 0.59223359375 0.1175546875 0.59223359375 0.11674453125 0.591584375
0 0.58435546875 0.090484375 0.58928359375 0.11942421875 0.6142515625 0.11449140625 0.60938671875 0.08733671875 0.58435546875 0.090484375
0 0.5094515625 0.13553828125 0.54312578125 0.128796875 0.53786875 0.10939375 0.50419453125 0.1148203125 0.5094515625 0.13553828125