3 0.9941125 0.1534203125 0.9910703125 0.16729296875 0.9910703125 0.16755703125 0.9918640625 0.16795390625 0.99913828125 0.169803125 0.99993203125 0.165971875 0.99993203125 0.15447734375 0.9941125 0.1534203125
1 0.96853359375 0.22035 0.968371875 0.22035 0.9683261821289062 0.22044094580078125 0.8787796875 0.1898859375 0.86531640625 0.227965625 0.95404296875 0.26037421875 0.9690203125 0.2208359375 0.96853359375 0.22073840625 0.96853359375 0.22051171875 0.96853359375 0.22035
1 0.48267421875 0.3419890625 0.54901640625 0.34992890625 0.553691890625 0.31174217822265626 0.5534541796875 0.31171186376953125 0.552746875 0.312659375 0.5532351821289062 0.31168393603515626 0.48591796875 0.30309921875 0.48267421875 0.3419890625
3 0.56215546875 0.29126953125 0.54788125 0.288353125 0.546096875 0.2938625 0.56101953125 0.29807578125 0.5623171875 0.29159375 0.56215546875 0.2911078125 0.56215546875 0.29126953125
3 0.28591796875 0.36435078125 0.280078125 0.3794203125 0.286890625 0.38136484375 0.29140140234375 0.36704269873046874 0.29094609375 0.3661328125 0.28591796875 0.36435078125
1 0.2699671875 0.38687421875 0.27986171875 0.34911875 0.22990234375 0.3364796875 0.21887265625 0.3732625 0.2699671875 0.38687421875
3 0.75103984375 0.47069765625 0.7534734375 0.45822109375 0.74763359375 0.45741015625 0.74438984375 0.4682671875 0.75103984375 0.47069765625
1 0.835765625 0.4593546875 0.7921328125 0.44979453125 0.78580625 0.47620703125 0.79326796875 0.477665625 0.78969921875 0.50051328125 0.8248984375 0.50764375 0.8367390625 0.4593546875 0.83625234375 0.460165625 0.835765625 0.45870703125 0.835765625 0.4593546875
1 0.3463921875 0.6325625 0.29724375 0.62672890625 0.2897828125 0.66642890625 0.34087734375 0.67145234375 0.3463921875 0.6325625
3 0.87178046875 0.73999375 0.85715625 0.7374609375 0.85585859375 0.74183671875 0.86948359375 0.74556328125 0.87178046875 0.73999375
1 0.87348203125 0.83871171875 0.89348984375 0.76662890625 0.85748046875 0.7562578125 0.83574453125 0.82788046875 0.87348203125 0.83871171875
1 0.66248515625 0.9861515625 0.66913515625 0.94904375 0.63345 0.943696875 0.62517734375 0.9774015625 0.66232265625 0.98534140625 0.66248515625 0.9861515625
1 0.39478984375 0.93462265625 0.40873984375 0.8824453125 0.40812473681640626 0.8823220541992187 0.408415625 0.88325546875 0.40776640625 0.8824453125 0.40776640625 0.8821517373046875 0.37354140625 0.8735328125 0.36137578125 0.92571015625 0.39478984375 0.93462265625
0 0.91266328125 0.39061328125 0.88550859375 0.3857484375 0.88057578125 0.41071640625 0.909515625 0.41564453125 0.91266328125 0.39061328125
0 0.8851796875 0.49580546875 0.89060625 0.46213125 0.871203125 0.45687421875 0.86446171875 0.4905484375 0.8851796875 0.49580546875