1 0.8806796875 0.65973828125 0.8733390625 0.619696875 0.8171078125 0.6268734375 0.82429140625 0.670921875 0.8806796875 0.65973828125
3 0.84304296875 0.68917578125 0.84286171875 0.68266640625 0.8274765625 0.68158125 0.8272953125 0.6888140625 0.84304296875 0.68917578125
3 0.63911015625 0.65048046875 0.6387484375 0.6416203125 0.6251734375 0.64107734375 0.62553515625 0.645959375 0.63820546875 0.65029921875 0.63911015625 0.65048046875
1 0.64399765625 0.62805859375 0.653590625 0.585565625 0.598565625 0.577609375 0.59186796875 0.6152203125 0.64399765625 0.62805859375
1 0.39212890625 0.55633203125 0.37239921875 0.5322828125 0.3751140625 0.52938984375 0.35791875 0.5084140625 0.3405421875 0.52089140625 0.327871875 0.53391015625 0.3660640625 0.58038125 0.39212890625 0.55633203125
3 0.3202703125 0.5547046875 0.328375 0.56470078125 0.33312109375 0.560671875 0.32551875 0.5507265625 0.3202703125 0.5547046875
3 0.29581640625 0.302328125 0.28978828125 0.29930625 0.28128125 0.31142109375 0.287796875 0.3168453125 0.29581640625 0.302328125
1 0.27910859375 0.35210546875 0.30915546875 0.36765625 0.325084375 0.33890546875 0.33015234375 0.3419796875 0.34083125 0.31937734375 0.32291171875 0.3065390625 0.30716484375 0.2985828125 0.27910859375 0.35210546875
3 0.91575234375 0.31585 0.9027203125 0.308075 0.89873828125 0.3138609375 0.91285625 0.32290234375 0.91575234375 0.31585
1 0.9394640625 0.35508828125 0.892403125 0.31892421875 0.878465625 0.33411328125 0.868871875 0.35056796875 0.88842109375 0.367384375 0.8909546875 0.36358671875 0.9162953125 0.38185 0.94000703125 0.35526953125 0.9396453125 0.35454609375 0.9396453125 0.35508828125 0.9392828125 0.3549078125 0.9394640625 0.35508828125
1 0.75053515625 0.26662890625 0.7501734375 0.2662671875 0.750129498046875 0.265960369140625 0.750896875 0.2662671875 0.7501734375 0.26590546875 0.75379296875 0.23155 0.69840625 0.22305078125 0.69315703125 0.26084296875 0.71849765625 0.26554375 0.718859375 0.26265078125 0.75053515625 0.26662890625
3 0.709046875 0.20817734375 0.69351875 0.206415625 0.69152734375 0.21129765625 0.70890390625 0.2163609375 0.709046875 0.20817734375
3 0.5245203125 0.18417421875 0.5105828125 0.18435546875 0.5104015625 0.19032265625 0.5243390625 0.190503125 0.5245203125 0.18417421875
1 0.53458359375 0.23531015625 0.5268734375 0.19285390625 0.47076171875 0.2029796875 0.4783640625 0.23842109375 0.5080484375 0.23371953125 0.50877265625 0.2373359375 0.53458359375 0.23531015625