1 0 0.2456265625 0.02178046875 0.2382203125 0.01755234375 0.22790390625 0.029046875 0.22380390625 0.022440625 0.2017171875 0 0.20863125 0 0.2456265625
3 0.02204453125 0.19854296875 0.02048671875 0.19078828125 0.008303125 0.19483984375 0.01054921875 0.20184921875 0.02204453125 0.19854296875
3 0.40916015625 0.2179125 0.41029921875 0.212196875 0.39826171875 0.21121171875 0.3977953125 0.21900390625 0.40916015625 0.2179125
1 0.378178125 0.2688734375 0.40698046875 0.2701203125 0.407603125 0.26326328125 0.44107578125 0.26373046875 0.44277109375 0.22831640625 0.37989140625 0.2257046875 0.37771171875 0.2412890625 0.378178125 0.2688734375
3 0.45494375 0.52955546875 0.45421796875 0.5224328125 0.43953046875 0.52488046875 0.43953046875 0.5323609375 0.45494375 0.52955546875
1 0.410884375 0.5825421875 0.46926640625 0.57163359375 0.46506328125 0.55885390625 0.4778296875 0.55526953125 0.47430859375 0.534346875 0.4062140625 0.54747734375 0.4060578125 0.56508828125 0.410884375 0.5825421875
3 0.68332578125 0.8852640625 0.68245625 0.88149296875 0.66775703125 0.88619921875 0.669003125 0.8938359375 0.68332578125 0.8852640625
1 0.62089609375 0.86136796875 0.625721875 0.87570546875 0.6356859375 0.89066640625 0.6892421875 0.8654203125 0.66984140625 0.82752890625 0.64580546875 0.840640625 0.6478296875 0.84687421875 0.62089609375 0.86136796875
3 0.5181875 0.52504296875 0.51916171875 0.51051796875 0.51196015625 0.5110171875 0.51102578125 0.5248875 0.5181875 0.52504296875
3 0.75399296875 0.28380390625 0.74296171875 0.2776078125 0.739046875 0.28286875 0.749321875 0.29034921875 0.75399296875 0.28380390625
3 0.83884140625 0.228115625 0.8347703125 0.2135984375 0.8282546875 0.21580390625 0.83199140625 0.230453125 0.83884140625 0.228115625
3 0.83991015625 0.00404921875 0.84506953125 0.007803125 0.8508296875 0.00094609375 0.84117734375 0 0.83991015625 0.00404921875
1 0.79015078125 0.00031171875 0.78077109375 0.01341328125 0.81299765625 0.0307125 0.83463828125 0.0001671875 0.79015078125 0.00031171875
1 0.7843515625 0.24338828125 0.790734375 0.24136171875 0.79836328125 0.27097265625 0.804590625 0.27253046875 0.8344828125 0.2620890625 0.81654921875 0.20425390625 0.7947828125 0.20910234375 0.7761 0.21705 0.7843515625 0.24338828125