1 0.24552890625 0.290596875 0.2789125 0.29003984375 0.28058125 0.242746875 0.2483109375 0.24135546875 0.24552890625 0.290596875
4 0.37127421875 0.2071375 0.34206328125 0.20491171875 0.34206328125 0.21715234375 0.3707171875 0.21965625 0.37127421875 0.2071375
1 0.97357109375 0.27779921875 0.9691203125 0.244415625 0.94241328125 0.2483109375 0.94352578125 0.25999453125 0.93963125 0.2611078125 0.94074375 0.28391953125 0.97357109375 0.27779921875
1 0.48783828125 0.5732453125 0.4911765625 0.5443125 0.44972578125 0.5365234375 0.44610859375 0.57074140625 0.48783828125 0.5732453125
1 0.54180859375 0.50536484375 0.58298203125 0.50508671875 0.58326015625 0.4845 0.54097421875 0.48533515625 0.54180859375 0.50536484375
1 0.6330546875 0.4756015625 0.6330546875 0.4399921875 0.6043984375 0.4399921875 0.6043984375 0.4756015625 0.6330546875 0.4756015625
1 0.841703125 0.506203125 0.841703125 0.46475 0.80303125 0.46475 0.80303125 0.506203125 0.841703125 0.506203125
1 0.8809296875 0.49284375 0.8809296875 0.46446875 0.8497734375 0.46446875 0.8497734375 0.49284375 0.8809296875 0.49284375
0 0.82000390625 0.634171875 0.82000390625 0.600234375 0.78383984375 0.600234375 0.78383984375 0.634171875 0.82000390625 0.634171875
4 0.7913515625 0.460575 0.7885703125 0.4908984375 0.8005328125 0.4906203125 0.8010890625 0.460575 0.7913515625 0.460575
4 0.78551015625 0.737103125 0.8138859375 0.72820078125 0.81054765625 0.7165171875 0.78105859375 0.72541953125 0.78551015625 0.737103125
4 0.56406484375 0.91848828125 0.58993671875 0.9090296875 0.5865984375 0.8976234375 0.56016953125 0.9090296875 0.56406484375 0.91848828125