1 0.709403125 0.24552890625 0.70996015625 0.2789125 0.757253125 0.28058125 0.75864453125 0.2483109375 0.709403125 0.24552890625
4 0.7928625 0.37127421875 0.79508828125 0.34206328125 0.78284765625 0.34206328125 0.78034375 0.3707171875 0.7928625 0.37127421875
1 0.72220078125 0.97357109375 0.755584375 0.9691203125 0.7516890625 0.94241328125 0.74000546875 0.94352578125 0.7388921875 0.93963125 0.71608046875 0.94074375 0.72220078125 0.97357109375
1 0.4267546875 0.48783828125 0.4556875 0.4911765625 0.4634765625 0.44972578125 0.42925859375 0.44610859375 0.4267546875 0.48783828125
1 0.49463515625 0.54180859375 0.49491328125 0.58298203125 0.5155 0.58326015625 0.51466484375 0.54097421875 0.49463515625 0.54180859375
1 0.5243984375 0.6330546875 0.5600078125 0.6330546875 0.5600078125 0.6043984375 0.5243984375 0.6043984375 0.5243984375 0.6330546875
1 0.493796875 0.841703125 0.53525 0.841703125 0.53525 0.80303125 0.493796875 0.80303125 0.493796875 0.841703125
1 0.50715625 0.8809296875 0.53553125 0.8809296875 0.53553125 0.8497734375 0.50715625 0.8497734375 0.50715625 0.8809296875
0 0.365828125 0.82000390625 0.399765625 0.82000390625 0.399765625 0.78383984375 0.365828125 0.78383984375 0.365828125 0.82000390625
4 0.539425 0.7913515625 0.5091015625 0.7885703125 0.5093796875 0.8005328125 0.539425 0.8010890625 0.539425 0.7913515625
4 0.262896875 0.78551015625 0.27179921875 0.8138859375 0.2834828125 0.81054765625 0.27458046875 0.78105859375 0.262896875 0.78551015625
4 0.08151171875 0.56406484375 0.0909703125 0.58993671875 0.1023765625 0.5865984375 0.0909703125 0.56016953125 0.08151171875 0.56406484375