1 0.0570515625 0.109075 0.04784416015625 0.0515491806640625 0.04740625 0.05162890625 0.04764142919921875 0.0509233681640625 0.0472453125 0.05082421875 0.04767447900390625 0.05082421875 0.047728125 0.05066328125 0.047728125 0.05034140625 0.02136484375 0.05500859375 0.02248984375 0.0670765625 0.0044859375 0.0696515625 0.0133984375 0.1155890625 0.0570515625 0.109075
3 0.07673359375 0.07166015625 0.0788234375 0.08726875 0.08477109375 0.0864640625 0.08353828125 0.07171953125 0.07673359375 0.07166015625
1 0.01689609375 0.8342171875 0.0114453125 0.79711484375 0.0008472939453125 0.7992368779296875 0.0010890625 0.79947890625 0.00054375 0.83658203125 0.01689609375 0.8342171875
1 0.42561488037109374 0.6436845146484375 0.38755546875 0.63371484375 0.3742921875 0.68191171875 0.40990390625 0.69282421875 0.42561488037109374 0.6436845146484375
1 0.47334609375 0.12729765625 0.5258546875 0.1220234375 0.52294765625 0.0874671875 0.4706203125 0.09219609375 0.47334609375 0.12729765625
3 0.528125 0.091978125 0.53386953125 0.091721875 0.53080625 0.07664375 0.52643984375 0.07764140625 0.528125 0.091978125
1 0.68183515625 0.155471875 0.678871875 0.1382 0.67869765625 0.1375015625 0.63442890625 0.13523359375 0.63181484375 0.17047578125 0.6785234375 0.17588359375 0.68183515625 0.155471875
1 0.8802296875 0.00632890625 0.8805125 0 0.83976484375 0.00023125 0.83976484375 0.02875859375 0.87718359375 0.02919453125 0.87696640625 0.0072 0.8802296875 0.00632890625
3 0.8128234375 0 0.8128234375 0.01019375 0.8179109375 0.0104765625 0.8179109375 0 0.81734609375 0 0.8128234375 0
1 0.92774765625 0.59215 0.93401328125 0.62842578125 0.985153125 0.6196109375 0.9801359375 0.58603125 0.92774765625 0.59215
1 0.97352890625 0.6828421875 0.9572125 0.67973046875 0.93756953125 0.67684921875 0.9252078125 0.7227859375 0.96093828125 0.7317703125 0.97352890625 0.6828421875
1 0.93452109375 0.8581125 0.93672265625 0.89353984375 0.9873546875 0.889471875 0.98481484375 0.854721875 0.93452109375 0.8581125