1 0.890925 0.0570515625 0.9484508193359374 0.04784416015625 0.94837109375 0.04740625 0.9490766318359375 0.04764142919921875 0.94917578125 0.0472453125 0.94917578125 0.04767447900390625 0.94933671875 0.047728125 0.94965859375 0.047728125 0.94499140625 0.02136484375 0.9329234375 0.02248984375 0.9303484375 0.0044859375 0.8844109375 0.0133984375 0.890925 0.0570515625
3 0.92833984375 0.07673359375 0.91273125 0.0788234375 0.9135359375 0.08477109375 0.92828046875 0.08353828125 0.92833984375 0.07673359375
1 0.1657828125 0.01689609375 0.20288515625 0.0114453125 0.2007631220703125 0.0008472939453125 0.20052109375 0.0010890625 0.16341796875 0.00054375 0.1657828125 0.01689609375
1 0.3563154853515625 0.42561488037109374 0.36628515625 0.38755546875 0.31808828125 0.3742921875 0.30717578125 0.40990390625 0.3563154853515625 0.42561488037109374
1 0.87270234375 0.47334609375 0.8779765625 0.5258546875 0.9125328125 0.52294765625 0.90780390625 0.4706203125 0.87270234375 0.47334609375
3 0.908021875 0.528125 0.908278125 0.53386953125 0.92335625 0.53080625 0.92235859375 0.52643984375 0.908021875 0.528125
1 0.844528125 0.68183515625 0.8618 0.678871875 0.8624984375 0.67869765625 0.86476640625 0.63442890625 0.82952421875 0.63181484375 0.82411640625 0.6785234375 0.844528125 0.68183515625
1 0.99367109375 0.8802296875 1 0.8805125 0.99976875 0.83976484375 0.97124140625 0.83976484375 0.97080546875 0.87718359375 0.9928 0.87696640625 0.99367109375 0.8802296875
3 1 0.8128234375 0.98980625 0.8128234375 0.9895234375 0.8179109375 1 0.8179109375 1 0.81734609375 1 0.8128234375
1 0.40785 0.92774765625 0.37157421875 0.93401328125 0.3803890625 0.985153125 0.41396875 0.9801359375 0.40785 0.92774765625
1 0.3171578125 0.97352890625 0.32026953125 0.9572125 0.32315078125 0.93756953125 0.2772140625 0.9252078125 0.2682296875 0.96093828125 0.3171578125 0.97352890625
1 0.1418875 0.93452109375 0.10646015625 0.93672265625 0.110528125 0.9873546875 0.145278125 0.98481484375 0.1418875 0.93452109375