1 0.6248875 0.88324375 0.60553828125 0.87286484375 0.58827734375 0.8713203125 0.57230390625 0.93205859375 0.6045078125 0.9426109375 0.608371875 0.9333453125 0.6248875 0.88324375
3 0.7059859375 0.68281484375 0.69639453125 0.6945109375 0.69974375 0.6981140625 0.70953359375 0.68704765625 0.7059859375 0.68281484375
3 0.74576328125 0.7125515625 0.73684140625 0.72359296875 0.74122109375 0.72822578125 0.75204140625 0.7169015625 0.74576328125 0.7125515625
3 0.81344296875 0.77197734375 0.80494140625 0.78407421875 0.8098359375 0.78844921875 0.818853125 0.776353125 0.81344296875 0.77197734375
1 0.8075171875 0.7593671875 0.75470390625 0.723078125 0.73151796875 0.7493296875 0.7858765625 0.7905078125 0.8075171875 0.7593671875
1 0.69169765625 0.67740859375 0.63990625 0.64078359375 0.6285703125 0.6528796875 0.62161484375 0.66909296875 0.67133671875 0.70615390625 0.69169765625 0.67740859375
1 0.20974140625 0.607509375 0.19515703125 0.5710375 0.16449921875 0.58210390625 0.1673328125 0.59265625 0.1521328125 0.5980609375 0.16656015625 0.6328046875 0.18562421875 0.6240546875 0.18459375 0.62019375 0.20974140625 0.607509375
1 0.209284375 0.39505234375 0.17656640625 0.398140625 0.179915625 0.45887890625 0.19743359375 0.4599078125 0.2141796875 0.45578984375 0.209284375 0.39505234375
0 0.2070375 0.486634375 0.1747625 0.48641640625 0.172959375 0.516528125 0.20902734375 0.519359375 0.2070375 0.486634375
1 0.58945546875 0.41358203125 0.5587984375 0.4215609375 0.5685875 0.476121875 0.58610625 0.47406328125 0.60079140625 0.46814375 0.58945546875 0.41358203125
1 0.56228984375 0.11792421875 0.52957109375 0.1223 0.53214765625 0.199509375 0.55069609375 0.19976640625 0.5692453125 0.1948765625 0.56228984375 0.11792421875
3 0.564865625 0.2031125 0.54734765625 0.2031125 0.54734765625 0.20954609375 0.56460859375 0.2100609375 0.5653641318359375 0.21138184033203125 0.56538125 0.21134765625 0.564865625 0.2031125
1 0.1131953125 0.11473984375 0.08155859375 0.11638046875 0.07898203125 0.123071875 0.0820734375 0.17583125 0.1019109375 0.17557421875 0.11736875 0.17145625 0.1131953125 0.11473984375
3 0.1004515625 0.18618359375 0.10036484375 0.18149375 0.08774140625 0.1796921875 0.0872265625 0.18638359375 0.1004515625 0.18618359375