1 0.60553828125 0.12713515625 0.6248875 0.11675625 0.608371875 0.0666546875 0.6045078125 0.0573890625 0.57230390625 0.06794140625 0.58827734375 0.1286796875 0.60553828125 0.12713515625
3 0.70953359375 0.31295234375 0.69974375 0.3018859375 0.69639453125 0.3054890625 0.7059859375 0.31718515625 0.70953359375 0.31295234375
3 0.75204140625 0.2830984375 0.74122109375 0.27177421875 0.73684140625 0.27640703125 0.74576328125 0.2874484375 0.75204140625 0.2830984375
3 0.818853125 0.223646875 0.8098359375 0.21155078125 0.80494140625 0.21592578125 0.81344296875 0.22802265625 0.818853125 0.223646875
1 0.7858765625 0.2094921875 0.73151796875 0.2506703125 0.75470390625 0.276921875 0.8075171875 0.2406328125 0.7858765625 0.2094921875
1 0.69169765625 0.32259140625 0.67133671875 0.29384609375 0.62161484375 0.33090703125 0.6285703125 0.3471203125 0.63990625 0.35921640625 0.69169765625 0.32259140625
1 0.1673328125 0.40734375 0.16449921875 0.41789609375 0.19515703125 0.4289625 0.20974140625 0.392490625 0.18459375 0.37980625 0.18562421875 0.3759453125 0.16656015625 0.3671953125 0.1521328125 0.4019390625 0.1673328125 0.40734375
1 0.209284375 0.60494765625 0.2141796875 0.54421015625 0.19743359375 0.5400921875 0.179915625 0.54112109375 0.17656640625 0.601859375 0.209284375 0.60494765625
0 0.20902734375 0.480640625 0.172959375 0.483471875 0.1747625 0.51358359375 0.2070375 0.513365625 0.20902734375 0.480640625
1 0.58945546875 0.58641796875 0.60079140625 0.53185625 0.58610625 0.52593671875 0.5685875 0.523878125 0.5587984375 0.5784390625 0.58945546875 0.58641796875
1 0.56228984375 0.88207578125 0.5692453125 0.8051234375 0.55069609375 0.80023359375 0.53214765625 0.800490625 0.52957109375 0.8777 0.56228984375 0.88207578125
3 0.54734765625 0.7968875 0.564865625 0.7968875 0.56538125 0.78865234375 0.5653641318359375 0.7886181596679688 0.56460859375 0.7899390625 0.54734765625 0.79045390625 0.54734765625 0.7968875
1 0.08155859375 0.88361953125 0.1131953125 0.88526015625 0.11736875 0.82854375 0.1019109375 0.82442578125 0.0820734375 0.82416875 0.07898203125 0.876928125 0.08155859375 0.88361953125
3 0.0872265625 0.81361640625 0.08774140625 0.8203078125 0.10036484375 0.81850625 0.1004515625 0.81381640625 0.0872265625 0.81361640625