1 0.9311984375 0.896090625 0.8735296875 0.89985390625 0.87845625 0.94414765625 0.9323578125 0.93662109375 0.931778125 0.8958015625 0.9311984375 0.896090625
1 0.9296453125 0.45029375 0.89074140625 0.4537234375 0.89371640625 0.512934375 0.91316796875 0.51270625 0.93101796875 0.5104203125 0.9296453125 0.45029375
1 0.1363515625 0.52843046875 0.09752734375 0.5249359375 0.096303125 0.55149140625 0.099975 0.552365625 0.09962578125 0.58328828125 0.13250390625 0.58346328125 0.1365265625 0.5287796875 0.1363515625 0.52843046875
3 0.15086640625 0.5623234375 0.14492109375 0.5607515625 0.14019921875 0.5719328125 0.14754375 0.574378125 0.1506921875 0.563546875 0.15104140625 0.5624984375 0.15086640625 0.56197421875 0.15086640625 0.5623234375
1 0.9989125 0.2506671875 0.98107421875 0.251715625 0.98334765625 0.29224765625 0.99961171875 0.2899765625 0.99908671875 0.25031796875 0.9989125 0.25119140625 0.9989125 0.2506671875
1 0.44599169970703123 0.3814540908203125 0.414578125 0.34850390625 0.3890453125 0.37366171875 0.4213984375 0.41000078125 0.44599169970703123 0.3814540908203125
1 0.000846875 0.41898125 0.00899375 0.417521875 0.00759453125 0.39725546875 0 0.39655703125 0.000846875 0.41898125
1 0.2522515625 0.17046015625 0.22422734375 0.19480625 0.2583296875 0.23254296875 0.2850875 0.21018046875 0.2522515625 0.17046015625
1 0.72515625 0.21489765625 0.67741328125 0.19340859375 0.6613234375 0.22590390625 0.70836796875 0.24686875 0.72515625 0.21489765625
4 0.71466171875 0.11871328125 0.700321875 0.10980390625 0.66027265625 0.1742703125 0.6739140625 0.181084375 0.71466171875 0.11871328125
1 0.559478125 0.11482890625 0.5276484375 0.0786640625 0.50054140625 0.10556953125 0.5328953125 0.1382390625 0.559478125 0.11482890625
1 0.10751640625 0.066609375 0.1342734375 0.044421875 0.10268958544921875 0.00814496142578125 0.1019203125 0.00860625 0.10232904296875 0.007730845703125 0.10201421142578125 0.0073692333984375 0.101832421875 0.0077328125 0.1019203125 0.0077328125 0.10174975732421875 0.0078981416015625 0.1015703125 0.00825703125 0.10127976025390625 0.00835373779296875 0.07831015625 0.03061953125 0.10751640625 0.066609375