1 0.9311984375 0.103909375 0.931778125 0.1041984375 0.9323578125 0.06337890625 0.87845625 0.05585234375 0.8735296875 0.10014609375 0.9311984375 0.103909375
1 0.9296453125 0.54970625 0.93101796875 0.4895796875 0.91316796875 0.48729375 0.89371640625 0.487065625 0.89074140625 0.5462765625 0.9296453125 0.54970625
1 0.096303125 0.44850859375 0.09752734375 0.4750640625 0.1363515625 0.47156953125 0.1365265625 0.4712203125 0.13250390625 0.41653671875 0.09962578125 0.41671171875 0.099975 0.447634375 0.096303125 0.44850859375
3 0.14019921875 0.4280671875 0.14492109375 0.4392484375 0.15086640625 0.4376765625 0.15086640625 0.43802578125 0.15104140625 0.4375015625 0.1506921875 0.436453125 0.14754375 0.425621875 0.14019921875 0.4280671875
1 0.98107421875 0.748284375 0.9989125 0.7493328125 0.9989125 0.74880859375 0.99908671875 0.74968203125 0.99961171875 0.7100234375 0.98334765625 0.70775234375 0.98107421875 0.748284375
1 0.4213984375 0.58999921875 0.3890453125 0.62633828125 0.414578125 0.65149609375 0.44599169970703123 0.6185459091796875 0.4213984375 0.58999921875
1 0 0.60344296875 0.00759453125 0.60274453125 0.00899375 0.582478125 0.000846875 0.58101875 0 0.60344296875
1 0.2850875 0.78981953125 0.2583296875 0.76745703125 0.22422734375 0.80519375 0.2522515625 0.82953984375 0.2850875 0.78981953125
1 0.70836796875 0.75313125 0.6613234375 0.77409609375 0.67741328125 0.80659140625 0.72515625 0.78510234375 0.70836796875 0.75313125
4 0.6739140625 0.818915625 0.66027265625 0.8257296875 0.700321875 0.89019609375 0.71466171875 0.88128671875 0.6739140625 0.818915625
1 0.5328953125 0.8617609375 0.50054140625 0.89443046875 0.5276484375 0.9213359375 0.559478125 0.88517109375 0.5328953125 0.8617609375
1 0.1019203125 0.9922671875 0.101832421875 0.9922671875 0.10201421142578125 0.9926307666015625 0.10232904296875 0.992269154296875 0.1019203125 0.99139375 0.10268958544921875 0.9918550385742188 0.1342734375 0.955578125 0.10751640625 0.933390625 0.07831015625 0.96938046875 0.10127976025390625 0.9916462622070312 0.1015703125 0.99174296875 0.10174975732421875 0.9921018583984375 0.1019203125 0.9922671875