1 0.0970390625 0.85431640625 0.1551484375 0.85431640625 0.1551484375 0.81427734375 0.0970390625 0.81427734375 0.0970390625 0.85431640625
3 0.30796640625 0.26533984375 0.320375 0.2647 0.3207953125 0.25806796875 0.30611171875 0.25791328125 0.30796640625 0.26533984375
1 0.330115625 0.325234375 0.32450546875 0.272921875 0.2829265625 0.27570625 0.28617265625 0.33047890625 0.330115625 0.325234375
1 0.49055859375 0.08205546875 0.477575 0.0447671875 0.411575 0.066428125 0.4160578125 0.0774140625 0.39117265625 0.0859234375 0.40276484375 0.119653125 0.45871796875 0.10046796875 0.45701796875 0.09582578125 0.49055859375 0.08205546875
3 0.5001421875 0.05668125 0.49705078125 0.044921875 0.49025 0.04662421875 0.493959375 0.0596203125 0.5001421875 0.05668125
1 0.79240078125 0.19389921875 0.7968953125 0.174071875 0.79711328125 0.15209453125 0.69429375 0.1425203125 0.6910328125 0.1832109375 0.79240078125 0.19389921875
1 0.87394609375 0.27446640625 0.9120375 0.2775953125 0.91442890625 0.26214609375 0.93225390625 0.26323359375 0.9385578125 0.207746875 0.87921328125 0.20274140625 0.87394609375 0.27446640625
1 0.94211796875 0.99989140625 0.94595703125 0.97506875 0.8916125 0.96723515625 0.8894390625 0.99856953125 0.94269609375 1 0.94226171875 0.999875 0.94211796875 0.99989140625
1 0.68965390625 0.62641484375 0.74286484375 0.62613984375 0.74286484375 0.5887125 0.68699921875 0.58893046875 0.68965390625 0.62641484375
1 0.58429765625 0.51029453125 0.62142421875 0.5014375 0.6112078125 0.4616171875 0.57642734375 0.469015625 0.58429765625 0.51029453125
1 0.38271796875 0.5951015625 0.428965625 0.58939921875 0.4291828125 0.570903125 0.42461796875 0.54979609375 0.37766484375 0.555671875 0.38271796875 0.5951015625