4 0.32804140625 0.163328125 0.2884703125 0.16011328125 0.2884703125 0.170253125 0.28970703125 0.17050078125 0.29069609375 0.1764359375 0.3008359375 0.17668359375 0.3008359375 0.17173671875 0.313696875 0.17322109375 0.3144390625 0.1781671875 0.3253203125 0.17841484375 0.3253203125 0.17396328125 0.3270515625 0.17346796875 0.32804140625 0.163328125
1 0.86570703125 0.275115625 0.86546015625 0.2464265625 0.81500703125 0.24667421875 0.81649140625 0.2763515625 0.86570703125 0.275115625
0 0.8765703125 0.22781484375 0.87629765625 0.21500859375 0.85831484375 0.21500859375 0.85858671875 0.22808671875 0.8765703125 0.22781484375
0 0.86785078125 0.2005671875 0.87193828125 0.172775 0.85858671875 0.17032265625 0.8545 0.1975703125 0.86785078125 0.2005671875
0 0.52399140625 0.65886484375 0.55532578125 0.6564125 0.55205625 0.606278125 0.5199046875 0.60736796875 0.52399140625 0.65886484375
1 0.49201640625 0.64598359375 0.48964765625 0.6113140625 0.47091328125 0.61389765625 0.45648515625 0.61540546875 0.45562421875 0.64339921875 0.4726359375 0.64339921875 0.47328203125 0.6466296875 0.49201640625 0.64598359375
3 0.5061765625 0.64511640625 0.5056984375 0.63028984375 0.49948046875 0.63028984375 0.500078125 0.6460734375 0.5061765625 0.64511640625
1 0.4368765625 0.5411 0.4349671875 0.5067296875 0.40807578125 0.507684375 0.40918984375 0.5418953125 0.4368765625 0.5411
0 0.44133203125 0.661553125 0.40346171875 0.66473515625 0.40600703125 0.70865234375 0.44371875 0.70483359375 0.44133203125 0.661553125
0 0.34029140625 0.6022015625 0.387071875 0.60076953125 0.38579921875 0.556375 0.362090625 0.55685234375 0.3573171875 0.55701171875 0.34013203125 0.55717109375 0.34029140625 0.6022015625
1 0.29016875 0.61636328125 0.28778203125 0.56162578125 0.237659375 0.562103125 0.24068203125 0.61843203125 0.29016875 0.61636328125
0 0.27218828125 0.7013328125 0.27091484375 0.66680390625 0.2180875 0.66791796875 0.21872421875 0.6704640625 0.2094953125 0.671259375 0.20965390625 0.70101484375 0.27107421875 0.7011734375 0.27218828125 0.7013328125
1 0.83809453125 0.99966796875 0.8324546875 0.9890515625 0.80193125 1 0.83809453125 0.99966796875