4 0.82158515625 0.6746796875 0.8218328125 0.6855609375 0.82677890625 0.686303125 0.82826328125 0.6991640625 0.82331640625 0.6991640625 0.8235640625 0.70930390625 0.82949921875 0.71029296875 0.829746875 0.7115296875 0.83988671875 0.7115296875 0.836671875 0.67195859375 0.82653203125 0.6729484375 0.82603671875 0.6746796875 0.82158515625 0.6746796875
1 0.7535734375 0.13453984375 0.724884375 0.13429296875 0.7236484375 0.18350859375 0.75332578125 0.18499296875 0.7535734375 0.13453984375
0 0.78499140625 0.12370234375 0.77218515625 0.1234296875 0.77191328125 0.14141328125 0.78499140625 0.14168515625 0.78499140625 0.12370234375
0 0.827225 0.12806171875 0.7994328125 0.13214921875 0.8024296875 0.1455 0.82967734375 0.14141328125 0.827225 0.12806171875
0 0.3435875 0.44467421875 0.34113515625 0.47600859375 0.39263203125 0.4800953125 0.393721875 0.44794375 0.3435875 0.44467421875
1 0.35660078125 0.54437578125 0.38459453125 0.54351484375 0.38610234375 0.52908671875 0.3886859375 0.51035234375 0.35401640625 0.50798359375 0.3533703125 0.52671796875 0.35660078125 0.5273640625 0.35660078125 0.54437578125
3 0.36971015625 0.4943015625 0.35488359375 0.4938234375 0.3539265625 0.499921875 0.36971015625 0.50051953125 0.36971015625 0.4943015625
1 0.4932703125 0.5650328125 0.4589 0.5631234375 0.4581046875 0.59081015625 0.492315625 0.59192421875 0.4932703125 0.5650328125
0 0.33526484375 0.59653828125 0.338446875 0.55866796875 0.29516640625 0.55628125 0.29134765625 0.59399296875 0.33526484375 0.59653828125
0 0.44314765625 0.637909375 0.443625 0.61420078125 0.39923046875 0.612928125 0.3977984375 0.65970859375 0.44282890625 0.65986796875 0.44298828125 0.6426828125 0.44314765625 0.637909375
1 0.43837421875 0.71221796875 0.38363671875 0.70983125 0.38156796875 0.75931796875 0.437896875 0.762340625 0.43837421875 0.71221796875
0 0.328740625 0.7905046875 0.3295359375 0.78127578125 0.33208203125 0.7819125 0.33319609375 0.72908515625 0.2986671875 0.72781171875 0.2988265625 0.72892578125 0.29898515625 0.79034609375 0.328740625 0.7905046875
1 0.00033203125 0.16190546875 0 0.19806875 0.0109484375 0.1675453125 0.00033203125 0.16190546875