3 0.79628828125 0.810428125 0.80755234375 0.79981875 0.802403125 0.794353125 0.7914609375 0.8049625 0.79628828125 0.810428125
1 0.80819609375 0.7396984375 0.7924265625 0.75352265625 0.77504765625 0.7372875 0.7724734375 0.7384125 0.76378359375 0.730053125 0.73803828125 0.75336171875 0.78334609375 0.80158671875 0.80217265625 0.78454765625 0.807321875 0.78824453125 0.83178125 0.7638109375 0.80819609375 0.7396984375
1 0.97994140625 0.43069375 0.99993203125 0.43505078125 0.99975078125 0.39638125 0.9848484375 0.39674375 0.97994140625 0.43069375
1 0.55878203125 0.6013859375 0.561 0.6057203125 0.5931296875 0.60683203125 0.59440234375 0.55055234375 0.576046875 0.5481921875 0.55932734375 0.551278125 0.55878203125 0.6013859375
1 0.38303046875 0.28935078125 0.40475703125 0.32389375 0.43030859375 0.3058578125 0.42510625 0.29546484375 0.44515 0.28415390625 0.43061484375 0.26367265625 0.38303046875 0.28935078125
3 0.4101125 0.26795234375 0.42281171875 0.260615625 0.42036328125 0.25572421875 0.406715625 0.262559375 0.4101125 0.26795234375
1 0.32605078125 0.07278515625 0.27208671875 0.09696796875 0.28449453125 0.1273515625 0.30015234375 0.12093203125 0.30382421875 0.128421875 0.34054453125 0.11328984375 0.32605078125 0.07278515625
1 0.60624765625 0.0273640625 0.6011984375 0.0155953125 0.55556484375 0.01531953125 0.5556546875 0.0155953125 0.55514453125 0.0155953125 0.556828125 0.043871875 0.60395234375 0.04326015625 0.60624765625 0.0273640625
1 0.70345546875 0.0756640625 0.73375 0.0672578125 0.72120390625 0.01085703125 0.705903125 0.01284375 0.68784921875 0.021403125 0.70345546875 0.0756640625
1 0.87050859375 0.25064140625 0.87081484375 0.25094765625 0.8992734375 0.23291171875 0.90019140625 0.2228234375 0.85857421875 0.170396875 0.82675 0.1885859375 0.87035546875 0.25140625 0.87050859375 0.25064140625
3 0.93284765625 0.21210234375 0.9371671875 0.209984375 0.94680625 0.201578125 0.94160390625 0.1971453125 0.92982265625 0.20646875 0.93165859375 0.21212421875 0.93284765625 0.21210234375