3 0.205646875 0.802403125 0.1950375 0.7914609375 0.189571875 0.79628828125 0.20018125 0.80755234375 0.205646875 0.802403125
1 0.21175546875 0.807321875 0.2361890625 0.83178125 0.2603015625 0.80819609375 0.24647734375 0.7924265625 0.2627125 0.77504765625 0.2615875 0.7724734375 0.269946875 0.76378359375 0.24663828125 0.73803828125 0.19841328125 0.78334609375 0.21545234375 0.80217265625 0.21175546875 0.807321875
1 0.60361875 0.99975078125 0.60325625 0.9848484375 0.56930625 0.97994140625 0.56494921875 0.99993203125 0.60361875 0.99975078125
1 0.4518078125 0.576046875 0.448721875 0.55932734375 0.3986140625 0.55878203125 0.3942796875 0.561 0.39316796875 0.5931296875 0.44944765625 0.59440234375 0.4518078125 0.576046875
1 0.71584609375 0.44515 0.73632734375 0.43061484375 0.71064921875 0.38303046875 0.67610625 0.40475703125 0.6941421875 0.43030859375 0.70453515625 0.42510625 0.71584609375 0.44515
3 0.74427578125 0.42036328125 0.737440625 0.406715625 0.73204765625 0.4101125 0.739384375 0.42281171875 0.74427578125 0.42036328125
1 0.871578125 0.30382421875 0.88671015625 0.34054453125 0.92721484375 0.32605078125 0.90303203125 0.27208671875 0.8726484375 0.28449453125 0.87906796875 0.30015234375 0.871578125 0.30382421875
1 0.956128125 0.556828125 0.95673984375 0.60395234375 0.9726359375 0.60624765625 0.9844046875 0.6011984375 0.98468046875 0.55556484375 0.9844046875 0.5556546875 0.9844046875 0.55514453125 0.956128125 0.556828125
1 0.98715625 0.705903125 0.978596875 0.68784921875 0.9243359375 0.70345546875 0.9327421875 0.73375 0.98914296875 0.72120390625 0.98715625 0.705903125
1 0.8114140625 0.82675 0.74859375 0.87035546875 0.74935859375 0.87050859375 0.74905234375 0.87081484375 0.76708828125 0.8992734375 0.7771765625 0.90019140625 0.829603125 0.85857421875 0.8114140625 0.82675
3 0.79353125 0.92982265625 0.78787578125 0.93165859375 0.78789765625 0.93284765625 0.790015625 0.9371671875 0.798421875 0.94680625 0.8028546875 0.94160390625 0.79353125 0.92982265625