0 0.3527109375 0.08907734375 0.300690625 0.0885828125 0.30093828125 0.13065234375 0.3527109375 0.1304046875 0.3527109375 0.08907734375
1 0.55024140625 0.208765625 0.54578203125 0.2055484375 0.5234875 0.23648125 0.56950546875 0.27008046875 0.58938046875 0.2357390625 0.57005859375 0.2226234375 0.57748984375 0.21247734375 0.55767265625 0.1978765625 0.55024140625 0.208765625
1 0.6845640625 0.38721640625 0.70296640625 0.3870203125 0.7111890625 0.33421484375 0.6673359375 0.3230671875 0.65715546875 0.36081328125 0.67125078125 0.36335625 0.6690020947265625 0.3803915263671875 0.6845640625 0.38721640625
0 0.72143515625 0.3658984375 0.71751953125 0.40031953125 0.74081640625 0.40344921875 0.74634609375 0.36751875 0.72143515625 0.3658984375
1 0.92185234375 0.1030390625 0.87771015625 0.08751484375 0.86622421875 0.1221625 0.91312578125 0.1395390625 0.92185234375 0.1030390625
1 0.9769109375 0.76586484375 0.93659765625 0.764515625 0.93997578125 0.8284109375 0.95979453125 0.83156015625 0.98096484375 0.8268359375 0.9769109375 0.76586484375
0 0.96970390625 0.70781953125 0.92826484375 0.70894453125 0.928940625 0.757540625 0.9507859375 0.760015625 0.97263203125 0.755290625 0.96970390625 0.70781953125
3 0.95352890625 0.82983125 0.93892109375 0.828615625 0.93905625 0.83537109375 0.95370546875 0.8354 0.95352890625 0.82983125
1 0.8319 0.9242125 0.7669171875 0.92112109375 0.76637109375 0.9603984375 0.8289875 0.963671875 0.8319 0.9242125
3 0.7933578125 0.90515 0.782025 0.9043921875 0.782025 0.91130234375 0.7889421875 0.911665625 0.7947671875 0.909665625 0.7933578125 0.90515
1 0.56396796875 0.99179765625 0.56384765625 0.9902046875 0.56466328125 0.9490515625 0.49716015625 0.94456953125 0.495325 0.9865375 0.56396796875 0.99179765625