0 0.3527109375 0.8695953125 0.30093828125 0.86934765625 0.300690625 0.9114171875 0.3527109375 0.91092265625 0.3527109375 0.8695953125
1 0.56950546875 0.72991953125 0.5234875 0.76351875 0.54578203125 0.7944515625 0.55024140625 0.791234375 0.55767265625 0.8021234375 0.57748984375 0.78752265625 0.57005859375 0.7773765625 0.58938046875 0.7642609375 0.56950546875 0.72991953125
1 0.7111890625 0.66578515625 0.70296640625 0.6129796875 0.6845640625 0.61278359375 0.6690020947265625 0.6196084736328125 0.67125078125 0.63664375 0.65715546875 0.63918671875 0.6673359375 0.6769328125 0.7111890625 0.66578515625
0 0.74634609375 0.63248125 0.74081640625 0.59655078125 0.71751953125 0.59968046875 0.72143515625 0.6341015625 0.74634609375 0.63248125
1 0.91312578125 0.8604609375 0.86622421875 0.8778375 0.87771015625 0.91248515625 0.92185234375 0.8969609375 0.91312578125 0.8604609375
1 0.9769109375 0.23413515625 0.98096484375 0.1731640625 0.95979453125 0.16843984375 0.93997578125 0.1715890625 0.93659765625 0.235484375 0.9769109375 0.23413515625
0 0.96970390625 0.29218046875 0.97263203125 0.244709375 0.9507859375 0.239984375 0.928940625 0.242459375 0.92826484375 0.29105546875 0.96970390625 0.29218046875
3 0.95370546875 0.1646 0.93905625 0.16462890625 0.93892109375 0.171384375 0.95352890625 0.17016875 0.95370546875 0.1646
1 0.8289875 0.036328125 0.76637109375 0.0396015625 0.7669171875 0.07887890625 0.8319 0.0757875 0.8289875 0.036328125
3 0.7933578125 0.09485 0.7947671875 0.090334375 0.7889421875 0.088334375 0.782025 0.08869765625 0.782025 0.0956078125 0.7933578125 0.09485
1 0.56396796875 0.00820234375 0.495325 0.0134625 0.49716015625 0.05543046875 0.56466328125 0.0509484375 0.56384765625 0.0097953125 0.56396796875 0.00820234375