1 0.021090625 0.67576953125 0.02391484375 0.7146921875 0.0855203125 0.71188046875 0.08367890625 0.6687484375 0.0600828125 0.6677453125 0.06075234375 0.67309453125 0.021090625 0.67576953125
3 0.05221796875 0.7299359375 0.05205 0.72308125 0.0384953125 0.7239171875 0.0392171875 0.72974375 0.05221796875 0.7299359375
3 0.2707203125 0.68262421875 0.25867109375 0.6896453125 0.26348359375 0.6946234375 0.2737328125 0.6883078125 0.2707203125 0.68262421875
1 0.2303328125 0.65453828125 0.20288828125 0.66925 0.22079453125 0.7006796875 0.27099921875 0.67326171875 0.2497453125 0.638990625 0.22882734375 0.65102734375 0.2303328125 0.65453828125
3 0.63587734375 0.69963203125 0.6356421875 0.693759375 0.62000390625 0.69129296875 0.61918125 0.69869296875 0.63587734375 0.69963203125
3 0.655865625 0.68718203125 0.65621796875 0.68119140625 0.64105078125 0.68036953125 0.64089921875 0.68621796875 0.655865625 0.68718203125
1 0.6324671875 0.6353828125 0.63235 0.62974453125 0.609775 0.6271609375 0.60942265625 0.62704296875 0.6060125 0.672146875 0.6669171875 0.6781375 0.67115 0.6382015625 0.6324671875 0.6353828125
1 0.23674375 0.4449296875 0.2543125 0.4096109375 0.202040625 0.38491015625 0.18673359375 0.4182328125 0.23674375 0.4449296875
3 0.22756015625 0.38206953125 0.22981484375 0.37700234375 0.22065703125 0.37292109375 0.21802734375 0.3766828125 0.22756015625 0.38206953125
3 0.03595859375 0.3665890625 0.03579765625 0.359971875 0.02141875 0.3596484375 0.0213921875 0.3661375 0.03595859375 0.3665890625
1 0.0742484375 0.38014609375 0.01170546875 0.37945703125 0.01269453125 0.41984921875 0.05017578125 0.42065625 0.05017578125 0.42372265625 0.07570234375 0.42485234375 0.0742484375 0.38014609375