1 0.3322546875 0.0600828125 0.32690546875 0.06075234375 0.32423046875 0.021090625 0.2853078125 0.02391484375 0.28811953125 0.0855203125 0.3312515625 0.08367890625 0.3322546875 0.0600828125
3 0.2760828125 0.0384953125 0.27025625 0.0392171875 0.2700640625 0.05221796875 0.27691875 0.05205 0.2760828125 0.0384953125
3 0.3053765625 0.26348359375 0.3116921875 0.2737328125 0.31737578125 0.2707203125 0.3103546875 0.25867109375 0.3053765625 0.26348359375
1 0.361009375 0.2497453125 0.34897265625 0.22882734375 0.34546171875 0.2303328125 0.33075 0.20288828125 0.2993203125 0.22079453125 0.32673828125 0.27099921875 0.361009375 0.2497453125
3 0.30870703125 0.62000390625 0.30130703125 0.61918125 0.30036796875 0.63587734375 0.306240625 0.6356421875 0.30870703125 0.62000390625
3 0.31963046875 0.64105078125 0.31378203125 0.64089921875 0.31281796875 0.655865625 0.31880859375 0.65621796875 0.31963046875 0.64105078125
1 0.3218625 0.6669171875 0.3617984375 0.67115 0.3646171875 0.6324671875 0.37025546875 0.63235 0.3728390625 0.609775 0.37295703125 0.60942265625 0.327853125 0.6060125 0.3218625 0.6669171875
1 0.61508984375 0.202040625 0.5817671875 0.18673359375 0.5550703125 0.23674375 0.5903890625 0.2543125 0.61508984375 0.202040625
3 0.62707890625 0.22065703125 0.6233171875 0.21802734375 0.61793046875 0.22756015625 0.62299765625 0.22981484375 0.62707890625 0.22065703125
3 0.6403515625 0.02141875 0.6338625 0.0213921875 0.6334109375 0.03595859375 0.640028125 0.03579765625 0.6403515625 0.02141875
1 0.57627734375 0.05017578125 0.57514765625 0.07570234375 0.61985390625 0.0742484375 0.62054296875 0.01170546875 0.58015078125 0.01269453125 0.57934375 0.05017578125 0.57627734375 0.05017578125