1 0.2853078125 0.97608515625 0.32423046875 0.978909375 0.32690546875 0.93924765625 0.3322546875 0.9399171875 0.3312515625 0.91632109375 0.28811953125 0.9144796875 0.2853078125 0.97608515625
3 0.27025625 0.9607828125 0.2760828125 0.9615046875 0.27691875 0.94795 0.2700640625 0.94778203125 0.27025625 0.9607828125
3 0.3116921875 0.7262671875 0.3053765625 0.73651640625 0.3103546875 0.74132890625 0.31737578125 0.7292796875 0.3116921875 0.7262671875
1 0.33075 0.79711171875 0.34546171875 0.7696671875 0.34897265625 0.77117265625 0.361009375 0.7502546875 0.32673828125 0.72900078125 0.2993203125 0.77920546875 0.33075 0.79711171875
3 0.30130703125 0.38081875 0.30870703125 0.37999609375 0.306240625 0.3643578125 0.30036796875 0.36412265625 0.30130703125 0.38081875
3 0.31378203125 0.35910078125 0.31963046875 0.35894921875 0.31880859375 0.34378203125 0.31281796875 0.344134375 0.31378203125 0.35910078125
1 0.3728390625 0.390225 0.37025546875 0.36765 0.3646171875 0.3675328125 0.3617984375 0.32885 0.3218625 0.3330828125 0.327853125 0.3939875 0.37295703125 0.39057734375 0.3728390625 0.390225
1 0.5817671875 0.81326640625 0.61508984375 0.797959375 0.5903890625 0.7456875 0.5550703125 0.76325625 0.5817671875 0.81326640625
3 0.6233171875 0.78197265625 0.62707890625 0.77934296875 0.62299765625 0.77018515625 0.61793046875 0.77243984375 0.6233171875 0.78197265625
3 0.6338625 0.9786078125 0.6403515625 0.97858125 0.640028125 0.96420234375 0.6334109375 0.96404140625 0.6338625 0.9786078125
1 0.62054296875 0.98829453125 0.61985390625 0.9257515625 0.57514765625 0.92429765625 0.57627734375 0.94982421875 0.57934375 0.94982421875 0.58015078125 0.98730546875 0.62054296875 0.98829453125