3 0.4229484375 0.203809375 0.423621875 0.19646875 0.4079890625 0.19523359375 0.40654921875 0.2030578125 0.4229484375 0.203809375
1 0.441928125 0.18905703125 0.44321640625 0.145475 0.403875 0.14478828125 0.40140703125 0.1882328125 0.441928125 0.18905703125
1 0.3898609375 0.43173515625 0.4198921875 0.45582578125 0.44375234375 0.4222640625 0.41084140625 0.39879140625 0.3898609375 0.43173515625
3 0.43161640625 0.39879140625 0.43346796875 0.39508515625 0.42449140625 0.38930546875 0.42194921875 0.38952578125 0.42133203125 0.39405546875 0.43161640625 0.39879140625
3 0.33658671875 0.8317328125 0.33189765625 0.81894140625 0.3267140625 0.82184921875 0.32979921875 0.83317421875 0.33658671875 0.8317328125
3 0.42544609375 0.90276796875 0.4233890625 0.8877375 0.4176296875 0.88794375 0.41721796875 0.90194453125 0.42544609375 0.90276796875
1 0.3725828125 0.88341328125 0.37813671875 0.91409296875 0.41145859375 0.9089453125 0.40473828125 0.8516578125 0.36415 0.859940625 0.3664125 0.88382578125 0.3725828125 0.88341328125
3 0.12825 0.6771 0.14120859375 0.6668046875 0.13793619970703125 0.6620951083984375 0.1263984375 0.671334375 0.12825 0.6771
1 0.09821875 0.7203390625 0.12825 0.74648828125 0.14614453125 0.73001640625 0.1482015625 0.732075 0.159309375 0.72075078125 0.16712578125 0.72425078125 0.18666640625 0.7071609375 0.16301171875 0.68451171875 0.1482015625 0.69871953125 0.1321578125 0.68389453125 0.09821875 0.7203390625
1 0.19146328125 0.5167765625 0.17206171875 0.47792421875 0.13524296875 0.49583828125 0.15313828125 0.53228203125 0.19146328125 0.5167765625
1 0.14204921875 0.0007625 0.1743640625 0.02424765625 0.1960546875 0 0.14204921875 0.0007625
3 0.1676203125 0.03103984375 0.15683828125 0.023775 0.15300234375 0.0284453125 0.1631625 0.0364359375 0.1676203125 0.03103984375