1 0.0635015625 0.042226562499999995 0.058615625000000005 0.11586484374999999 0.095578125 0.11798671875 0.1015265625 0.0435 0.06347421875 0.041412500000000005 0.0635015625 0.042226562499999995
1 0.374003125 0.04286328125 0.373790625 0.0212171875 0.40183125000000003 0.02206640625 0.40204375 0.02015625 0.40905390625000004 0.018882812500000002 0.410115625 0.00126953125 0.3493609375 0.00078125 0.3491078125 0.00078125 0.34723671875 0.042226562499999995 0.374003125 0.04286328125
3 0.34086015625 0.009865625 0.34212031249999997 0.00095546875 0.33444921875 0.0015453125 0.33504296875 0.010640624999999999 0.34086015625 0.009865625
1 0.63162265625 0.39194453125 0.686071875 0.3914640625 0.6865523437500001 0.35162890625 0.6324234375 0.35002890625 0.63226328125 0.35546875 0.61913203125 0.35578828125 0.6191890078125 0.38702218125 0.61881171875 0.3873046875 0.6309820312500001 0.3873046875 0.63162265625 0.39194453125
0 0.6160351562499999 0.3205921875 0.61923828125 0.26283828124999997 0.594415625 0.26091875 0.59038203125 0.319115625 0.6160351562499999 0.3205921875
1 0.915871875 0.2604765625 0.91380546875 0.29712734375 0.9627234375 0.29936484375 0.96375625 0.26408984375 0.915871875 0.2606484375 0.915871875 0.2604765625
3 0.898778125 0.25493125 0.9170406249999999 0.25450703125 0.9167578125 0.24800078124999997 0.89976875 0.24800078124999997 0.898778125 0.25493125
1 0.91915546875 0.57165703125 0.91980234375 0.62595625 0.95970546875 0.62509453125 0.95992109375 0.56993359375 0.9185078125 0.5714414062500001 0.91915546875 0.57165703125
3 0.97047578125 0.5699484375 0.9712328125 0.58584375 0.97850703125 0.5846328125 0.9780125 0.5846703125 0.97774921875 0.5690398437499999 0.97047578125 0.5699484375
3 0.445678125 0.701825 0.44699765625000004 0.6854375 0.439078125 0.68430703125 0.43832421874999994 0.69994140625 0.445678125 0.701825
1 0.52669375 0.67394765625 0.52763671875 0.63420234375 0.497153125 0.63382578125 0.49696484375 0.6227125 0.47264140625 0.6217703125 0.4722640625 0.6332609375 0.45510546874999996 0.6340140625 0.45345546875 0.67203828125 0.52669375 0.67394765625
0 0.38368437499999997 0.60010859375 0.417771875 0.604253125 0.4224859375 0.57034765625 0.38788203125 0.5651984375 0.38368437499999997 0.60010859375