3 0.19970156249999998 0.9532468749999999 0.1948234375 0.93983046875 0.18994453125 0.9428796875 0.19421328124999998 0.9556859375 0.19970156249999998 0.9532468749999999
1 0.23425859375 0.9103554687500001 0.23405546875 0.911575 0.20153125 0.9262109374999999 0.213728125 0.9556859375 0.24706484374999998 0.94226953125 0.23425859375 0.9103554687500001
4 0.306421875 0.91442109375 0.310284375 0.92295859375 0.33650703125 0.9107617187500001 0.33284765625 0.8997851562499999 0.306421875 0.91442109375
4 0.3924953125 0.89975234375 0.40681640625000004 0.89746953125 0.40411796874999995 0.8827328124999999 0.4014203125 0.8831484375 0.39436328125000003 0.85658125 0.3825328125 0.8588648437499999 0.38917421874999997 0.88231796875 0.38606093750000003 0.8843937499999999 0.3924953125 0.89975234375
4 0.41574140625 0.86135546875 0.42259062500000005 0.8760914062499999 0.42591093750000003 0.87505390625 0.43068515625000003 0.878996875 0.4373265625 0.87463828125 0.43670390625 0.87131796875 0.42445859375 0.8403921875 0.41408046875000004 0.8441281249999999 0.41864687500000003 0.8586570312499999 0.41574140625 0.86135546875
4 0.53134765625 0.8414304687499999 0.534253125 0.83976953125 0.5359140625000001 0.8414304687499999 0.5454609375 0.837071875 0.54504609375 0.8349960937500001 0.54732890625 0.8312601562499999 0.53861171875 0.813203125 0.53487578125 0.8129953125 0.53383828125 0.8098820312499999 0.53508359375 0.8080140625000001 0.53031015625 0.7970140625 0.52761171875 0.799296875 0.5259515625 0.79618359375 0.51640390625 0.8019953125000001 0.52761171875 0.8273164062499999 0.5269890625 0.83105234375 0.53134765625 0.8414304687499999
4 0.54131015625 0.80469375 0.54753671875 0.8210898437499999 0.5502351562500001 0.8206749999999999 0.557084375 0.8345812499999999 0.56725390625 0.829184375 0.55231015625 0.7880890625 0.54276328125 0.7920328125 0.5444234375 0.80386328125 0.54131015625 0.80469375
4 0.57555625 0.7943156250000001 0.579084375 0.8034484375 0.58095234375 0.80241015625 0.5855187500000001 0.8127882812499999 0.59382109375 0.8059390625 0.5867640625 0.784353125 0.577009375 0.78767421875 0.578046875 0.79244765625 0.57555625 0.7943156250000001
4 0.62702890625 0.777296875 0.62474609375 0.7785421875 0.61727421875 0.7596546875 0.60731171875 0.764428125 0.6064812500000001 0.767334375 0.6085570312499999 0.77584375 0.6118781249999999 0.77688125 0.61478359375 0.7829007812500001 0.6118781249999999 0.78497578125 0.6193500000000001 0.8019953125000001 0.6232929687500001 0.8003351562500001 0.6272367187500001 0.80531640625 0.63533125 0.8009578125000001 0.6326328125 0.79493828125 0.63470859375 0.7936929687500001 0.62702890625 0.777296875
4 0.68431328125 0.77750390625 0.6874265625 0.783315625 0.69303046875 0.78165546875 0.69614375 0.79037265625 0.7058984374999999 0.78622109375 0.7038234375 0.78020234375 0.70610625 0.77791953125 0.70320078125 0.77044765625 0.7009171875 0.77127734375 0.6959359375 0.75695625 0.68452109375 0.7606921875 0.687634375 0.7696171875 0.68431328125 0.7727304687500001 0.68431328125 0.77750390625
4 0.8200523437499999 0.75052265625 0.8200523437499999 0.744503125 0.82129765625 0.744503125 0.8215054687500001 0.73412578125 0.81984453125 0.734540625 0.8196375 0.7316351562500001 0.8082218749999999 0.7308046874999999 0.8080140625000001 0.7540507812499999 0.80469375 0.7540507812499999 0.8042781250000001 0.769825 0.8084296875 0.7696171875 0.8084296875 0.77376796875 0.8194296874999999 0.77293828125 0.8196375 0.77293828125 0.8200523437499999 0.76795703125 0.8244109375 0.76754140625 0.8244109375 0.75052265625 0.8200523437499999 0.75052265625
4 0.80012734375 0.68306796875 0.762353125 0.69074765625 0.764428125 0.70071015625 0.8022031249999999 0.69531328125 0.80012734375 0.68306796875
0 0.9985468750000001 0.34185234375 0.9975093749999999 0.32773906249999996 0.97405625 0.32856953125 0.97467890625 0.3437203125 0.9985468750000001 0.34185234375
4 0.3106125 0.22149296875000002 0.28933906249999997 0.20050625000000002 0.27697734375 0.21056796875 0.30198828125 0.2332796875 0.3106125 0.22149296875000002
4 0.32929921875 0.21286796875 0.30773828124999997 0.19303203124999999 0.29853828125000004 0.20251875 0.3192375 0.22436796874999998 0.32929921875 0.21286796875
4 0.32355 0.20021874999999997 0.3459734375 0.22408046874999998 0.35603515625000004 0.21373046874999999 0.33389921875 0.19044453125 0.32355 0.20021874999999997
4 0.39312109375 0.20251875 0.372709375 0.1800953125 0.36236015625 0.18929453125 0.38650859375 0.21171796875 0.39312109375 0.20251875
4 0.41381953125 0.19446953125 0.39340859375 0.17233281250000002 0.38219609375 0.1815328125 0.4017453125 0.20481875 0.41381953125 0.19446953125
4 0.42589375 0.20021874999999997 0.43681875000000003 0.19159453125 0.41813203125 0.16572109375 0.41698203125 0.16514609375 0.40519531249999996 0.1760703125 0.42589375 0.20021874999999997
2 0.146875 0.38203125 0.146875 0.36171875 0.1328125 0.36171875 0.1328125 0.38203125 0.146875 0.38203125
2 0.130859375 0.38125 0.130859375 0.36171875 0.119140625 0.36171875 0.119140625 0.38125 0.130859375 0.38125
2 0.116015625 0.38125 0.116015625 0.36171875 0.105859375 0.36171875 0.105859375 0.38125 0.116015625 0.38125
2 0.0715578125 0.3796828125 0.07460859375 0.3601578125 0.065253125 0.35792109375000003 0.061999218749999994 0.378259375 0.0715578125 0.3796828125
2 0.0518296875 0.37764921875 0.0565078125 0.365853125 0.04959296875 0.36198828125000004 0.04247421875 0.37663203125 0.0518296875 0.37764921875
2 0.035152343749999995 0.38049609375000004 0.040847656249999996 0.36768359375 0.02864453125 0.36178515624999996 0.02294921875 0.373784375 0.035152343749999995 0.38049609375000004
2 0.05833828125 0.3131765625 0.06566015625 0.30768515625 0.05264375 0.28917734375 0.04633828125 0.2960921875 0.05833828125 0.3131765625
2 0.06769375 0.301990625 0.07745625 0.29914296875 0.072575 0.28490625 0.06281250000000001 0.2883640625 0.06769375 0.301990625
2 0.08498125 0.29995703125 0.0937265625 0.29792265625000003 0.0888453125 0.2832796875 0.08091328125 0.28592343750000004 0.08498125 0.29995703125
2 0.12097968750000002 0.2934484375 0.12870859375000002 0.284703125 0.11548906249999999 0.2733140625 0.1083703125 0.282059375 0.12097968750000002 0.2934484375
2 0.09962499999999999 0.29771953125 0.10898046875 0.294465625 0.10389609375 0.28022890624999997 0.09474375 0.28409296875 0.09962499999999999 0.29771953125
2 0.02254296875 0.31480390625 0.04227109375 0.31663437499999997 0.04247421875 0.306871875 0.023356250000000002 0.304634375 0.02254296875 0.31480390625
2 0.20335 0.25704296875 0.21351953125 0.25175546875 0.20172265625 0.23060312500000002 0.19460468749999998 0.24138281250000002 0.20335 0.25704296875
2 0.23467109375 0.24138281250000002 0.24239921875 0.2340609375 0.22856953125 0.21962031249999997 0.2216546875 0.22714609375 0.23467109375 0.24138281250000002
2 0.2552125 0.2293828125 0.26599218750000003 0.22429843749999998 0.25582265625 0.20192656250000002 0.2442296875 0.20660390624999997 0.2552125 0.2293828125
2 0.22267109375 0.2487046875 0.22897656249999998 0.2417890625 0.21596015624999998 0.22450156250000003 0.2072140625 0.23345078125000002 0.22267109375 0.2487046875
2 0.160746875 0.9702390624999999 0.169934375 0.9670046875 0.16359375 0.9521242187500001 0.15298359374999998 0.9551000000000001 0.160746875 0.9702390624999999