3 0.80578671875 0.9556859375 0.8100554687500001 0.9428796875 0.8051765625 0.93983046875 0.8002984375000001 0.9532468749999999 0.80578671875 0.9556859375
1 0.76574140625 0.9103554687500001 0.75293515625 0.94226953125 0.786271875 0.9556859375 0.79846875 0.9262109374999999 0.76594453125 0.911575 0.76574140625 0.9103554687500001
4 0.66715234375 0.8997851562499999 0.66349296875 0.9107617187500001 0.689715625 0.92295859375 0.6935781249999999 0.91442109375 0.66715234375 0.8997851562499999
4 0.5985796875 0.8831484375 0.59588203125 0.8827328124999999 0.59318359375 0.89746953125 0.6075046875 0.89975234375 0.6139390625 0.8843937499999999 0.61082578125 0.88231796875 0.6174671875 0.8588648437499999 0.60563671875 0.85658125 0.5985796875 0.8831484375
4 0.5626734375 0.87463828125 0.56931484375 0.878996875 0.5740890624999999 0.87505390625 0.577409375 0.8760914062499999 0.58425859375 0.86135546875 0.5813531249999999 0.8586570312499999 0.58591953125 0.8441281249999999 0.5755414062499999 0.8403921875 0.56329609375 0.87131796875 0.5626734375 0.87463828125
4 0.47238828125000004 0.799296875 0.46968984375 0.7970140625 0.46491640624999997 0.8080140625000001 0.46616171875 0.8098820312499999 0.46512421875000004 0.8129953125 0.46138828125 0.813203125 0.45267109375 0.8312601562499999 0.45495390625 0.8349960937500001 0.4545390625 0.837071875 0.4640859375 0.8414304687499999 0.46574687499999995 0.83976953125 0.46865234375 0.8414304687499999 0.47301093749999995 0.83105234375 0.47238828125000004 0.8273164062499999 0.48359609375 0.8019953125000001 0.47404843750000003 0.79618359375 0.47238828125000004 0.799296875
4 0.44291562500000003 0.8345812499999999 0.44976484375 0.8206749999999999 0.45246328125 0.8210898437499999 0.45868984375000005 0.80469375 0.4555765625 0.80386328125 0.45723671875000005 0.7920328125 0.44768984375 0.7880890625 0.43274609374999995 0.829184375 0.44291562500000003 0.8345812499999999
4 0.41448124999999997 0.8127882812499999 0.41904765624999996 0.80241015625 0.420915625 0.8034484375 0.42444375 0.7943156250000001 0.42195312500000004 0.79244765625 0.422990625 0.78767421875 0.4132359375 0.784353125 0.40617890624999997 0.8059390625 0.41448124999999997 0.8127882812499999
4 0.37670703125 0.8003351562500001 0.38065000000000004 0.8019953125000001 0.388121875 0.78497578125 0.38521640625 0.7829007812500001 0.388121875 0.77688125 0.39144296875 0.77584375 0.39351875000000003 0.767334375 0.39268828125 0.764428125 0.38272578125 0.7596546875 0.37525390625 0.7785421875 0.37297109375000004 0.777296875 0.36529140625 0.7936929687500001 0.3673671875 0.79493828125 0.36466875 0.8009578125000001 0.37276328125 0.80531640625 0.37670703125 0.8003351562500001
4 0.2990828125 0.77127734375 0.29679921875000004 0.77044765625 0.29389375 0.77791953125 0.2961765625 0.78020234375 0.29410156249999997 0.78622109375 0.30385625 0.79037265625 0.30696953125 0.78165546875 0.3125734375 0.783315625 0.31568671875 0.77750390625 0.31568671875 0.7727304687500001 0.312365625 0.7696171875 0.31547890624999997 0.7606921875 0.3040640625 0.75695625 0.2990828125 0.77127734375
4 0.1805703125 0.77293828125 0.1915703125 0.77376796875 0.1915703125 0.7696171875 0.195721875 0.769825 0.19530625 0.7540507812499999 0.19198593749999998 0.7540507812499999 0.191778125 0.7308046874999999 0.1803625 0.7316351562500001 0.18015546875 0.734540625 0.17849453125 0.73412578125 0.17870234375 0.744503125 0.17994765625 0.744503125 0.17994765625 0.75052265625 0.1755890625 0.75052265625 0.1755890625 0.76754140625 0.17994765625 0.76795703125 0.1803625 0.77293828125 0.1805703125 0.77293828125
4 0.197796875 0.69531328125 0.235571875 0.70071015625 0.23764687499999998 0.69074765625 0.19987265625 0.68306796875 0.197796875 0.69531328125
0 0.025321093750000002 0.3437203125 0.025943749999999998 0.32856953125 0.0024906250000000002 0.32773906249999996 0.001453125 0.34185234375 0.025321093750000002 0.3437203125
4 0.69801171875 0.2332796875 0.7230226562500001 0.21056796875 0.7106609374999999 0.20050625000000002 0.6893875 0.22149296875000002 0.69801171875 0.2332796875
4 0.6807624999999999 0.22436796874999998 0.70146171875 0.20251875 0.69226171875 0.19303203124999999 0.67070078125 0.21286796875 0.6807624999999999 0.22436796874999998
4 0.66610078125 0.19044453125 0.64396484375 0.21373046874999999 0.6540265625 0.22408046874999998 0.67645 0.20021874999999997 0.66610078125 0.19044453125
4 0.61349140625 0.21171796875 0.6376398437499999 0.18929453125 0.627290625 0.1800953125 0.60687890625 0.20251875 0.61349140625 0.21171796875
4 0.5982546875 0.20481875 0.61780390625 0.1815328125 0.60659140625 0.17233281250000002 0.5861804687500001 0.19446953125 0.5982546875 0.20481875
4 0.57410625 0.20021874999999997 0.5948046875 0.1760703125 0.58301796875 0.16514609375 0.58186796875 0.16572109375 0.56318125 0.19159453125 0.57410625 0.20021874999999997
2 0.8671875 0.38203125 0.8671875 0.36171875 0.853125 0.36171875 0.853125 0.38203125 0.8671875 0.38203125
2 0.880859375 0.38125 0.880859375 0.36171875 0.869140625 0.36171875 0.869140625 0.38125 0.880859375 0.38125
2 0.894140625 0.38125 0.894140625 0.36171875 0.883984375 0.36171875 0.883984375 0.38125 0.894140625 0.38125
2 0.9380007812500001 0.378259375 0.9347468750000001 0.35792109375000003 0.9253914062499999 0.3601578125 0.9284421875 0.3796828125 0.9380007812500001 0.378259375
2 0.95752578125 0.37663203125 0.9504070312499999 0.36198828125000004 0.9434921875000001 0.365853125 0.9481703125 0.37764921875 0.95752578125 0.37663203125
2 0.97705078125 0.373784375 0.97135546875 0.36178515624999996 0.9591523437499999 0.36768359375 0.9648476562500001 0.38049609375000004 0.97705078125 0.373784375
2 0.9536617187499999 0.2960921875 0.94735625 0.28917734375 0.9343398437499999 0.30768515625 0.94166171875 0.3131765625 0.9536617187499999 0.2960921875
2 0.9371875 0.2883640625 0.927425 0.28490625 0.92254375 0.29914296875 0.9323062500000001 0.301990625 0.9371875 0.2883640625
2 0.91908671875 0.28592343750000004 0.9111546875000001 0.2832796875 0.9062734375 0.29792265625000003 0.91501875 0.29995703125 0.91908671875 0.28592343750000004
2 0.8916296875 0.282059375 0.8845109375 0.2733140625 0.8712914062499999 0.284703125 0.8790203125 0.2934484375 0.8916296875 0.282059375
2 0.9052562500000001 0.28409296875 0.8961039062499999 0.28022890624999997 0.8910195312500001 0.294465625 0.900375 0.29771953125 0.9052562500000001 0.28409296875
2 0.97664375 0.304634375 0.95752578125 0.306871875 0.9577289062500001 0.31663437499999997 0.9774570312499999 0.31480390625 0.97664375 0.304634375
2 0.8053953125 0.24138281250000002 0.7982773437499999 0.23060312500000002 0.78648046875 0.25175546875 0.79665 0.25704296875 0.8053953125 0.24138281250000002
2 0.7783453125 0.22714609375 0.77143046875 0.21962031249999997 0.7576007812500001 0.2340609375 0.7653289062499999 0.24138281250000002 0.7783453125 0.22714609375
2 0.7557703124999999 0.20660390624999997 0.74417734375 0.20192656250000002 0.7340078125 0.22429843749999998 0.7447874999999999 0.2293828125 0.7557703124999999 0.20660390624999997
2 0.7927859374999999 0.23345078125000002 0.78403984375 0.22450156250000003 0.7710234375 0.2417890625 0.77732890625 0.2487046875 0.7927859374999999 0.23345078125000002
2 0.8470164062500001 0.9551000000000001 0.8364062499999999 0.9521242187500001 0.8300656249999999 0.9670046875 0.8392531249999999 0.9702390624999999 0.8470164062500001 0.9551000000000001