1 0.993825 0.045496875 0.9988992187499999 0.0450734375 0.99974453125 0.02414453125 0.9887515625000001 0.02435625 0.9889625000000001 0.036617187499999995 0.99403671875 0.037040625 0.993825 0.045496875
4 0.83315546875 0.30193359375 0.84710859375 0.28565546875000003 0.775653125 0.22519296875 0.76148828125 0.24041406250000003 0.83315546875 0.30193359375
3 0.76698828125 0.2021484375 0.78199609375 0.2021484375 0.78199609375 0.1958046875 0.76698828125 0.1958046875 0.76698828125 0.2021484375
1 0.85916015625 0.4497109375 0.89404296875 0.4497109375 0.89404296875 0.4091171875 0.85916015625 0.4091171875 0.85916015625 0.4497109375
4 0.69996953125 0.18016328125 0.784109375 0.1841796875 0.7855890624999999 0.16409609375 0.7020835937500001 0.159021875 0.69996953125 0.18016328125
4 0.6936265625 0.1412640625 0.77692109375 0.14443515625 0.7764984375 0.1237171875 0.69468359375 0.12096875 0.6936265625 0.1412640625
3 0.33634765624999996 0.6560390625 0.34416796875 0.6560390625 0.34416796875 0.6357421875 0.33634765624999996 0.6357421875 0.33634765624999996 0.6560390625
3 0.32810546875 0.6551953125 0.33634765624999996 0.6551953125 0.33634765624999996 0.6348984375 0.32810546875 0.6348984375 0.32810546875 0.6551953125
3 0.20823593749999997 0.8255890625 0.20231640624999997 0.826434375 0.20421953125 0.8477867187499999 0.20696796874999998 0.8473640625 0.21077265625 0.84694140625 0.20823593749999997 0.8255890625
3 0.19428281249999999 0.82812578125 0.197665625 0.8477867187499999 0.20379687500000002 0.84694140625 0.20210546875 0.8262234375 0.19428281249999999 0.82812578125
0 0.18625 0.8192468749999999 0.20823593749999997 0.80825390625 0.19956875000000002 0.79303203125 0.17758203125 0.8025453125 0.18625 0.8192468749999999
1 0.27990312500000003 0.680140625 0.2179609375 0.6831007812500001 0.21986328125000001 0.72834140625 0.20443046874999998 0.7291875 0.20633359375000002 0.773371875 0.22240000000000001 0.77379453125 0.22178923125 0.7854104320312499 0.28222890624999997 0.78246171875 0.28222890624999997 0.7729484375 0.29681562499999997 0.7729484375 0.2953359375 0.7258046874999999 0.28032578125 0.72559375 0.27990312500000003 0.680140625
0 0.154115625 0.59938359375 0.19238046875 0.5928296875 0.18455859375 0.553296875 0.1477734375 0.55942734375 0.154115625 0.59938359375