1 0.89265234375 0.89898359375 0.89174765625 0.9139437499999999 0.8905421875 0.9139437499999999 0.8896375000000001 0.92338125 0.8769734375 0.9232812499999999 0.877275 0.9468757812499999 0.9150515625000001 0.9477328125 0.9150140625000001 0.89563046875 0.9070859375 0.89563046875 0.9061203125 0.8999874999999999 0.89265234375 0.89898359375
1 0.79630078125 0.98546328125 0.8131976562500001 0.98508125 0.8143664062499999 0.95300390625 0.79429375 0.9528789062499999 0.79630078125 0.98546328125
3 0.81281640625 1 0.81281640625 0.99475 0.80144921875 0.99475 0.80144921875 1 0.81281640625 1
0 0.8144570312500001 0.74096640625 0.820546875 0.7101984375 0.7999125 0.70540703125 0.7945546875 0.7236328125 0.7937890624999999 0.73497578125 0.8144570312500001 0.74096640625
0 0.6692296875 0.7015046875000001 0.66958828125 0.7320320312499999 0.7029 0.73487265625 0.7014781250000001 0.70139140625 0.6692296875 0.7015046875000001
0 0.29894921874999997 0.81299765625 0.29473515625 0.8575523437499999 0.33090625 0.8600078124999999 0.33143359375000003 0.8607093750000001 0.3331890625 0.8158046875 0.29894921874999997 0.81299765625
1 0.23524609375 0.8224703124999999 0.25403359375 0.8224703124999999 0.25403359375 0.82896015625 0.28951484375000003 0.8290906250000001 0.28946796875 0.77896796875 0.27454296875 0.7763375 0.23542187499999997 0.77475859375 0.23524609375 0.8224703124999999
0 0.27115625 0.75368046875 0.2905828125 0.7549328125 0.29128125 0.726253125 0.27173125 0.7240992187499999 0.27115625 0.75368046875
0 0.1200359375 0.768040625 0.11863359375 0.8023374999999999 0.13671093750000002 0.8027914062500001 0.1378609375 0.76875859375 0.1200359375 0.768040625
1 0.0434328125 0.9992820312499999 0.044544531250000005 0.96791640625 0.027582812499999998 0.96777265625 0.025139062499999996 0.9995078124999999 0.0434328125 0.9992820312499999
1 0.077290625 0.99017421875 0.07786562500000001 0.9806968749999999 0.08375859375 0.9808398437499999 0.08361484375 0.9897429687500001 0.10548984374999999 0.9889390625000001 0.10603906249999999 0.9535562499999999 0.064640625 0.9514023437500001 0.062771875 0.99003046875 0.077290625 0.99017421875
0 0.73966015625 0.62902109375 0.73977109375 0.62938515625 0.7453531250000001 0.59911796875 0.72294921875 0.595815625 0.71743984375 0.6229671875 0.73966015625 0.62902109375
1 0.38968671875 0.74094453125 0.37701562499999997 0.737459375 0.37297578124999997 0.75250234375 0.364528125 0.7514015625 0.36379375 0.7737828125 0.40228515624999994 0.774575 0.40217421875000003 0.75598828125 0.38876875 0.7543367187500001 0.38968671875 0.74094453125