4 0.76784296875 0.86760703125 0.73836484375 0.9611492187499999 0.76041171875 0.9680781250000001 0.7882179687499999 0.876090625 0.76784296875 0.86760703125
3 0.78278046875 0.855703125 0.78043125 0.8623531249999999 0.79374375 0.8691984375 0.79711640625 0.8631851562499999 0.78278046875 0.855703125
1 0.25175078125 0.8475578125000001 0.21479765624999997 0.855515625 0.23404843749999998 0.9103382812499999 0.26815859375 0.90001328125 0.25175078125 0.8475578125000001
4 0.1929640625 0.614365625 0.10135390625 0.59093359375 0.0953796875 0.6121554687499999 0.18656015625 0.63763828125 0.1929640625 0.614365625
3 0.15357578125 0.6375765624999999 0.1360953125 0.63182890625 0.134325 0.64155546875 0.1504046875 0.6446046875 0.15357578125 0.6375765624999999
1 0.17843359375 0.498090625 0.1350625 0.51400625 0.14524140624999998 0.547828125 0.19020859375000002 0.53481171875 0.17843359375 0.498090625
0 0.9140546875 0.4456171875 0.863603125 0.458659375 0.8746671875 0.50066015625 0.9259203125000001 0.48638359375 0.9140546875 0.4456171875
1 0.9032125000000001 0.44075390625 0.90055703125 0.42771171875 0.91051484375 0.42527968749999995 0.89834453125 0.37996328125 0.88241171875 0.3835 0.8644882812500001 0.3881421875 0.8811406249999999 0.44657890624999996 0.9032125000000001 0.44075390625
1 0.0717421875 0.12168125 0.00535859375 0.12875546875 0.0091203125 0.171640625 0.0764359375 0.16596093750000002 0.075946875 0.14356640625 0.0717421875 0.12168125
1 0.6848375 0 0.6587265625 0.00430078125 0.67465859375 0.08675468750000001 0.710646875 0.07905546875 0.69324609375 0 0.6848375 0
0 0.72887265625 0.08653359375 0.67598671875 0.09758671875 0.68461640625 0.14179765625000001 0.738178125 0.1317953125 0.72887265625 0.08653359375