1 0.98178515625 0.8999937499999999 0.9506585937500001 0.913046875 0.9735515625 0.97469765625 0.99921875 0.9652593749999999 0.99921875 0.94136171875 0.98178515625 0.8999937499999999
1 0.28274765625 0.00078125 0.26848984374999996 0.00656796875 0.28335 0.0433171875 0.33395546875000004 0.02243203125 0.3245171875 0.00078125 0.28274765625 0.00078125
1 0.983190625 0.9014 0.99921875 0.89437109375 0.99921875 0.8793101562500001 0.9982515624999999 0.8728843749999999 0.9693343750000001 0.885334375 0.9763632812499999 0.9011992187500001 0.9819859375 0.8991906249999999 0.983190625 0.9014
1 0.92254453125 0.8495898437499999 0.92917109375 0.84738046875 0.93378984375 0.8600320312499999 0.97455546875 0.84356484375 0.96069921875 0.80621328125 0.913909375 0.8262953124999999 0.92254453125 0.8495898437499999
4 0.8436242187499999 0.65921640625 0.8588859375 0.6525898437500001 0.8371984375 0.59716484375 0.8219359374999999 0.6037921875000001 0.8436242187499999 0.65921640625
0 0.79924375 0.6827124999999999 0.8088835937500001 0.67909765625 0.7996460937500001 0.65961875 0.7904085937499999 0.66383515625 0.79924375 0.6827124999999999
4 0.9207375000000001 0.5459570312500001 0.9197328125 0.5431453125 0.9269624999999999 0.5417398437500001 0.92716328125 0.54354765625 0.9362 0.54093671875 0.9359992187499999 0.5385265625 0.9386093750000001 0.538125 0.93640078125 0.52708046875 0.8972421875000001 0.5377234375 0.8998523437499999 0.5483671875 0.90406953125 0.5477640625 0.9050734374999999 0.55137890625 0.9207375000000001 0.5459570312500001
1 0.8291640625 0.41096562499999995 0.8173625 0.37222656249999997 0.78862890625 0.38454062499999997 0.8001734375 0.42097109374999997 0.8291640625 0.41096562499999995
4 0.79950078125 0.27259765625 0.8066070312500001 0.27242421875 0.8067804687500001 0.25994609375 0.7622382812499999 0.2608125 0.76258515625 0.27277109374999997 0.7816492187499999 0.27225156250000004 0.7816492187499999 0.27571796875 0.79967421875 0.27554453125 0.79950078125 0.27259765625
4 0.7525328124999999 0.22770937500000002 0.7280953125 0.2282296875 0.7280953125 0.24261484375000003 0.7126703125 0.24226796875 0.71284375 0.25353359375 0.7563453124999999 0.254053125 0.75651875 0.2436546875 0.7525328124999999 0.24330781250000003 0.7525328124999999 0.22770937500000002
1 0.43193593750000003 0.30433125 0.43560156250000004 0.30433125 0.44271796874999997 0.3237390625 0.45846015625 0.31683828125 0.451990625 0.303253125 0.45587265625000006 0.302390625 0.449403125 0.28406015625 0.44616796875000003 0.28535468750000004 0.44056171875 0.27090625 0.42180078125 0.27866953125 0.42913281249999996 0.29419609375 0.42740703125 0.29570546875 0.43193593750000003 0.30433125
1 0.45018984375000004 0.37834765625 0.44281249999999994 0.37994218750000003 0.44101875 0.3721671875 0.41808984374999997 0.37994218750000003 0.42726171874999996 0.40606093750000005 0.44879375 0.40027890624999996 0.44719921874999996 0.3921046875 0.453978125 0.39031015625 0.45018984375000004 0.37834765625
0 0.46414609375 0.37376171875 0.48308671875 0.3669828125 0.47909921874999994 0.35242890625 0.4587625 0.3576125 0.46414609375 0.37376171875
0 0.47311796875 0.44733124999999996 0.50202734375 0.43516953125 0.499634375 0.41842187500000005 0.46613984375 0.43018515625 0.47311796875 0.44733124999999996
1 0.44959140625 0.48660859375000004 0.47909921874999994 0.47464609375 0.46295000000000003 0.43018515625 0.43284374999999997 0.44314453125000003 0.44959140625 0.48660859375000004
3 0.4852796875 0.46487656250000003 0.4906625 0.46268359375 0.48508046875 0.45371171875 0.48009609375 0.45650234375 0.4852796875 0.46487656250000003
1 0.49485 0.5276796874999999 0.48428281249999994 0.496378125 0.4587625 0.50654609375 0.470725 0.53725 0.49485 0.5276796874999999
0 0.531734375 0.5211 0.50800859375 0.53106875 0.5141890625000001 0.548015625 0.5391109375 0.53744921875 0.531734375 0.5211
4 0.5789859374999999 0.5410375000000001 0.54947890625 0.5526015625 0.55346640625 0.5627695312500001 0.5819765625 0.5496109375 0.5789859374999999 0.5410375000000001
1 0.5132125000000001 0.6460171875 0.5357234375 0.6361046875 0.5305609375 0.61958203125 0.53840859375 0.61462578125 0.5309734374999999 0.60016875 0.49978828125 0.611940625 0.5132125000000001 0.6460171875
0 0.5070171875 0.6860828125 0.520234375 0.71355078125 0.5446046875 0.7034312500000001 0.53345234375 0.67555078125 0.5070171875 0.6860828125
1 0.56525703125 0.7327578124999999 0.55720234375 0.71210546875 0.5212671875 0.7329640625 0.5307671875 0.7517578125 0.56525703125 0.7327578124999999
0 0.5826046875 0.7943015625000001 0.572071875 0.76869296875 0.54625625 0.781084375 0.5590609375 0.8069000000000001 0.5826046875 0.7943015625000001
4 0.64766015625 0.8467593750000001 0.68875859375 0.8273460937499999 0.6844210937499999 0.8164 0.6427031249999999 0.8364328125 0.64766015625 0.8467593750000001
1 0.6569539062499999 0.91573828125 0.64597781640625 0.8862654609374999 0.6458015625 0.8866179687500001 0.64570630390625 0.88665744609375 0.64559453125 0.886825 0.645621034375 0.886692784375 0.5999531250000001 0.90561875 0.6084203125000001 0.92751015625 0.62060546875 0.9235859375000001 0.6234968750000001 0.9322601562499999 0.6569539062499999 0.91573828125
0 0.66376875 0.978728125 0.689378125 0.9684015625000001 0.6817367187500001 0.9427929687500001 0.65364921875 0.955390625 0.66376875 0.978728125
0 0.30883906250000004 0.0863171875 0.27897734375 0.09889140625000001 0.29102656250000003 0.12508593750000002 0.31957890624999996 0.11094062499999999 0.30883906250000004 0.0863171875
1 0.33398671874999997 0.1662125 0.37825625 0.1444703125 0.3641109375 0.11094062499999999 0.31669765625 0.1305875 0.33398671874999997 0.1662125
1 0.326128125 0.22908046875000002 0.38166171875 0.20393359375000003 0.3690875 0.17773828125 0.314078125 0.19921796875 0.326128125 0.22908046875000002
0 0.3895203125 0.21152968749999998 0.43038437500000004 0.19240703125 0.418334375 0.16647421874999999 0.37616015625 0.18376328125000002 0.3895203125 0.21152968749999998
2 0.66132421875 0.5450109375000001 0.65200546875 0.549725 0.64290546875 0.55345234375 0.65386875 0.579984375 0.6627492187499999 0.577134375 0.6721781250000001 0.5731875 0.66132421875 0.5450109375000001