1 0.8328078124999999 0.1449 0.83298203125 0.1452484375 0.8034250000000001 0.204075 0.83611171875 0.2195640625 0.86375625 0.15986796875 0.83285234375 0.14488203125000002 0.8328078124999999 0.1449
3 0.8581929687500001 0.19398046875 0.8494992187499999 0.20755546875 0.8569757812500001 0.21173281249999998 0.86441953125 0.19706015625 0.8581929687500001 0.19398046875
3 0.7052859375 0.3657421875 0.713384375 0.37732265625 0.7191359375 0.37368671875000004 0.7103765625 0.3618046875 0.7052859375 0.3657421875
1 0.6796031250000001 0.37732265625 0.67173671875 0.38705 0.66317578125 0.3796390625 0.62754375 0.42526562500000004 0.6564656249999999 0.44842734375 0.69865234375 0.39278203125 0.6796031250000001 0.37732265625
3 0.44653984375 0.808325 0.44931640625 0.81411484375 0.46256640625 0.8055851562499999 0.45695234375 0.80021875 0.44653984375 0.808325
1 0.401884375 0.786321875 0.4266421875 0.814346875 0.47714765625 0.769825 0.45255625000000005 0.74370546875 0.401884375 0.786321875
3 0.22445546875 0.9138554687499999 0.22746328125 0.91825625 0.24210390624999997 0.9125179687499999 0.23741249999999997 0.90598125 0.22445546875 0.9138554687499999
1 0.19090546875 0.8726289062499999 0.20848984375000001 0.9025070312500001 0.25731015625000003 0.871934375 0.23810625000000002 0.8429828125000001 0.19090546875 0.8726289062499999
1 0.11167109374999999 0.46756640625 0.13479453125000002 0.4931984375 0.1757640625 0.4534296875 0.169090625 0.44379843750000003 0.1771609375 0.43603125 0.16075390625 0.41830156250000006 0.11167109374999999 0.46756640625
3 0.14565703125 0.40651562500000005 0.1365015625 0.41490390625 0.14069140625 0.41940937500000003 0.141659375 0.42039765625000003 0.15031328125 0.41257421875 0.14565703125 0.40651562500000005
1 0.39770078125 0.16226093749999998 0.41353046875 0.195815625 0.46458750000000004 0.17018359375 0.4511359375 0.13956328125 0.39770078125 0.16226093749999998