1 0.7614062500000001 0.9107289062499999 0.72264765625 0.90214921875 0.71824296875 0.9252484375 0.72264765625 0.9276687499999999 0.71824296875 0.9578085937499999 0.75065625 0.96568359375 0.7614062500000001 0.9107289062499999
3 0.77461953125 0.9604484375 0.7669117187500001 0.9564882812500001 0.76382890625 0.96748828125 0.7694726562499999 0.97129609375 0.77461953125 0.9604484375
3 0.32515859375 0.8532953125 0.31855859375 0.853478125 0.320265625 0.8688140625 0.3275421875 0.86721484375 0.32515859375 0.8532953125
1 0.37374296875 0.8364453125000001 0.369159375 0.8357125 0.33817578125000003 0.84468671875 0.3529703125 0.9045406249999999 0.3876765625 0.8935882812499999 0.37374296875 0.8364453125000001
3 0.2917046875 0.6665875 0.2852875 0.6697015625 0.2883859375 0.6822078125 0.2944546875 0.68123984375 0.2917046875 0.6665875
1 0.34322265625 0.65504921875 0.33882265624999997 0.6545 0.33790546875 0.6251953125 0.31920546875 0.624096875 0.30178828125 0.62629453125 0.3032546875 0.6839875 0.345275 0.6816578125 0.34322265625 0.65504921875
1 0.58092109375 0.5427765625000001 0.5581875000000001 0.5691507812500001 0.5800046875 0.5885648437500001 0.5774375 0.59204453125 0.5959546875 0.609078125 0.62339765625 0.5783234375 0.58092109375 0.5427765625000001
3 0.63280546875 0.5634734375 0.623271875 0.5526671875 0.61850546875 0.558528125 0.62730546875 0.5671359375 0.63280546875 0.5634734375
3 0.7255140625000001 0.74277890625 0.71433046875 0.747175 0.71653046875 0.75266953125 0.72700703125 0.7495398437499999 0.7255140625000001 0.74277890625
1 0.6838960937499999 0.6856359375000001 0.64557890625 0.69699140625 0.66482890625 0.75120390625 0.70227265625 0.73882109375 0.6838960937499999 0.6856359375000001
1 0.86008046875 0.41294140625000003 0.8091125 0.43894921875000004 0.8256125000000001 0.47264921875 0.87678671875 0.44943046875 0.86008046875 0.41294140625000003
3 0.8523804687500001 0.47173359374999996 0.84064609375 0.47612890625000004 0.842846875 0.48308906250000005 0.85645 0.47856171875 0.8523804687500001 0.47173359374999996
3 0.3378859375 0.33378828125000004 0.32706875 0.342396875 0.33153359375 0.3480203125 0.34191875 0.3391 0.3378859375 0.33378828125000004
1 0.381703125 0.3627265625 0.39930390625 0.3440453125 0.37106953125 0.31510703125 0.33128515625 0.3599796875 0.360115625 0.38292265625 0.379503125 0.35979609375 0.381703125 0.3627265625
1 0.58160390625 0.26968515625 0.5277023437499999 0.289465625 0.53521953125 0.3052171875 0.5438359375 0.3248140625 0.565103125 0.317121875 0.5640031249999999 0.3130921875 0.5931671875 0.30294921874999997 0.58160390625 0.26968515625
3 0.5693203125 0.26016093749999997 0.55226953125 0.26290859375000003 0.55336953125 0.2674875 0.56788359375 0.26529765625 0.5693203125 0.26016093749999997
1 0.9395164062499999 0.09828281250000001 0.88378203125 0.102678125 0.886165625 0.13784375 0.9184328125000001 0.13582890625 0.91879921875 0.1380265625 0.94411875 0.1369546875 0.9395164062499999 0.09828281250000001
1 0.7429820312500001 0.17548125 0.70869765625 0.22401718750000002 0.7442656249999999 0.24764375 0.7567328125 0.22969453125 0.754715625 0.2273140625 0.7773 0.197690625 0.7429820312500001 0.17548125
3 0.72098125 0.1743828125 0.71401484375 0.18390625 0.71401484375 0.18793593749999998 0.71841484375 0.19013359375 0.72673203125 0.178453125 0.72098125 0.1743828125