2 0.18771640625 0.8974789062499999 0.1749015625 0.9221234375 0.1532140625 0.92836640625 0.1749015625 0.99967109375 0.2557359375 0.9792984375 0.23832031250000002 0.9079937499999999 0.21071796874999998 0.9135796875000001 0.18771640625 0.8974789062499999
2 0.029334375000000003 0.715109375 0.0020617187499999997 0.72233828125 0.032949218749999995 0.83373203125 0.04510703125 0.83044609375 0.047407031249999995 0.837675 0.19494609375 0.8005437499999999 0.16635781249999998 0.69046484375 0.031635156250000004 0.72201015625 0.029334375000000003 0.715109375
2 0.3940734375 0.7229953124999999 0.36187109375 0.73186796875 0.3740296875 0.776228125 0.40688828125 0.767684375 0.42956171875000004 0.8501617187500001 0.52156796875 0.82650234375 0.4663640625 0.61718828125 0.37238671874999996 0.640846875 0.3940734375 0.7229953124999999
0 0.21702343750000003 0.5313328125 0.28548046875 0.51323125 0.26441640624999996 0.43588828125 0.19760546875 0.45530625 0.21702343750000003 0.5313328125
0 0.32109296875000004 0.44202890625 0.3345046875 0.49660078125 0.37127109375 0.48781328124999995 0.357859375 0.43439843749999996 0.34791640625000003 0.43439843749999996 0.32109296875000004 0.44202890625
2 0.14072890625 0.4288484375 0.16500859375000002 0.42283671875 0.157840625 0.39601328125 0.1337921875 0.40179375000000006 0.14072890625 0.4288484375
2 0.02418671875 0.43462968750000003 0.0831515625 0.41821171875 0.06603984375000001 0.35716562500000004 0.023492968750000003 0.37011484375000003 0.02418671875 0.43462968750000003
1 0.0334359375 0.17842031249999998 0.02372421875 0.1809640625 0.023492968750000003 0.253340625 0.0348234375 0.24987187500000002 0.031817187499999997 0.23923515625 0.04985390625 0.2350734375 0.0334359375 0.17842031249999998
2 0.12246171875 0.00078125 0.07343984375 0.011931250000000001 0.09078203124999999 0.08107031249999999 0.0782953125 0.0824578125 0.08546406250000001 0.10905000000000001 0.09679453125000001 0.10858749999999999 0.1076625 0.14558515625 0.09517578125000001 0.14836015625 0.10280625000000002 0.17495234375 0.11413671875 0.17333359375 0.12546718750000002 0.21819296875 0.11483046875 0.22073671875 0.1256984375 0.26374609375 0.1809640625 0.252646875 0.19830703125 0.24640390625 0.154371875 0.07043359375 0.13656718750000002 0.00078125 0.12246171875 0.00078125
1 0.11317109375 0.9995921875 0.09489453125 0.9369249999999999 0.00098515625 0.96174296875 0.00078125 0.99829921875 0.11317109375 0.9995921875
2 0.09378828125000001 0.29750703125 0.10118750000000001 0.32363671875 0.12084296875 0.31762421875 0.10905000000000001 0.2794703125 0.0868515625 0.2852515625 0.09055078125 0.299125 0.09378828125000001 0.29750703125