1 0.9161742187499999 0.77497734375 0.92955078125 0.80143359375 0.9450078124999999 0.79400234375 0.9482773437500001 0.8023250000000001 0.997325 0.7824093750000001 0.97978671875 0.7399015624999999 0.93103671875 0.75981796875 0.9331171875000001 0.768140625 0.9161742187499999 0.77497734375
0 0.87247734375 0.8374015625 0.8579117187499999 0.8076757812500001 0.8136210937499999 0.836509375 0.8287812499999999 0.8617765625 0.87247734375 0.8374015625
1 0.7847867187500001 0.8834757812499999 0.7788421875 0.85999296875 0.76397890625 0.86385703125 0.74911640625 0.81718828125 0.716715625 0.82580859375 0.72949765625 0.86861328125 0.7425765625 0.86504609375 0.75298046875 0.9033921875 0.77319375 0.8977445312500001 0.77111328125 0.887934375 0.7847867187500001 0.8834757812499999
1 0.49823281250000007 0.8314562499999999 0.48039765624999997 0.787759375 0.44413203125 0.8011359375 0.46464296875000005 0.8466164062500001 0.49823281250000007 0.8314562499999999
1 0.27677734374999996 0.94471015625 0.26013125000000004 0.8977445312500001 0.21911015625000002 0.9134984375 0.23545937499999997 0.9598703125 0.27677734374999996 0.94471015625
0 0.16055078125 0.9759226562500001 0.14331015625000001 0.9206328125000001 0.1022890625 0.9346039062499999 0.11774609375 0.98811015625 0.16055078125 0.9759226562500001
0 0.0832640625 0.9105257812499999 0.07018515625 0.87723359375 0.03332578125 0.892690625 0.047890625 0.9256859375 0.0832640625 0.9105257812499999
1 0.69144921875 0.66380390625 0.7247414062499999 0.7253359374999999 0.74911640625 0.71017578125 0.716715625 0.6519140625000001 0.69144921875 0.66380390625
0 0.8475078125 0.6691546875000001 0.831753125 0.6435906250000001 0.8052976562499999 0.6593453125 0.8189710937499999 0.6837203125 0.8475078125 0.6691546875000001
1 0.948871875 0.6221882812499999 0.9366843749999999 0.59157109375 0.8876375 0.61000078125 0.89833828125 0.6412125 0.948871875 0.6221882812499999
0 1 0.45513046875 0.9815703125 0.41678515625 0.948575 0.4319453125 0.96789609375 0.4714796875 1 0.45513046875
0 0.56517578125 0.9120976562499999 0.53294453125 0.9267476562500001 0.54407890625 0.9537046874999999 0.5751375000000001 0.939346875 0.56517578125 0.9120976562499999