4 0.032722656249999996 0.24098359375 0.065821875 0.228571875 0.0613078125 0.21728828125000002 0.028209375 0.228571875 0.032722656249999996 0.24098359375
1 0.09591171875 0.20337187499999998 0.1045625 0.20412421875 0.10343359375000001 0.2458734375 0.13427578125 0.24662578124999998 0.13803671875 0.205628125 0.14631171874999999 0.20600468749999998 0.1459359375 0.17441015625 0.09703984375 0.17328203125 0.09591171875 0.20337187499999998
1 0.24034218749999997 0.381278125 0.24786484375 0.34817890625 0.20950078125 0.34178515625 0.20385859375 0.37262734375 0.24034218749999997 0.381278125
4 0.9786718750000001 0.7148992187500001 1 0.66901171875 0.9986062499999999 0.65697578125 0.9771671874999999 0.6509578125 0.955728125 0.7070000000000001 0.9786718750000001 0.7148992187500001
1 0.91473125 0.5008851562500001 0.8842648437499999 0.4918578125 0.8797515625000001 0.49862812500000003 0.8583125 0.49223437499999995 0.8462765624999999 0.52458046875 0.8665875 0.53285546875 0.8571843749999999 0.5527898437500001 0.8914109375000001 0.565578125 0.91473125 0.5008851562500001
1 0.55765078125 0.53568671875 0.5612179687500001 0.5261750000000001 0.59153828125 0.5350921875 0.6025367187499999 0.5018 0.57073046875 0.49169296874999996 0.573703125 0.4801 0.5383296875 0.4691015625 0.51960234375 0.5249859375 0.55765078125 0.53568671875
0 0.566271875 0.45631953125 0.57786484375 0.4173796875 0.5264390624999999 0.401625 0.5142515624999999 0.4417546875 0.566271875 0.45631953125
3 0.5111828125 0.43742421875000004 0.51475546875 0.42588125000000004 0.508434375 0.42285859375 0.5051359375 0.43550078125 0.5111828125 0.43742421875000004
0 0.06254375 0.07091171874999999 0.0842671875 0.053246875000000006 0.07519609375 0.0401171875 0.05156328125 0.0542015625 0.06254375 0.07091171874999999
3 0.08401328125 0.05138984375 0.08684921875 0.04890859375 0.08064609375000001 0.03986953125 0.07745546875 0.042705468749999996 0.08401328125 0.05138984375
4 0.68370234375 0.6022640625 0.68132421875 0.606128125 0.69024140625 0.610884375 0.69232265625 0.6079117187499999 0.70778046875 0.6147484375000001 0.7122390625 0.60523671875 0.68132421875 0.58888671875 0.6762703125 0.59899375 0.68370234375 0.6022640625
4 0.6614351562499999 0.56308125 0.65496015625 0.5837578125 0.66519375 0.5870992187499999 0.67125078125 0.56642265625 0.6614351562499999 0.56308125