3 0.47959921874999994 0.25077734375 0.47982031249999996 0.26824453125000003 0.5660328125 0.26713906249999997 0.5660953125 0.26687734375 0.566475 0.24768203125000002 0.47959921874999994 0.25077734375
3 0.55475859375 0.23950078125 0.5549796875 0.24679765625 0.56536953125 0.24635546874999997 0.56536953125 0.23905859375 0.55475859375 0.23950078125
3 0.54038984375 0.22733984375 0.48136796875 0.22844531250000003 0.48136796875 0.24613437500000002 0.54016015625 0.245890625 0.54038984375 0.22733984375
3 0.5399476562500001 0.20567109375 0.47937812500000004 0.20633437500000001 0.47915703125000003 0.22380234375 0.539565625 0.22272734375 0.5399476562500001 0.20567109375
3 0.5483484375 0.2032390625 0.5417164062500001 0.20257578125000003 0.5414953125 0.22004375 0.5492671875 0.219559375 0.5483484375 0.2032390625
3 0.5461375 0.18599296875 0.5288953125 0.18599296875 0.52867421875 0.1961640625 0.54530703125 0.19679140625 0.5461375 0.18599296875
3 0.5264632812500001 0.187540625 0.5169578125000001 0.18731953125 0.516515625 0.1950578125 0.5266968750000001 0.19481171875 0.5264632812500001 0.187540625
3 0.5129789062500001 0.1870984375 0.49750468750000004 0.18665625 0.49772578125000005 0.19550078125 0.513234375 0.19560390625 0.5129789062500001 0.1870984375
3 0.56028515625 0.20036484375 0.5549796875 0.19970156249999998 0.5545375 0.21009375000000002 0.56094765625 0.2108484375 0.56028515625 0.20036484375
3 0.5554218750000001 0.1988171875 0.55055859375 0.198375 0.549453125 0.21009375000000002 0.5548101562500001 0.21144218750000002 0.5554218750000001 0.1988171875
3 0.5576328125 0.09356953125 0.47407265625 0.09401171875 0.47451484375 0.11059531250000001 0.55837421875 0.110471875 0.5576328125 0.09356953125
3 0.56824296875 0.2096515625 0.5618328125 0.20876718749999998 0.5609484375 0.22955078125 0.56906484375 0.23084453124999998 0.56824296875 0.2096515625
3 0.5675796875 0.18908828125 0.56205390625 0.18820390625 0.56205390625 0.20854609375000002 0.56866875 0.20886875 0.5675796875 0.18908828125
3 0.57708515625 0.23021406249999998 0.574875 0.20854609375000002 0.5689062500000001 0.20810390625 0.56912734375 0.2293296875 0.5763906249999999 0.23025078125 0.57708515625 0.23021406249999998
3 0.5684640625 0.20898828125 0.5752780484375 0.20887086484375 0.57509609375 0.208325 0.5753171874999999 0.1888671875 0.56868515625 0.18776171875 0.5684640625 0.20898828125
3 0.58188125 0.20978359375000002 0.5751859375 0.2102375 0.5766609375 0.2314640625 0.58331953125 0.23192109374999997 0.58188125 0.20978359375000002
3 0.58040625 0.190259375 0.5751859375 0.19003281249999998 0.5754125 0.21012421875 0.58138828125 0.2097640625 0.58040625 0.190259375
3 0.58755546875 0.19003281249999998 0.5814273437499999 0.18946484375 0.5825625 0.209896875 0.5884632812499999 0.21046484375 0.58755546875 0.19003281249999998
3 0.5885765625 0.2102375 0.5827890625000001 0.21012421875 0.5840375 0.23032890625000002 0.59012890625 0.23029531250000002 0.5885765625 0.2102375
3 0.59493203125 0.2093296875 0.5882367187499999 0.20921640625000001 0.59061953125 0.22976171875 0.5953859375 0.22998828124999998 0.59493203125 0.2093296875
3 0.59436484375 0.18923828125 0.5874421875 0.18935156250000001 0.5880093750000001 0.20967031249999998 0.59490625 0.2095609375 0.59436484375 0.18923828125
3 0.600946875 0.20365390625000002 0.5952726562499999 0.20331328124999998 0.5960671875 0.21727500000000002 0.6016273437499999 0.2167078125 0.600946875 0.20365390625000002
3 0.60264921875 0.2167078125 0.5964070312499999 0.21727500000000002 0.59674765625 0.22998828124999998 0.60425703125 0.23151484375 0.60264921875 0.2167078125
3 0.61239765625 0.22624296875 0.6059289062500001 0.2293078125 0.612284375 0.24939921874999998 0.62072265625 0.24706484374999998 0.61239765625 0.22624296875
3 0.61092265625 0.21432421875 0.602978125 0.21296171875 0.60331875 0.22908046875000002 0.611575 0.22877031250000002 0.61092265625 0.21432421875
3 0.6144406250000001 0.19831875000000002 0.6074046875 0.19763828125 0.6076312500000001 0.2125078125 0.616046875 0.21454140625 0.6144406250000001 0.19831875000000002
3 0.623859375 0.21035078125 0.616596875 0.210578125 0.61625625 0.223178125 0.62306015625 0.22318046875 0.623859375 0.21035078125
3 0.6264695312499999 0.22374531250000002 0.618753125 0.22397265625 0.62034140625 0.24394999999999997 0.6281421875000001 0.24482890624999998 0.6264695312499999 0.22374531250000002
3 0.6301015624999999 0.21716171874999998 0.62556171875 0.21648046875000002 0.6254484375 0.229875 0.6300726562500001 0.23019296875 0.6301015624999999 0.21716171874999998
3 0.63350625 0.21795625 0.6297609375000001 0.21659453125 0.62953359375 0.23021562499999998 0.633165625 0.23021562499999998 0.63350625 0.21795625
3 0.63691015625 0.2167078125 0.632825 0.21602656250000002 0.633165625 0.23021562499999998 0.6370859375 0.23049843750000001 0.63691015625 0.2167078125
3 0.63668359375 0.23055625000000002 0.64042828203125 0.23076393046875002 0.6405421875 0.2170484375 0.63691015625 0.21602656250000002 0.63668359375 0.23055625000000002
3 0.645421875 0.23066953125 0.64553515625 0.21738906249999998 0.63997421875 0.21648046875000002 0.6398609375000001 0.22998828124999998 0.6434921874999999 0.23066953125 0.645421875 0.23066953125
3 0.64519453125 0.2054703125 0.63940703125 0.204221875 0.639634375 0.21682109375 0.6446273437500001 0.21716171874999998 0.64519453125 0.2054703125
3 0.65744765625 0.2156515625 0.6511671875 0.2154765625 0.65177734375 0.2298734375 0.657709375 0.23057109374999998 0.65744765625 0.2156515625
3 0.664775 0.23030937499999998 0.6643390625000001 0.21408046875000003 0.65901796875 0.21390625000000002 0.65936640625 0.22996093750000002 0.66455859375 0.230390625 0.664775 0.23030937499999998
3 0.67070703125 0.2134703125 0.66460078125 0.21312109375000002 0.6652109375 0.22952421875 0.67112109375 0.230390625 0.67070703125 0.2134703125
3 0.677075 0.21521484375000002 0.6712304687499999 0.2146046875 0.67114296875 0.23057109374999998 0.67682421875 0.23078125 0.677075 0.21521484375000002
3 0.6833554687500001 0.21861796875 0.6775109375 0.21809453125 0.67663828125 0.23179296875 0.68326796875 0.23240390625 0.6833554687500001 0.21861796875
3 0.6834421875000001 0.20203984375 0.67663828125 0.20203984375 0.67724921875 0.21591328125000003 0.68354296875 0.21632812499999998 0.6834421875000001 0.20203984375
3 0.6905953125 0.22044999999999998 0.68440234375 0.22044999999999998 0.68422734375 0.23510859375 0.690159375 0.23510859375 0.6905953125 0.22044999999999998
3 0.6967015625 0.22298046875000002 0.6906828125 0.22263125 0.690071875 0.23772578125 0.69651171875 0.23929687500000002 0.6967015625 0.22298046875000002
3 0.70341875 0.22280625 0.69748671875 0.22280625 0.69705078125 0.237028125 0.70338671875 0.23757812500000003 0.70341875 0.22280625
3 0.70254609375 0.20936953125 0.69609140625 0.2090203125 0.696265625 0.22263125 0.70362109375 0.22265625 0.70254609375 0.20936953125
3 0.7039421875 0.19715390625 0.69705078125 0.1969796875 0.6971375 0.20875859375 0.70338671875 0.209140625 0.7039421875 0.19715390625
3 0.69548046875 0.201778125 0.6891125 0.201778125 0.68937421875 0.21538984375 0.69518359375 0.21515625 0.69548046875 0.201778125
3 0.7496343750000001 0.16495859375 0.72651796875 0.16775078125 0.7266046875 0.17856953125 0.75096484375 0.17867187499999998 0.7496343750000001 0.16495859375
3 0.74928515625 0.1530921875 0.725296875 0.15440078125 0.725296875 0.164609375 0.75057421875 0.16234375 0.74928515625 0.1530921875
3 0.72237890625 0.15440078125 0.7222039062500001 0.14689765625 0.69987265625 0.147159375 0.6997859375 0.15387734375 0.72237109375 0.1546875 0.72237890625 0.15440078125
3 0.71705703125 0.14244765625 0.7017921874999999 0.14305859375000002 0.70135546875 0.14838046875 0.7169703125 0.14785703125 0.71705703125 0.14244765625
3 0.73853984375 0.08425078124999999 0.73180625 0.09416640625 0.75359765625 0.10557890625 0.75980546875 0.0960625 0.73853984375 0.08425078124999999
3 0.7405039062500001 0.06937734375 0.71684296875 0.07386796875 0.71796484375 0.08368984375 0.7431375 0.07998046875 0.7405039062500001 0.06937734375
3 0.74995 0.03888203125 0.72404375 0.044120312499999995 0.72582109375 0.05609453125 0.75276953125 0.052339843750000004 0.74995 0.03888203125
3 0.69714453125 0.10445625 0.67264140625 0.10810468749999999 0.672734375 0.11671093749999999 0.6990796875 0.11599765625 0.69714453125 0.10445625
3 0.67655234375 0.12980703124999998 0.672625 0.11764609374999999 0.6498046875 0.12784296875 0.6543875 0.13888125 0.67673984375 0.12990078124999999 0.67655234375 0.12980703124999998