1 0.42001484375000003 0.95269453125 0.42588515625 0.989290625 0.44677734375 0.9860109375 0.46905 0.9810046874999999 0.451784375 0.90936640625 0.44781328125000003 0.9086765625 0.42812968749999997 0.91299140625 0.41015625 0.9165749999999999 0.41518046875000003 0.93526015625 0.41535312500000005 0.9447539062500001 0.42001484375000003 0.95269453125
1 0.5173296875 0.41052968749999996 0.51454765625 0.41052968749999996 0.51524296875 0.4083046875 0.46259296875 0.40126875 0.45737578125 0.42513203125 0.4579328125 0.44905234375 0.5114875 0.4543375 0.5173296875 0.41052968749999996
0 0.5184484375 0.62389609375 0.5257078125 0.561778125 0.5062921874999999 0.5600906250000001 0.4907203125 0.5570335937500001 0.4829921875 0.61967578125 0.49835624999999995 0.6215328125 0.5184484375 0.62389609375
1 0.67083515625 0.53390625 0.674565625 0.5340265625 0.67781484375 0.50671484375 0.67625078125 0.50635390625 0.67745390625 0.5022632812500001 0.62847421875 0.49612656250000003 0.6240210937499999 0.51236953125 0.6237804687499999 0.5294546875 0.67107578125 0.5354703125 0.67083515625 0.53390625
1 0.7850828125 0.6029140625 0.788521875 0.6033109375000001 0.793415625 0.56615234375 0.7911671874999999 0.5664171875 0.792225 0.5640367187499999 0.71946796875 0.5535046875 0.71418828125 0.5738218749999999 0.71352734375 0.5956406249999999 0.7864054687500001 0.606484375 0.7850828125 0.6029140625
0 0.67949296875 0.50993671875 0.6907375 0.51178984375 0.7100140625 0.514384375 0.714709375 0.47831093750000003 0.69592734375 0.47645781249999997 0.68377265625 0.4742875 0.6849296875 0.47423359375 0.683446875 0.47411015624999997 0.67949296875 0.50993671875
3 0.0387203125 0.32061875 0.02626484375 0.31565468750000003 0.017672656249999998 0.33970859375 0.02894453125 0.34591875 0.0387203125 0.32061875
3 0.02353828125 0.30785390625 0.0122671875 0.30451875 0.0050210937499999995 0.32901328125 0.014107031249999999 0.33487890625 0.02353828125 0.30785390625
3 0.10991484375 0.3682328125 0.08058593750000001 0.36788828125 0.07978125 0.37984765625 0.10865 0.3814578125 0.10991484375 0.3682328125
3 0.081265625 0.38785625 0.08093125 0.40002578125 0.10876484374999999 0.40152031250000003 0.10922499999999999 0.390365625 0.081265625 0.38785625
3 0.08054453125 0.40639609375 0.0794359375 0.417934375 0.1077296875 0.419659375 0.107959375 0.409884375 0.08054453125 0.40639609375
3 0.07920546875 0.425759375 0.0770203125 0.43724453125 0.10416406250000002 0.44138515624999997 0.10669453124999999 0.43137968750000005 0.07920546875 0.425759375
3 0.07782578125 0.44759453125000004 0.075065625 0.45828984375 0.1017484375 0.463925 0.10427890625 0.454609375 0.07782578125 0.44759453125000004
3 0.0748796875 0.46098515625 0.07253515625 0.47208984374999996 0.1000234375 0.47634453125 0.10289921875000001 0.46599453124999995 0.0748796875 0.46098515625
3 0.07209921875 0.47488984375000004 0.07069453125 0.48605703125 0.09691796875 0.48962265625 0.099103125 0.47950234375 0.07209921875 0.47488984375000004
3 0.07199609375 0.48817656249999997 0.06839453125 0.4986453125 0.09484765625 0.5043953125 0.0982984375 0.494275 0.07199609375 0.48817656249999997
3 0.069009375 0.5085703125000001 0.0670140625 0.5199203125 0.09346796874999999 0.5247499999999999 0.0958828125 0.51451484375 0.069009375 0.5085703125000001
3 0.06797890625 0.52329921875 0.0617234375 0.5330203124999999 0.08461171875 0.54463515625 0.0905921875 0.53635546875 0.06797890625 0.52329921875
3 0.01701328125 0.3779984375 0.00472265625 0.3750953125 0.000503125 0.39909140625 0.010821875 0.40275937500000003 0.01701328125 0.3779984375
3 0.45900468749999995 0.38013984375 0.458128125 0.38990234375 0.47276093750000003 0.39227500000000004 0.47434296875 0.38337734375 0.45900468749999995 0.38013984375
3 0.7257718750000001 0.48941953125 0.71666328125 0.48727656250000007 0.71291796875 0.51037734375 0.72181640625 0.51275 0.7257718750000001 0.48941953125