0 0.0841234375 0.231 0.08471796875 0.21524609374999998 0.05558671875 0.21375937500000003 0.05528984375 0.22921640625 0.0841234375 0.231
1 0.22294140625 0.382303125 0.22710312500000002 0.37665546875 0.22948125 0.37933046875 0.20897031250000003 0.41083984375 0.23423750000000002 0.42808046875 0.2871484375 0.35109140625 0.26039609375 0.3347421875 0.2404796875 0.36476484375 0.2369125 0.3623875 0.256234375 0.33206718749999997 0.22353593749999998 0.30977265625 0.190540625 0.360009375 0.22294140625 0.382303125
4 0.6619875000000001 0.6643984374999999 0.6908218749999999 0.6079203125 0.671796875 0.59870546875 0.6456390625 0.65756171875 0.6619875000000001 0.6643984374999999
1 0.8367742187499999 0.74792734375 0.8510421875 0.7196882812500001 0.8132906249999999 0.7009609375 0.7975359375 0.72860546875 0.8367742187499999 0.74792734375
1 0.9104929687500001 0.74287421875 0.8962249999999999 0.77497734375 0.93813828125 0.7960828125 0.9556757812500001 0.76100703125 0.9104929687500001 0.74287421875
1 0.7594875 0.00033046875 0.7547312500000001 0.0036 0.76632421875 0.019354687500000002 0.7832679687499999 0.0071671875 0.77851171875 0.000032812500000000005 0.7594875 0.00033046875
0 0.7374906250000001 0.0172734375 0.7068734375 0.0315421875 0.71816875 0.06156484375 0.7508671875 0.049377343750000004 0.7374906250000001 0.0172734375
0 0.6141296875 0.07761640625 0.62928984375 0.057699999999999994 0.60640078125 0.03540625 0.5894578125 0.056808593750000004 0.6141296875 0.07761640625
1 0.6066984375 0.02024609375 0.6093734375000001 0 0.568946875 0.000032812500000000005 0.5668664062500001 0.016084375 0.6066984375 0.02024609375
4 0.47590625 0.5666015625 0.473825 0.5695742187499999 0.48393203125 0.5784921875 0.4860125 0.577303125 0.48839062499999997 0.57908671875 0.49701093749999997 0.57076328125 0.47085234375 0.54519921875 0.4652046875 0.5547117187499999 0.47590625 0.5666015625
0 0.66614921875 0.5633320312500001 0.6750671875 0.5383625000000001 0.6581234375 0.53360625 0.64920546875 0.55768359375 0.66614921875 0.5633320312500001
3 0.41170078125 0.528428125 0.40430625 0.541309375 0.4086 0.5434554687500001 0.41575546875 0.53176796875 0.41170078125 0.528428125
1 0.381884375 0.48763984374999997 0.362325 0.51912578125 0.3911875 0.53868515625 0.4112234375 0.5083921874999999 0.3814078125 0.4888328125 0.381884375 0.48763984374999997