0 0.05528984375 0.7707835937499999 0.05558671875 0.786240625 0.08471796875 0.78475390625 0.0841234375 0.769 0.05528984375 0.7707835937499999
1 0.2404796875 0.63523515625 0.26039609375 0.6652578124999999 0.2871484375 0.64890859375 0.23423750000000002 0.5719195312500001 0.20897031250000003 0.58916015625 0.22948125 0.62066953125 0.22710312500000002 0.62334453125 0.22294140625 0.617696875 0.190540625 0.639990625 0.22353593749999998 0.6902273437499999 0.256234375 0.6679328124999999 0.2369125 0.6376125 0.2404796875 0.63523515625
4 0.6456390625 0.34243828125000003 0.671796875 0.40129453125000003 0.6908218749999999 0.3920796875 0.6619875000000001 0.3356015625 0.6456390625 0.34243828125000003
1 0.7975359375 0.27139453125 0.8132906249999999 0.2990390625 0.8510421875 0.28031171875 0.8367742187499999 0.25207265625 0.7975359375 0.27139453125
1 0.9556757812500001 0.23899296875 0.93813828125 0.2039171875 0.8962249999999999 0.22502265625 0.9104929687500001 0.25712578124999996 0.9556757812500001 0.23899296875
1 0.7594875 0.99966953125 0.77851171875 0.9999671875 0.7832679687499999 0.9928328125 0.76632421875 0.9806453125000001 0.7547312500000001 0.9964000000000001 0.7594875 0.99966953125
0 0.7508671875 0.95062265625 0.71816875 0.93843515625 0.7068734375 0.9684578125 0.7374906250000001 0.9827265625000001 0.7508671875 0.95062265625
0 0.5894578125 0.9431914062500001 0.60640078125 0.96459375 0.62928984375 0.9423 0.6141296875 0.92238359375 0.5894578125 0.9431914062500001
1 0.5668664062500001 0.9839156250000001 0.568946875 0.9999671875 0.6093734375000001 1 0.6066984375 0.97975390625 0.5668664062500001 0.9839156250000001
4 0.4860125 0.422696875 0.48393203125 0.42150781249999997 0.473825 0.43042578125000003 0.47590625 0.4333984375 0.4652046875 0.44528828125000003 0.47085234375 0.45480078125 0.49701093749999997 0.42923671875 0.48839062499999997 0.42091328125 0.4860125 0.422696875
0 0.64920546875 0.44231640624999996 0.6581234375 0.46639375000000005 0.6750671875 0.4616375 0.66614921875 0.43666796874999997 0.64920546875 0.44231640624999996
3 0.41575546875 0.46823203125 0.4086 0.45654453124999994 0.40430625 0.458690625 0.41170078125 0.471571875 0.41575546875 0.46823203125
1 0.381884375 0.51236015625 0.3814078125 0.5111671875 0.4112234375 0.4916078125 0.3911875 0.46131484375 0.362325 0.48087421875 0.381884375 0.51236015625