2 0.14495546875 0.7955054687499999 0.14035625000000002 0.7780328125 0.14771484375 0.77711328125 0.14104609375 0.7502156249999999 0.030439062500000003 0.7824015625 0.03365859375 0.79343671875 0.026070312499999998 0.795965625 0.03411796875 0.8228632812500001 0.02974921875 0.82562265625 0.06263203125 0.9449406249999999 0.1719265625 0.9146234375000001 0.14104609375 0.79872421875 0.14495546875 0.7955054687499999
2 0.08641171875 0.60502578125 0.0383484375 0.6183500000000001 0.0280796875 0.57007890625 0 0.5775046875000001 0.0001953125 0.7919296874999999 0.1259546875 0.7544257812499999 0.08641171875 0.60502578125
1 0.33505546875 0.623415625 0.30185625 0.49914609375 0.274234375 0.5079085937500001 0.249534375 0.515609375 0.26759453125 0.58146171875 0.20411796875000002 0.5995179687500001 0.21075781249999997 0.62978828125 0.21997734375000003 0.65596796875 0.33505546875 0.623415625
1 0.176434375 0.3741046875 0.15693671874999998 0.30090234374999997 0.12421249999999999 0.314125 0.13307578125 0.3434328125 0.1434375 0.3398890625 0.1464375 0.34970390625 0.13634765625 0.35420234375000004 0.1450390625 0.3857015625 0.176434375 0.3741046875
1 0.21952031249999998 0.28561015625 0.18447890625000002 0.29760624999999996 0.19484140625 0.336865625 0.1952171875 0.33723281250000003 0.23083749999999997 0.3244609375 0.21952031249999998 0.28561015625
2 0.1757359375 0.134028125 0.18174453125 0.154496875 0.23292734375 0.14092578125 0.1957640625 0.00078125 0.016847656250000002 0.00078125 0.061171875 0.1649828125 0.1757359375 0.134028125
2 0.40867031249999997 0.0730484375 0.39381640625 0.014109374999999999 0.3159859375 0.034838281250000006 0.3316828125 0.09464140625 0.40867031249999997 0.0730484375
2 0.47394375 0.26553671875 0.4521140625 0.184321875 0.33666484375 0.21580078125000002 0.35842265625 0.29825625 0.47394375 0.26553671875
1 0.8655921875000001 0.8842742187500001 0.8505390625 0.8204640624999999 0.7814960937500001 0.8375203125 0.77948828125 0.8266843749999999 0.7654390624999999 0.83109921875 0.75319609375 0.8331062499999999 0.75419921875 0.8461492187499999 0.7170687499999999 0.8563828125 0.714459375 0.84494453125 0.70141328125 0.84855703125 0.687765625 0.85196796875 0.6893710937499999 0.862603125 0.6436101562500001 0.8738398437500001 0.64140234375 0.8642085937499999 0.59885234375 0.8746429687499999 0.61588046875 0.9468671875 0.8655921875000001 0.8842742187500001
1 0.42261875 0.9995429687499999 0.4091625 0.94573125 0.33097890625000004 0.96451953125 0.3397953125 0.9995429687499999 0.42261875 0.9995429687499999
1 0.5316578125 0.76816953125 0.55416171875 0.7630671875 0.53305 0.6797984375 0.51008203125 0.6872210937500001 0.48781015625 0.6923234375 0.50998359375 0.77385234375 0.5316578125 0.76816953125
1 0.50428203125 0.81502265625 0.47203437499999995 0.6985859375000001 0.44233828124999997 0.70716796875 0.41287421875 0.71598203125 0.44413203125 0.8313937499999999 0.50428203125 0.81502265625
1 0.55045 0.5785265625 0.5423296875 0.5530125 0.5365296875000001 0.52726640625 0.52145 0.53028203125 0.5191296875 0.52193203125 0.5107781250000001 0.5242515625 0.50474609375 0.525875 0.5075296875 0.53492109375 0.4386265625 0.5534765625 0.44489062500000004 0.57875859375 0.45327265624999996 0.60538125 0.55045 0.5785265625
1 0.6826078125 0.7813421875000001 0.65831015625 0.69671171875 0.62950546875 0.7057234375 0.60383671875 0.712384375 0.61794453125 0.76096796875 0.60677578125 0.76390703125 0.61245859375 0.782909375 0.62284375 0.779775 0.62689296875 0.79741328125 0.6826078125 0.7813421875000001
1 0.781953125 0.5419515625 0.77000078125 0.4947390625 0.6277421875 0.53117734375 0.633425 0.5570359375 0.64022734375 0.58125546875 0.781953125 0.5419515625
1 0.710628125 0.40925546874999996 0.7071015625 0.39358359374999996 0.7202296875 0.39005703125 0.7163109375000001 0.3722296875 0.71141171875 0.3559703125 0.69789140625 0.3591046875 0.6953445312500001 0.34382421875 0.5948226562500001 0.3710546875 0.59913359375 0.40553359375 0.6114531249999999 0.43615624999999997 0.710628125 0.40925546874999996
1 0.60971484375 0.26658750000000003 0.6445937500000001 0.257771875 0.68025625 0.24778125 0.66026953125 0.17275000000000001 0.58796484375 0.19214453125 0.589140625 0.19527890625 0.5399578125 0.20938359375 0.55955234375 0.279909375 0.60971484375 0.26658750000000003
0 0.92703359375 0.3584046875 0.9197109375 0.3174078125 0.8543578125 0.33461171875 0.86481484375 0.37554140625 0.92703359375 0.3584046875
1 0.9138531249999999 0.28895703125 0.9045171875 0.2660796875 0.898659375 0.241371875 0.7833296875 0.27266796875 0.7891874999999999 0.29810781249999996 0.7962984375 0.322596875 0.9138531249999999 0.28895703125
0 0.07043046875 0.45665546875 0.06375390625 0.43348984375 0.03665703125 0.4404265625 0.03901328125 0.45390703125 0.0434640625 0.46620937500000004 0.07043046875 0.45665546875
3 0.31174921875 0.11941015625 0.31037421875 0.11056953124999999 0.29328046875 0.11469531250000001 0.29506953125 0.12365078125 0.31174921875 0.11941015625
3 0.01036328125 0.45901015625 0.00368359375 0.46077890625 0.0072140625 0.47432109375 0.01350703125 0.47217265625 0.01036328125 0.45901015625
3 0.5982062499999999 0.9399140625 0.59066953125 0.915046875 0.58062109375 0.9183125000000001 0.58761015625 0.9422625 0.5982062499999999 0.9399140625
3 0.60951015625 0.95372890625 0.6090078125 0.94368125 0.58614765625 0.94317890625 0.5853601562499999 0.9535109374999999 0.60951015625 0.95372890625
3 0.6254039062500001 0.28816640625 0.624425 0.28155625 0.6028765625 0.2859625 0.6047734375 0.29333828125 0.6254039062500001 0.28816640625
3 0.40329921874999997 0.299609375 0.401340625 0.29103984375 0.38542421875 0.29495703125 0.38790546875 0.3027671875 0.40329921874999997 0.299609375
3 0.8055749999999999 0.1693640625 0.80075859375 0.14913828125 0.793328125 0.14982578124999998 0.79791875 0.17156328125 0.8055749999999999 0.1693640625
3 0.8784351562499999 0.1728015625 0.87348125 0.1495484375 0.8667390625 0.15064921874999998 0.8710046874999999 0.17431484375 0.8784351562499999 0.1728015625
3 0.8576570312499999 0.37889921875 0.8534679687500001 0.36465859375 0.846765625 0.36700390625 0.8512375000000001 0.38094375 0.8576570312499999 0.37889921875
3 0.7303515625 0.3813625 0.7268328125 0.36879765625 0.72029765625 0.37114296874999997 0.72414453125 0.38364453125 0.7303515625 0.3813625
3 0.7836000000000001 0.6172195312500001 0.78128984375 0.60982890625 0.75819296875 0.6162953124999999 0.76035078125 0.6236203125 0.7836000000000001 0.6172195312500001