3 0.31295390625 0.4632421875 0.32115078124999996 0.466778125 0.32629453124999996 0.4529546875 0.31729375000000004 0.4503828125 0.31295390625 0.4632421875
3 0.23274609375000002 0.55711171875 0.24126484375 0.560165625 0.24544453125 0.5466640625 0.23612187499999998 0.5440921875 0.23274609375000002 0.55711171875
1 0.30299140625 0.5895921875 0.34291484375 0.5994921875 0.38332421875 0.612475 0.40993984375 0.50893515625 0.39030234375 0.5039046875000001 0.39208750000000003 0.49400468750000004 0.35135390625 0.48361796874999996 0.34891953125 0.49351796875 0.3291203125 0.488325 0.30299140625 0.5895921875
1 0.12493828124999999 0.56940625 0.1428984375 0.5742476562500001 0.16366875 0.58174375 0.17147812499999998 0.555975 0.16819843750000002 0.5516023437500001 0.18490859375 0.49491171874999995 0.16569921875 0.49069531250000004 0.14633359375 0.48491640625 0.12493828124999999 0.56940625
0 0.1869390625 0.60704375 0.20364921875 0.61172890625 0.20489843749999997 0.6047015625000001 0.20771015625000003 0.5982984375 0.19131171875 0.5928320312500001 0.18865703125 0.59939140625 0.1869390625 0.60704375
1 0.07746171874999999 0.7432265625000001 0.09651484375 0.7490046875 0.11556796875 0.7540023437500001 0.14102421874999999 0.65545703125 0.1225953125 0.651240625 0.10307421875 0.6454625 0.07746171874999999 0.7432265625000001
3 0.68079296875 0.8137453125 0.680490625 0.8058804687500001 0.66491171875 0.8061828125 0.6650625 0.81419921875 0.68079296875 0.8137453125
1 0.639803125 0.8710703125 0.6735328125 0.8721289062500001 0.6735328125 0.86849921875 0.6866921875 0.868196875 0.6874484375 0.8315929687500001 0.639046875 0.83189609375 0.639803125 0.8710703125
1 0.99921875 0.8578164062500001 0.99921875 0.8115249999999999 0.97137265625 0.811225 0.9706234374999999 0.8573671875000001 0.99921875 0.8578164062500001
3 0.99921875 0.8056820312499999 0.99921875 0.799090625 0.98755234375 0.798790625 0.9880015625 0.8058320312499999 0.99921875 0.8056820312499999
1 0.90111171875 0.99921875 0.93347109375 0.9989382812500001 0.93451953125 0.9526468749999999 0.90096171875 0.9521968749999999 0.90111171875 0.99921875