3 0.5470453125 0.32629453124999996 0.5496171875 0.31729375000000004 0.5367578125 0.31295390625 0.533221875 0.32115078124999996 0.5470453125 0.32629453124999996
3 0.4533359375 0.24544453125 0.4559078125 0.23612187499999998 0.44288828125 0.23274609375000002 0.43983437500000006 0.24126484375 0.4533359375 0.24544453125
1 0.387525 0.38332421875 0.49106484375 0.40993984375 0.49609531249999994 0.39030234375 0.5059953125 0.39208750000000003 0.51638203125 0.35135390625 0.50648203125 0.34891953125 0.511675 0.3291203125 0.4104078125 0.30299140625 0.4005078125 0.34291484375 0.387525 0.38332421875
1 0.41825625000000005 0.16366875 0.444025 0.17147812499999998 0.44839765624999994 0.16819843750000002 0.50508828125 0.18490859375 0.5093046875 0.16569921875 0.51508359375 0.14633359375 0.43059375 0.12493828124999999 0.42575234375 0.1428984375 0.41825625000000005 0.16366875
0 0.39529843750000004 0.20489843749999997 0.4017015625 0.20771015625000003 0.40716796874999994 0.19131171875 0.40060859375 0.18865703125 0.39295625 0.1869390625 0.38827109375 0.20364921875 0.39529843750000004 0.20489843749999997
1 0.24599765625 0.11556796875 0.34454296875 0.14102421874999999 0.348759375 0.1225953125 0.3545375 0.10307421875 0.25677343750000003 0.07746171874999999 0.2509953125 0.09651484375 0.24599765625 0.11556796875
3 0.19381718750000002 0.66491171875 0.18580078125 0.6650625 0.18625468750000002 0.68079296875 0.19411953125 0.680490625 0.19381718750000002 0.66491171875
1 0.13150078125 0.6735328125 0.131803125 0.6866921875 0.16840703125 0.6874484375 0.16810390625 0.639046875 0.1289296875 0.639803125 0.12787109375 0.6735328125 0.13150078125 0.6735328125
1 0.188775 0.97137265625 0.14263281249999998 0.9706234374999999 0.14218359375 0.99921875 0.188475 0.99921875 0.188775 0.97137265625
3 0.201209375 0.98755234375 0.19416796875 0.9880015625 0.19431796875000001 0.99921875 0.200909375 0.99921875 0.201209375 0.98755234375
1 0.047353125 0.93451953125 0.047803125 0.90096171875 0.00078125 0.90111171875 0.00106171875 0.93347109375 0.047353125 0.93451953125