1 0.871396875 0.8103796875 0.8839937499999999 0.8131257812499999 0.88353515625 0.82342109375 0.90681015625 0.82510078125 0.9052929687500001 0.753409375 0.87116796875 0.75455390625 0.871396875 0.8103796875
3 0.9185765625 0.77903515625 0.92500546875 0.779096875 0.9240734375 0.76599375 0.9169734375 0.76576484375 0.9185765625 0.77903515625
3 0.7281515625 0.45073749999999996 0.7252484375 0.456178125 0.73482265625 0.46260078125000004 0.73701171875 0.45768125 0.7281515625 0.45073749999999996
1 0.75684453125 0.4963515625 0.7041835937500001 0.454265625 0.6898093750000001 0.47308671875 0.6972078125000001 0.480090625 0.6911898437499999 0.48801640625 0.7340023437500001 0.52354296875 0.75684453125 0.4963515625
1 0.54140625 0.19822109375000002 0.5411328125 0.12689375 0.5048671875 0.12985625 0.5061171875 0.1853765625 0.51815390625 0.188109375 0.51815390625 0.19904140625 0.54140625 0.19822109375000002
3 0.55243515625 0.14092812500000002 0.55289609375 0.154221875 0.559871875 0.15367578125 0.55973515625 0.1405578125 0.55243515625 0.14092812500000002
1 0 0.30432109375 0.0005828125 0.33908671875 0.030107812499999997 0.34964921875 0.0383890625 0.336365625 0.0451546875 0.31865390625 0 0.30432109375
1 0.3104484375 0.47096953125 0.26939453125 0.43605 0.24639843749999998 0.4623203125 0.29953984375 0.50553828125 0.31279453125 0.4883125 0.30458359375 0.48268750000000005 0.3104484375 0.47096953125
3 0.2660921875 0.4960796875 0.2751421875 0.50307734375 0.27842656250000003 0.49768671875 0.2692765625 0.49065624999999996 0.2660921875 0.4960796875
3 0.42119921875 0.801003125 0.4202515625 0.81303984375 0.42798749999999997 0.813684375 0.42927734375000004 0.80209140625 0.42119921875 0.801003125
1 0.4655421875 0.7850234375 0.4655421875 0.77246484375 0.4426546875 0.7705320312499999 0.4337625 0.83700234375 0.4507140625 0.84282734375 0.47102187500000003 0.8433109375000001 0.47585703125 0.78566796875 0.4655421875 0.7850234375