0 0.04398359375 0.77748203125 0.018814843749999997 0.79682265625 0.04803125 0.8393726562499999 0.0740796875 0.820559375 0.04398359375 0.77748203125
1 0.14049296875 0.76060234375 0.0977234375 0.79383359375 0.1199 0.82477890625 0.13556484375 0.8137015625 0.1376765625 0.816690625 0.1470046875 0.8115921875 0.14418906250000002 0.8077234375 0.16442890625 0.7924265625 0.14049296875 0.76060234375
3 0.14770859375 0.75022890625 0.14770859375 0.7523109 0.155453125 0.75268984375 0.156509375 0.735459375 0.14946874999999998 0.736865625 0.14770859375 0.75022890625
3 0.8257999999999999 0.4839765625 0.83097109375 0.48770703125 0.8401632812500001 0.4753671875 0.8340757812499999 0.47164921875 0.8257999999999999 0.4839765625
1 0.844471875 0.49775078125 0.8197679687500001 0.52616015625 0.8648671875 0.5651875000000001 0.8891921875 0.53968359375 0.844471875 0.49775078125
1 0.5104875 0.58671015625 0.5113492187500001 0.6518507812500001 0.54696953125 0.6489812500000001 0.5455328125000001 0.6271718749999999 0.56678984375 0.6257375 0.5665023437500001 0.62200625 0.58201484375 0.62085859375 0.58088359375 0.58403515625 0.5104875 0.58671015625
3 0.5084765625000001 0.5996234375 0.49985937500000005 0.60019765625 0.499571875 0.61167578125 0.49985937500000005 0.6128234375 0.507328125 0.61225 0.5084765625000001 0.5996234375
1 0.610790625 0.2074859375 0.5869484375 0.23876484375 0.6578999999999999 0.28984453125 0.68035234375 0.262378125 0.610790625 0.2074859375
1 0.5983421875 0.17276328125 0.53112421875 0.1653015625 0.526528125 0.2074859375 0.52336875 0.22699921875 0.5474984375 0.23044296874999998 0.5520945312500001 0.2140859375 0.5914484375 0.22126015625 0.5983421875 0.17276328125
0 0.45433124999999996 0.1472234375 0.4339359375 0.231878125 0.47788593749999997 0.24048671875 0.49519453125 0.15602031249999998 0.45433124999999996 0.1472234375
3 0.4723484375 0.24012734375 0.46140156250000003 0.2377046875 0.46180625 0.24204296875 0.47175859375 0.24523515625 0.4723484375 0.24012734375
3 0.45012734375 0.23541249999999997 0.44855390625 0.24038906249999997 0.4588453125 0.24235390625000003 0.45964453125000004 0.2380140625 0.45012734375 0.23541249999999997
3 0.4374765625 0.23305546875 0.4361 0.23652578124999998 0.44593203125 0.23888281249999999 0.447046875 0.23501953125 0.4374765625 0.23305546875