2 0 0 0.00003359375 0.09796015625 0.034640625 0.10772890625 0.03854765625 0.09349531250000001 0.11725156249999999 0.11358984375 0.11027421875000001 0.13787031249999998 0.11362265625000001 0.1387078125 0.10441328125 0.17415234375 0.11920468749999999 0.178059375 0.11669296874999999 0.1875484375 0.1471140625 0.19508359375 0.1499046875 0.18587343750000002 0.15967265625 0.1883859375 0.17390624999999998 0.14121953125 0.224421875 0.153784375 0.2637734375 0.0036281250000000003 0.2791234375 0.00976796875 0.28135625000000003 0 0 0
1 0.0008039062499999999 0.6006015625 0.039596875 0.61260234375 0.04964453125 0.5768789062499999 0.0002453125 0.564040625 0.0008039062499999999 0.6006015625
1 0 0.85261953125 0.0345734375 0.8629453125 0.05271484375 0.8034992187500001 0.013921093749999999 0.79121953125 0 0.8395023437500001 0 0.85261953125
1 0.61902109375 0.9762562499999999 0.62934765625 0.941090625 0.59669375 0.9310437500000001 0.5844140624999999 0.97737265625 0.61902109375 0.9762562499999999
1 0.92099609375 0.486453125 0.99921875 0.5076640625 0.99921875 0.45547421874999994 0.9341132812499999 0.4370546875 0.92099609375 0.486453125
1 0.99921875 0.39239999999999997 0.99244296875 0.42365859375000003 0.99921875 0.42617031250000004 0.99921875 0.39239999999999997
2 0.75465859375 0.00027890624999999997 0.74154140625 0.045771093750000005 0.7959640625 0.061399999999999996 0.81298828125 0 0.75465859375 0.00027890624999999997
2 0.6438601562499999 0.00027890624999999997 0.6248820312500001 0.06614453125 0.669815625 0.0800984375 0.6918632812500001 0 0.6438601562499999 0.00027890624999999997
2 0.562365625 0 0.5495281249999999 0.043258593750000005 0.6098109375 0.0605625 0.6265562499999999 0.00027890624999999997 0.562365625 0
3 0.98678828125 0.39107421875 0.99040703125 0.39217109375 0.99336796875 0.38197187499999996 0.98985859375 0.38065546875 0.98678828125 0.39107421875
3 0.89726875 0.14177656249999998 0.9174671875 0.1472140625 0.9186320312499999 0.14235859374999998 0.8986281249999999 0.137309375 0.89726875 0.14177656249999998
3 0.5612328125 0.1647921875 0.5651507812500001 0.16688125 0.56880703125 0.1559125 0.5648890625 0.15460703125 0.5612328125 0.1647921875
3 0.38055625000000004 0.265525 0.38476796874999997 0.26663359375 0.38742734375 0.25599453125 0.3834375 0.25466484375 0.38055625000000004 0.265525
3 0.31938359374999997 0.3641546875 0.32248671875 0.365928125 0.32426015625 0.35661953125 0.32137812499999996 0.3557328125 0.31938359374999997 0.3641546875
3 0.14517421875 0.28702421875 0.1434015625 0.29810625 0.14694765625 0.29899296875000003 0.14960703125000002 0.2879109375 0.14517421875 0.28702421875
3 0.11835625000000001 0.30497734374999996 0.11613984375 0.3125125 0.11990703124999999 0.31495078125 0.12168046875 0.3051984375 0.11835625000000001 0.30497734374999996
3 0.5249007812500001 0.46348984375 0.5384218749999999 0.46649453125000007 0.53879765625 0.46236328125000004 0.52602734375 0.45973359374999995 0.5249007812500001 0.46348984375
3 0.029796093750000002 0.65706171875 0.034687499999999996 0.6588406250000001 0.03846796875 0.6472781249999999 0.0340203125 0.64594453125 0.029796093750000002 0.65706171875
3 0.43292734375 0.64260859375 0.44649062500000003 0.64705625 0.44760234375 0.6417195312499999 0.43515078125000006 0.63860625 0.43292734375 0.64260859375
3 0.35391015625 0.97882265625 0.3531796875 0.98302265625 0.36505 0.9870398437500001 0.3665109375 0.9828398437500001 0.35391015625 0.97882265625
3 0.25968046875 0.9543515625 0.25931484375 0.9592828125 0.27848984374999997 0.9638476562499999 0.27976796875 0.9585523437499999 0.25968046875 0.9543515625
3 0.7144851562500001 0.95621875 0.71407265625 0.9603406250000001 0.7245828125 0.9636374999999999 0.72561328125 0.9593101562499999 0.7144851562500001 0.95621875
3 0.82144140625 0.9255125 0.7998031250000001 0.9193304687499999 0.7998031250000001 0.92530625 0.8202046875000001 0.9308703125 0.82144140625 0.9255125
3 0.763403125 0.47160078125 0.74143125 0.4670453125 0.7403593749999999 0.47160078125 0.7625992187499999 0.4774953125 0.763403125 0.47160078125
0 0.06793046875 0.7551953124999999 0.025766406250000002 0.74231171875 0.015694531249999998 0.780259375 0.05785781250000001 0.79243984375 0.06793046875 0.7551953124999999
1 0.11103046875 0.60574921875 0.11758906250000001 0.570846875 0.08362421875 0.56194609375 0.0742546875 0.5959109375 0.11103046875 0.60574921875
1 0.0686328125 0.3979765625 0.088309375 0.401490625 0.0967421875 0.37174140625 0.07776796875 0.36565156249999997 0.0791734375 0.35721875000000003 0.06207421875 0.3537046875 0.049190625 0.40031875 0.065821875 0.406175 0.0686328125 0.3979765625
1 0.13351796875 0.41531015625 0.14241874999999998 0.41624765625000004 0.15506796875 0.36799375 0.14241874999999998 0.36401171875 0.14780625 0.34667734375000003 0.12836406250000001 0.34152421875 0.11829218749999999 0.37736328124999996 0.1229765625 0.379471875 0.11431015625 0.40898593749999995 0.12203984375000002 0.411328125 0.1204 0.41788749999999997 0.13094140625 0.42116640624999996 0.13351796875 0.41531015625
0 0.17427578125 0.31880312499999997 0.20121328125 0.32536171875000003 0.20753828125 0.30100078125 0.18013203125 0.2932703125 0.17427578125 0.31880312499999997
3 0.38040859375 0.26563046875 0.384390625 0.26726953125 0.3869671875 0.25649453125 0.38368828125 0.25532343750000003 0.38040859375 0.26563046875
2 0.40453515624999997 0.17732109375 0.38673281249999997 0.24290859375 0.43756328125 0.25907109375 0.47223125 0.13586015625 0.35721875000000003 0.10189531249999999 0.34128984375 0.158815625 0.40453515624999997 0.17732109375
1 0.50596171875 0 0.4743390625 0.00046875 0.5047906249999999 0.006324218750000001 0.50596171875 0
1 0.31341562500000003 0.38415625000000003 0.2831984375 0.37408437499999997 0.27312578125 0.40758046875 0.28390078124999996 0.41109453125 0.28108984375 0.41812109375000006 0.27031484375 0.4146078125 0.26211640625 0.44927578125 0.29608124999999996 0.4581765625 0.31341562500000003 0.38415625000000003
1 0.32020859375 0.4609875 0.356515625 0.47293359375 0.368228125 0.43287890625000003 0.3328578125 0.42186953125000004 0.32020859375 0.4609875
0 0.41273359374999996 0.49893515624999996 0.38298515625 0.4916734375 0.3761921875 0.5167375 0.40640937499999996 0.52610703125 0.41273359374999996 0.49893515624999996
2 0.320621875 0.6063632812499999 0.3156890625 0.62503671875 0.19941953125 0.59367890625 0.1546734375 0.7606843750000001 0.31886015625 0.8057828125000001 0.36959609375 0.6183421874999999 0.320621875 0.6063632812499999
1 0.40694296874999997 0.93685 0.41222812500000006 0.91113046875 0.42103671875000004 0.9121867187499999 0.42667421875 0.8917515625 0.419275 0.8896375000000001 0.42456015625 0.8677929687500001 0.48762734375 0.8836484375 0.49854921875 0.839959375 0.44393828125 0.823046875 0.44851875 0.8086015625 0.44006249999999997 0.805078125 0.44393828125 0.79098515625 0.38051875 0.775834375 0.341409375 0.92134765625 0.40694296874999997 0.93685
2 0.545409375 0.68598984375 0.46930625 0.6655546875 0.4552125 0.72439453125 0.53131640625 0.744125 0.545409375 0.68598984375
2 0.60777265625 0.49326484375 0.49573124999999996 0.46155468749999995 0.474590625 0.5521039062499999 0.58346171875 0.5817 0.60777265625 0.49326484375
2 0.5764148437500001 0.20576171875 0.64300546875 0.2247875 0.64159609375 0.23324375000000003 0.656746875 0.23641484375 0.6585078125 0.23042500000000002 0.6740109375000001 0.23289140625 0.68739921875 0.17933671874999998 0.59086015625 0.15220703124999999 0.5764148437500001 0.20576171875
2 0.76456015625 0.22760625 0.9072546875 0.26424921874999996 0.91993828125 0.21562734374999998 0.77724375 0.17792734375000002 0.76456015625 0.22760625
2 0.8367882812499999 0.3991921875 0.8501765625000001 0.40306796875 0.8593375 0.36818671875 0.84489140625 0.36466328125 0.8487671875 0.35092265624999996 0.74870546875 0.32238359375000003 0.73108828125 0.3872125 0.8322078125000001 0.415046875 0.8367882812499999 0.3991921875
2 0.7272125 0.56725390625 0.79908828125 0.585928125 0.81741015625 0.5098242187500001 0.6979695312499999 0.4795234375 0.67859140625 0.5499898437499999 0.72756484375 0.5644359375 0.7272125 0.56725390625
1 0.70466328125 0.77090234375 0.65357578125 0.75751328125 0.65146171875 0.7670265625 0.6447671875000001 0.7642078125 0.63807265625 0.79239453125 0.6947984375 0.80824921875 0.70466328125 0.77090234375
1 0.6532234375 0.84771015625 0.70290234375 0.8600421875 0.70466328125 0.8515859375 0.7504664062499999 0.8610992187500001 0.75469453125 0.84418671875 0.660621875 0.82058046875 0.6532234375 0.84771015625
1 0.633140625 0.92416640625 0.6468812500000001 0.8755445312499999 0.6017828125 0.863565625 0.58874609375 0.911834375 0.633140625 0.92416640625