1 0.6014445312500001 1 0.616234375 0.9946906249999999 0.59916953125 0.9336375 0.55897265625 0.9419796874999999 0.5745203125 1 0.6014445312500001 1
1 0.5453210937499999 0.9984828125 0.54607890625 1 0.52939375 0.9472890625 0.48047500000000004 0.96169921875 0.49336796875 1 0.5453210937499999 0.9984828125
1 0.000009375000000000001 0.648846875 0.007593750000000001 0.64429609375 0.032242187500000005 0.634815625 0.026933593750000002 0.6147171874999999 0 0.62533515625 0.000009375000000000001 0.648846875
1 0.0235203125 0.52256796875 0.07206015625 0.5085367187500001 0.060304687499999995 0.47364921875 0.024278906250000003 0.48350859375 0.0235203125 0.52256796875
1 0.0364140625 0.0159359375 0.0212453125 0.0159359375 0.022382812499999998 0.050065625 0.0462734375 0.05044453125 0.045894531249999995 0.0311046875 0.0375515625 0.031484374999999995 0.0364140625 0.0159359375
1 0.02314140625 0.1581421875 0.09822578125 0.1494203125 0.089125 0.0724390625 0.02314140625 0.0788859375 0.02314140625 0.1581421875
3 0.69424921875 0.61817109375 0.6830101562500001 0.6204765625 0.683875 0.6245109375 0.69568984375 0.6219179687499999 0.69424921875 0.61817109375
3 0.78732890625 0.5371953125 0.77320859375 0.54094140625 0.77666640625 0.5455523437500001 0.79021015625 0.5426703125000001 0.78732890625 0.5371953125
3 0.30775390625 0.24648906249999997 0.3023875 0.24648906249999997 0.30328203125000003 0.2558796875 0.30797734375 0.25677421875 0.30775390625 0.24648906249999997
3 0.43251875 0.195509375 0.43251875 0.1814234375 0.4278234375 0.1812 0.428046875 0.19595703125 0.43251875 0.195509375
1 0.67174375 0.7357625 0.7563859374999999 0.71385 0.74607421875 0.67475078125 0.65842421875 0.69752265625 0.67174375 0.7357625
1 0.74564453125 0.46937578125 0.7374804687500001 0.47023515624999995 0.73060625 0.45047109374999994 0.6283484374999999 0.4775390625 0.650690625 0.55874453125 0.75251875 0.5316757812499999 0.7490812499999999 0.51062265625 0.75595625 0.50933359375 0.74564453125 0.46937578125
1 0.5862421875 0.71986484375 0.48742109375 0.74435546875 0.49558515625000005 0.78474296875 0.59483515625 0.75810390625 0.5862421875 0.71986484375
0 0.36325078125 0.8358718749999999 0.315559375 0.8479023437500001 0.32630078125 0.8822742187499999 0.37055546875 0.86895546875 0.36325078125 0.8358718749999999
0 0.16561015625 0.8719625000000001 0.11748828124999999 0.8848523437500001 0.1282296875 0.9299664062499999 0.17849921875000002 0.9162171875 0.16561015625 0.8719625000000001
1 0.03241640625 0.68291484375 0.0422984375 0.6777585937499999 0.045735937500000004 0.685921875 0.08139765624999999 0.67689921875 0.07280468749999999 0.6459640624999999 0.03671328125 0.6558460937499999 0.03757265625 0.66486875 0.0272609375 0.6678765624999999 0.03241640625 0.68291484375
1 0.059485156250000004 0.7215835937499999 0.0659296875 0.749940625 0.09772421875000001 0.7400585937499999 0.0904203125 0.71385 0.059485156250000004 0.7215835937499999
1 0.38000781250000004 0.170765625 0.379578125 0.18623359374999998 0.37055546875 0.18494453125000002 0.36926640625 0.22103515625 0.40836484375 0.22275390625 0.41051328125 0.1711953125 0.38000781250000004 0.170765625
1 0.19826328124999998 0.1497125 0.196115625 0.20170078125000002 0.231346875 0.20084140625 0.2309171875 0.18623359374999998 0.256696875 0.18580390625 0.2571265625 0.1497125 0.19826328124999998 0.1497125
1 0.24251796875 0.12049609375 0.24208828124999998 0.11705859375000001 0.19826328124999998 0.11533984374999999 0.19697499999999998 0.13768203125 0.249821875 0.13983046875 0.2519703125 0.12049609375 0.24251796875 0.12049609375