1 0.97570390625 0.1297421875 0.9997875 0.13039296875 1 0.051959374999999995 0.9744023437499999 0.05326093750000001 0.97570390625 0.1297421875
0 0.803865625 0.17498046875 0.8165578124999999 0.2221703125 0.8731867187500001 0.2081765625 0.8588671874999999 0.1590328125 0.803865625 0.17498046875
0 0.90931171875 0.21956718749999998 0.9278625 0.2895390625 0.9786328125000001 0.27684609375 0.9633367187499999 0.20459609374999999 0.90931171875 0.21956718749999998
1 0.24831953125 0 0.24669218750000002 0.01225390625 0.22098203125000002 0.014207031249999998 0.22098203125000002 0.047403125000000004 0.26979921875 0.04707734375 0.27403046875000003 0 0.24831953125 0
1 0.3964 0.23486328125 0.41885625 0.23388671875 0.4175546875 0.17986171875 0.38273125 0.18083828125 0.38273125 0.2198921875 0.39574921875 0.22021796875000002 0.3964 0.23486328125
0 0.27630859375 0.35430390625 0.32122109375 0.353653125 0.31959375 0.290515625 0.2759828125 0.290840625 0.27630859375 0.35430390625
0 0.1477546875 0.2469046875 0.1477546875 0.28791171875 0.23530156249999998 0.2885625 0.23530156249999998 0.2488578125 0.1477546875 0.2469046875
0 0.14222265625 0.42785624999999994 0.14222265625 0.3819671875 0.1093515625 0.38359453125 0.11097890625 0.4291578125 0.14222265625 0.42785624999999994
3 0.12731874999999998 0.441084375 0.1386359375 0.44057031249999995 0.1378640625 0.43645468750000005 0.126546875 0.43645468750000005 0.12731874999999998 0.441084375
3 0.2822390625 0.3879765625 0.2822390625 0.383434375 0.2692171875 0.38403984375 0.26982343750000004 0.38737109375 0.2822390625 0.3879765625
3 0.5301210937499999 0.3054578125 0.5332328125 0.29660234375 0.5291640625 0.2944484375 0.5246164062500001 0.3042609375 0.5301210937499999 0.3054578125
1 0.039537499999999996 0.24585703125 0.04649296875 0.24475859375 0.0453953125 0.25208046875 0.038439062499999996 0.25354453125 0.039171875 0.2883234375 0.07358359375 0.28759140625 0.0728515625 0.198265625 0.039537499999999996 0.1971671875 0.039537499999999996 0.24585703125