1 0.99921875 0.87170703125 0.99105390625 0.85076484375 0.9737078125 0.861890625 0.9589796875 0.8713796874999999 0.99921875 0.93914609375 0.99921875 0.87170703125
4 0.5759960937499999 0.8789882812500001 0.57571640625 0.845703125 0.541025 0.84542265625 0.541584375 0.86024765625 0.48143359375 0.86108671875 0.48199296875000003 0.88262421875 0.5759960937499999 0.8789882812500001
4 0.57963359375 0.9366078124999999 0.578234375 0.9153499999999999 0.48283203124999996 0.9201054687499999 0.48398359375 0.94171875 0.57963359375 0.9366078124999999
4 0.32040156249999996 0.8480554687499999 0.32208046874999996 0.8281960937499999 0.304734375 0.8281960937499999 0.3038953125 0.814490625 0.28123359375 0.8136515624999999 0.28039453124999997 0.82931484375 0.22583906250000002 0.82931484375 0.22611875 0.84917421875 0.32040156249999996 0.8480554687499999
4 0.31648515625 0.914346875 0.31620546875 0.8942078125 0.27479921875 0.8944875 0.27479921875 0.8849773437499999 0.2613703125 0.8849773437499999 0.26276875 0.8953265625 0.21940390625 0.8956062499999999 0.220803125 0.9154656250000001 0.31648515625 0.914346875
1 0.2980203125 0.97712734375 0.29662109375 0.9418843750000001 0.27535859375 0.9416046874999999 0.27591796875 0.95642890625 0.230875 0.95670859375 0.230875 0.97712734375 0.2980203125 0.97712734375
4 0.10597734375000001 0.8199265625000001 0.10485859374999999 0.8023046875000001 0.08275625 0.8011859375 0.0830359375 0.78859921875 0.06597031249999999 0.78859921875 0.06597031249999999 0.8023046875000001 0.03435546875 0.8020250000000001 0.033567968749999996 0.8197210937499999 0.10597734375000001 0.8199265625000001
4 0.09982265625 0.878665625 0.09898281249999999 0.8613234375 0.01365234375 0.8669171875 0.0147796875 0.88560546875 0.09982265625 0.878665625
4 0.0936671875 0.93592890625 0.0936671875 0.9197054687499999 0.030998437499999996 0.92054453125 0.031313281250000005 0.936959375 0.0936671875 0.93592890625
4 0.08611328124999999 0.99690546875 0.08695312499999999 0.97928359375 0.0198078125 0.9795632812499999 0.01953984375 0.99883515625 0.08611328124999999 0.99690546875
3 0.6091078125 0.91652734375 0.601809375 0.91790859375 0.6025984375 0.93250390625 0.6104890625 0.9313203124999999 0.6091078125 0.91652734375
3 0.6043734374999999 0.86031484375 0.5960890625 0.8616953125 0.59726953125 0.8785234375 0.6059515625 0.8770796875 0.6043734374999999 0.86031484375
3 0.2223421875 0.9619046875 0.21276562499999999 0.96215703125 0.21123906250000002 0.9766078125 0.22083046875 0.9767718750000001 0.2223421875 0.9619046875
3 0.20722187500000003 0.9077296875 0.20041718749999998 0.9077296875 0.1990515625 0.92402421875 0.20747343749999997 0.9233523437500001 0.20722187500000003 0.9077296875
3 0.10440078125 0.97929140625 0.09658828124999999 0.9802992187499999 0.09614062500000001 0.99691953125 0.1049046875 0.995921875 0.10440078125 0.97929140625
3 0.12257968749999999 0.85956328125 0.11401093749999999 0.8615789062499999 0.11509765624999999 0.87753359375 0.12333515625 0.87669765625 0.12257968749999999 0.85956328125