3 0.6872671875 0.680621875 0.67338984375 0.68120859375 0.6739765625 0.68609453125 0.6876585937499999 0.68668125 0.6872671875 0.680621875
3 0.12987500000000002 0.7405078125 0.116396875 0.741046875 0.1169359375 0.74733671875 0.1311328125 0.74697734375 0.12987500000000002 0.7405078125
3 0.25027734375 0.76602734375 0.25027734375 0.75830078125 0.23500390625 0.75830078125 0.23500390625 0.76602734375 0.25027734375 0.76602734375
3 0.31676953124999996 0.7306210937500001 0.31676953124999996 0.7246914062500001 0.30293359375 0.7246914062500001 0.30293359375 0.7306210937500001 0.31676953124999996 0.7306210937500001
3 0.41977343749999996 0.6615898437500001 0.41977343749999996 0.65445703125 0.40535156250000004 0.65445703125 0.40535156250000004 0.6615898437500001 0.41977343749999996 0.6615898437500001
3 0.3549375 0.655265625 0.3549375 0.6487812500000001 0.341 0.6487812500000001 0.341 0.655265625 0.3549375 0.655265625
3 0.22965234375 0.6489453125 0.22965234375 0.6424609375 0.21847265624999998 0.6424609375 0.21847265624999998 0.6489453125 0.22965234375 0.6489453125
3 0.17746875 0.66223828125 0.17746875 0.6559179687500001 0.16304687499999998 0.6559179687500001 0.16304687499999998 0.66223828125 0.17746875 0.66223828125
3 0.33829296875 0.19857031249999998 0.33829296875 0.17960156249999998 0.33112890625 0.17960156249999998 0.33112890625 0.19857031249999998 0.33829296875 0.19857031249999998
3 0.1870390625 0.26089453125 0.1870390625 0.25351171875 0.1717265625 0.25351171875 0.1717265625 0.26089453125 0.1870390625 0.26089453125
3 0.1315546875 0.26521484375000004 0.1315546875 0.25783203125 0.1166015625 0.25783203125 0.1166015625 0.26521484375000004 0.1315546875 0.26521484375000004
3 0.8876875 0.34355078125 0.8876875 0.33093359375000003 0.8819375 0.33093359375000003 0.8819375 0.34355078125 0.8876875 0.34355078125
3 0.78320703125 0.318625 0.78320703125 0.303609375 0.77729296875 0.303609375 0.77729296875 0.318625 0.78320703125 0.318625
3 0.8715531249999999 0.1444890625 0.868678125 0.13058984375 0.8622875000000001 0.132346875 0.8667609374999999 0.1460859375 0.8715531249999999 0.1444890625
4 0.04353359375 0.78053671875 0.04386171875 0.79888046875 0.055653906249999996 0.7972421875 0.057618749999999996 0.8306531250000001 0.07399687499999999 0.82934296875 0.07399687499999999 0.7576078125000001 0.0549984375 0.7579351562500001 0.0549984375 0.780209375 0.04353359375 0.78053671875
4 0.11559609374999999 0.76383125 0.12214765624999999 0.8486687500000001 0.1395078125 0.8476859375 0.13393984375 0.7628484375 0.11559609374999999 0.76383125
4 0.19224453125000002 0.83032578125 0.190934375 0.7677625 0.1739015625 0.7677625 0.176521875 0.83261875 0.19224453125000002 0.83032578125
4 0.25349765625 0.84277265625 0.2521875 0.77627890625 0.23384453125000002 0.7759507812499999 0.23449921875 0.843428125 0.25349765625 0.84277265625
4 0.31998828125 0.85292578125 0.31998828125 0.75760546875 0.29837109375000004 0.75760546875 0.29837109375000004 0.85292578125 0.31998828125 0.85292578125
4 0.38091796875 0.8516171874999999 0.38091796875 0.7546640625000001 0.35930078125 0.7546640625000001 0.35930078125 0.8516171874999999 0.38091796875 0.8516171874999999
0 0.386484375 0.8781484374999999 0.386484375 0.8526015625 0.360609375 0.8526015625 0.360609375 0.8781484374999999 0.386484375 0.8781484374999999
0 0.80215546875 0.778571875 0.7985523437500001 0.75466015625 0.7648140625 0.75826328125 0.7687445312500001 0.7811921875000001 0.80215546875 0.778571875
0 0.66233203125 0.6901914062500001 0.66233203125 0.6511210937499999 0.62083984375 0.6511210937499999 0.62083984375 0.6901914062500001 0.66233203125 0.6901914062500001
1 0.91278046875 0.53361875 0.8703828124999999 0.5424015625 0.8837078125 0.597821875 0.9509390625 0.5799546875 0.94336796875 0.54755 0.91823203125 0.55209296875 0.91278046875 0.53361875
1 0.7280453125 0.5493671875 0.7280453125 0.58691953125 0.81435625 0.5893421875 0.81435625 0.5899484375 0.81526484375 0.5484585937500001 0.7280453125 0.5493671875
1 0.611753125 0.5517898437500001 0.6132671875 0.5799546875 0.63204375 0.5787429687500001 0.63204375 0.6041820312499999 0.672625 0.6038789062500001 0.672625 0.59085703125 0.70836015625 0.5899484375 0.7071492187499999 0.55542421875 0.67353359375 0.557240625 0.672321875 0.54966953125 0.611753125 0.5517898437500001
4 0.42035546874999996 0.6311328125 0.42035546874999996 0.5487578125 0.40158203124999997 0.5487578125 0.40158203124999997 0.6311328125 0.42035546874999996 0.6311328125
4 0.3558515625 0.6271953124999999 0.3558515625 0.5596640625 0.3385859375 0.5596640625 0.3385859375 0.6271953124999999 0.3558515625 0.6271953124999999
4 0.2135125 0.58691953125 0.21260390624999997 0.6311351562499999 0.23380312499999997 0.63204375 0.23228828125 0.56390390625 0.1944328125 0.5648117187499999 0.19685546874999998 0.58752578125 0.2135125 0.58691953125
4 0.17171875 0.641125 0.17171875 0.546640625 0.14809375 0.546640625 0.14809375 0.641125 0.17171875 0.641125
4 0.10569921874999999 0.6359843749999999 0.10569921874999999 0.5408906250000001 0.08147265625 0.5408906250000001 0.08147265625 0.6359843749999999 0.10569921874999999 0.6359843749999999
4 0.19412890625 0.37796093750000004 0.19412890625 0.2828671875 0.16899609375 0.2828671875 0.16899609375 0.37796093750000004 0.19412890625 0.37796093750000004
4 0.11508750000000001 0.32223359375 0.11629921875 0.38189375000000003 0.1371953125 0.37977421875 0.13507578125 0.2858921875 0.10024843750000001 0.28649765625 0.10024843750000001 0.32223359375 0.11508750000000001 0.32223359375
4 0.313453125 0.3749296875 0.313453125 0.2783203125 0.288921875 0.2783203125 0.288921875 0.3749296875 0.313453125 0.3749296875
1 0.729859375 0.37644140625 0.729859375 0.33343359375000003 0.64415625 0.33343359375000003 0.64415625 0.37644140625 0.729859375 0.37644140625
0 0.8679593750000001 0.3537296875 0.8594796875 0.324353125 0.8273781250000001 0.33192421875 0.83555546875 0.36432890625000003 0.8679593750000001 0.3537296875
1 0.9806179687500001 0.33071328125 1 0.32344453125 0.999696875 0.28861796875 0.97244140625 0.2989140625 0.9806179687500001 0.33071328125
1 0.99909140625 0.260453125 1 0.1950390625 0.9827375 0.19958125 0.99909140625 0.260453125
1 0.9993945312499999 0.10388203124999999 0.9569960937499999 0.11448203125 0.97274375 0.17898828125 1 0.17353671875 0.9993945312499999 0.10388203124999999
0 0.6541523437500001 0.21169140625 0.6541523437500001 0.17716796875000002 0.60145703125 0.17716796875000002 0.60145703125 0.21169140625 0.6541523437500001 0.21169140625
0 0.8631140625 0.15354921875 0.8513031249999999 0.11296796875 0.8331328125 0.118721875 0.8443375 0.15960546874999998 0.8631140625 0.15354921875
1 0.8682624999999999 0.0530046875 0.8591773437500001 0.0563359375 0.8600859375000001 0.061786718750000004 0.8531203125 0.0626953125 0.864628125 0.10933359375 0.89158125 0.10388203124999999 0.8803765625000001 0.05694140625000001 0.871290625 0.059667187499999996 0.8682624999999999 0.0530046875
1 0.7480328125 0.07420390624999999 0.70018359375 0.07359765625 0.70048671875 0.1135734375 0.7428851562500001 0.11296796875 0.7431875 0.12447578125 0.7755921875 0.12326484374999999 0.77589453125 0.0884375 0.7486390625 0.08722578125 0.7480328125 0.07420390624999999
1 0.43004609374999997 0.0829859375 0.42974296875 0.11781328124999998 0.44670234375 0.11629921875 0.45003359375 0.15173203125 0.46881015625 0.1511265625 0.46517656250000006 0.06057578125 0.449428125 0.061786718750000004 0.44973124999999997 0.08026015625 0.43004609374999997 0.0829859375
0 0.3743203125 0.17595703125 0.3743203125 0.15566796875 0.3473671875 0.15566796875 0.3473671875 0.17595703125 0.3743203125 0.17595703125
0 0.42586640625000005 0.312453125 0.41255859375000004 0.31327734375 0.41350078124999995 0.33223828125 0.40984921874999997 0.332709375 0.40996718750000005 0.35555703125 0.43411015624999993 0.35614609375 0.43305078124999996 0.32611406249999997 0.42621953125 0.32587890625 0.42586640625000005 0.312453125