3 0.87267890625 0.86346953125 0.87113515625 0.883275 0.8775656250000001 0.8843039062500001 0.8788515625000001 0.8637265624999999 0.87267890625 0.86346953125
3 0.86650546875 0.8606398437499999 0.86444765625 0.88378984375 0.87062109375 0.8840468749999999 0.8729359375 0.8606398437499999 0.86650546875 0.8606398437499999
3 0.98906953125 0.932784375 0.97731484375 0.932784375 0.97731484375 0.93938359375 0.98803828125 0.93958984375 0.98906953125 0.932784375
3 0.8467507812499999 0.55680390625 0.8418187500000001 0.57019140625 0.8472796875 0.57301015625 0.85097890625 0.55891796875 0.8467507812499999 0.55680390625
3 0.12613203125 0.5236953125 0.11341015624999999 0.520775 0.1115328125 0.5284921875 0.12446328124999999 0.5307859374999999 0.12613203125 0.5236953125
3 0.17848046875 0.40982109375000003 0.1668015625 0.40502421875000005 0.16325546875000002 0.41232421874999997 0.17556093749999999 0.41670390625 0.17848046875 0.40982109375000003
3 0.26482656250000003 0.15571796875 0.26006328125 0.16524453125 0.28149765625 0.1709234375 0.28369609375 0.162496875 0.26482656250000003 0.15571796875
3 0.20895078125 0.15993203125 0.20876796875 0.18118281249999998 0.21536328125 0.18118281249999998 0.21554609375 0.16084765625 0.20895078125 0.15993203125
1 0.3490328125 0 0.33366640625 0.06810000000000001 0.37068515625 0.07578281249999999 0.38919453125 0 0.3490328125 0
1 0.0850140625 0 0.08536328125 0.06076640625 0.14298671875 0.06425859375000001 0.1419390625 0.0548296875 0.16289296874999998 0.0544796875 0.1632421875 0.06530625 0.21946796875 0.066703125 0.2212140625 0 0.0850140625 0
1 1 0.8406 0.9263125000000001 0.8325671874999999 0.9175812499999999 0.9090492187500001 1 0.9167320312499999 1 0.8406
1 1 0.9488609374999999 0.9937140624999999 0.94921015625 0.9944124999999999 0.9701640625 1 0.9708625 1 0.9488609374999999
1 0.907803125 0.53711796875 0.9462187500000001 0.5486421874999999 0.95913984375 0.49940078125 0.9989523437500001 0.50987734375 1 0.47495468750000003 0.92910625 0.45714375 0.907803125 0.53711796875
0 0.9849828125 0.058321875 0.97206171875 0.09988046874999999 0.9888242187499999 0.10511875 0.9996507812500001 0.06425859375000001 0.9849828125 0.058321875
1 0.92736015625 0.13445390625 0.94586953125 0.0544796875 0.92875703125 0.0516859375 0.9098984375000001 0.12991406249999998 0.92736015625 0.13445390625
0 0.83656015625 0.22455546875 0.87218125 0.23433437499999998 0.88370625 0.1938234375 0.885103125 0.19068046875 0.8501796875000001 0.17985390625 0.83656015625 0.22455546875
1 0.8128117187499999 0.2434140625 0.7946523437499999 0.305228125 0.8341148437499999 0.316403125 0.8505289062499999 0.25319296874999997 0.8128117187499999 0.2434140625
0 0.96053671875 0.407553125 0.92456640625 0.39917109375000004 0.9147875000000001 0.43130078125000004 0.94866328125 0.4407296875 0.96053671875 0.407553125
0 0.7918578125 0.39078984375000003 0.7792859375 0.43095156250000005 0.7915085937499999 0.43444374999999996 0.7957 0.4250140625 0.8183999999999999 0.43165 0.8257335937500001 0.40056796875 0.7918578125 0.39078984375000003
4 0.76811015625 0.42745937500000003 0.762871875 0.44771484375000004 0.8232890625 0.46238203125000005 0.828178125 0.44387265625000005 0.76811015625 0.42745937500000003
0 0.83621015625 0.53641953125 0.7848734375 0.52698984375 0.77544453125 0.577628125 0.8246859375 0.58880390625 0.83621015625 0.53641953125
1 0.6926765625 0.8681890624999999 0.7216625 0.8681890624999999 0.7213132812499999 0.85456875 0.75868125 0.8566640624999999 0.7607765625 0.8130101562500001 0.693375 0.8112640624999999 0.6926765625 0.8681890624999999
0 0.5278390625 0.8165023437500001 0.5620640625 0.8161531249999999 0.56171484375 0.80323203125 0.6032734375000001 0.80393046875 0.60222578125 0.7669117187500001 0.5281882812500001 0.76621328125 0.5278390625 0.8165023437500001
1 0.5592703125 0.53048203125 0.47510546875 0.512321875 0.46497734375000005 0.55772265625 0.5065359375 0.5671515625 0.5051390625 0.57448515625 0.54949140625 0.5825179687500001 0.5592703125 0.53048203125
1 0.57079453125 0.40441015625 0.5369195312499999 0.39742500000000003 0.53971328125 0.382059375 0.50828203125 0.376121875 0.49955156250000005 0.4337453125 0.56555625 0.44247578125000003 0.57079453125 0.40441015625
0 0.49710703125 0.24236640625 0.48488359374999995 0.28148046875 0.53761796875 0.29405234375 0.5480945312500001 0.25668515625 0.49710703125 0.24236640625
1 0.6444828125 0.22769843750000002 0.6273703125 0.22490468749999998 0.6165437500000001 0.26786015625 0.6427367187499999 0.274146875 0.65181640625 0.237128125 0.64343515625 0.23538203124999998 0.6444828125 0.22769843750000002
4 0.67661171875 0.13270781250000002 0.598384375 0.12118359375000001 0.59489140625 0.14143828125 0.674865625 0.15331250000000002 0.67661171875 0.13270781250000002
1 0.32807890624999997 0.09045078125 0.31166484375 0.15750312500000002 0.35217578125000004 0.1669328125 0.36684375 0.10022968750000001 0.32807890624999997 0.09045078125
1 0.2582328125 0.39742500000000003 0.251946875 0.39637734375 0.24810546875 0.41733125 0.2924578125 0.42396640625000004 0.3064265625 0.36215312499999996 0.27010703125 0.353421875 0.2582328125 0.39742500000000003
1 0.246009375 0.47809765625 0.1716234375 0.46308046875000003 0.16498828125 0.4934640625 0.1985140625 0.50079765625 0.19083125 0.5346734375 0.23238984375 0.5430546875 0.246009375 0.47809765625
0 0.18245 0.42326796875 0.1503203125 0.41593437499999997 0.14578046875 0.4393328125 0.17546484375 0.44596796875000005 0.18245 0.42326796875
1 0.13425546875 0.16169375 0.1332078125 0.17217109375 0.129715625 0.17217109375 0.1276203125 0.2193171875 0.13355703125 0.220015625 0.13460468750000001 0.22874609375000002 0.12063593749999998 0.2290953125 0.12238203125 0.30068828124999997 0.169528125 0.30068828124999997 0.169528125 0.23363593749999997 0.17895703125 0.23433437499999998 0.17965546875 0.16169375 0.13425546875 0.16169375