0 0.10494531250000001 0.8485414062500001 0.103478125 0.86793828125 0.15492578125 0.86918515625 0.15517421874999998 0.8286445312499999 0.10593984375000001 0.8276492187500001 0.10494531250000001 0.8485414062500001
1 0.11688046875 0.7502984374999999 0.057202343749999995 0.75104453125 0.057202343749999995 0.7667140625 0.05715625 0.78019375 0.1489578125 0.7789007812500001 0.148709375 0.7418421875 0.1176265625 0.7418421875 0.11688046875 0.7502984374999999
0 0.0125359375 0.9458968750000001 0.01350703125 0.9835203124999999 0.04610546875 0.98295546875 0.04635390625 0.9456484375 0.0125359375 0.9458968750000001
1 0.13512578125000002 1 0.06873359375 0.9588304687500001 0.04602109375 0.9944328125 0.061024999999999996 1 0.13512578125000002 1
4 0.04772890625 0.60513828125 0.06163515625 0.6177476562499999 0.1170234375 0.55680703125 0.10243828125000001 0.54425 0.04772890625 0.60513828125
0 0.145121875 0.6097679687500001 0.17069921875 0.60962265625 0.16959140625 0.57619765625 0.14540546875 0.5769359374999999 0.145121875 0.6097679687500001
1 0.069390625 0.397528125 0.12909453125 0.39664062499999997 0.12887265625 0.3198296875 0.06916875 0.3207171875 0.069390625 0.32870937499999997 0.050525 0.329153125 0.050525 0.31894140625 0 0.31916328125 0.00012890625 0.39512109375 0.050303125000000004 0.39575234375 0.050303125000000004 0.38709453125 0.06894687499999999 0.38731640624999997 0.069390625 0.397528125
1 0.10808124999999999 0.15049218749999999 0.16759375 0.15205859375 0.16804140625 0.0753015625 0.11009453124999999 0.07395859375 0.11031875 0.08291015625 0.09063046875 0.08268671875 0.09107734375 0.0732875 0.0351453125 0.07172109374999999 0.03279140625 0.14820625 0.09040625 0.14914921875 0.09063046875 0.14086953124999999 0.1083046875 0.14086953124999999 0.10808124999999999 0.15049218749999999
0 0.34706640625 0.73898671875 0.4715 0.73746171875 0.47081953125 0.66169375 0.3469875 0.6621476562499999 0.34706640625 0.73898671875
2 0.37910390625 0.090425 0.37962421874999996 0.09050078125 0.42255703125000005 0.0906546875 0.42232734375 0.051101562499999996 0.37979375000000004 0.0515609375 0.37910390625 0.090425
2 0.6063765625 0.10445234375000001 0.6486804687500001 0.10560234375 0.64845 0.05225078125 0.6056874999999999 0.051791406250000005 0.6063765625 0.10445234375000001
4 0.95483046875 0.12270390625000001 0.94435625 0.12376875000000001 0.94435625 0.11631093749999999 0.9232296874999999 0.11861953125 0.93056875 0.21438281250000002 0.951990625 0.21326562500000001 0.9484398437499999 0.1525359375 0.9558960937500001 0.15164765625 0.95483046875 0.12270390625000001
3 0.137015625 0.3483546875 0.14655078125 0.349509375 0.14768515625 0.32745859374999997 0.13941796875 0.32599921875 0.137015625 0.3483546875
3 0.315475 0.75324375 0.31509765624999997 0.7623046875 0.33736953125 0.76249375 0.33831328125 0.75362109375 0.315475 0.75324375
3 0.01835703125 0.93765078125 0.03374375 0.93875 0.0334296875 0.9302703125 0.018828125 0.92979921875 0.01835703125 0.93765078125
3 0.01710078125 0.9365515625 0.0156875 0.9437749999999999 0.0282484375 0.94581640625 0.030446875 0.939378125 0.01710078125 0.9365515625