1 0.9492640625 1 0.9533375 0.999678125 0.9433164062499999 0.965546875 0.9061828125 0.976328125 0.91406015625 1 0.9492640625 1
1 0.8993062500000001 0.9543312500000001 0.9394578125 0.9424078124999999 0.9285273437500001 0.89493828125 0.8883398437500001 0.9053976562500001 0.8993062500000001 0.9543312500000001
1 0.92032890625 0.87261953125 0.90827265625 0.8259546875 0.8703359374999999 0.8354484375 0.8830351562500001 0.88404453125 0.92032890625 0.87261953125
1 0.8626203125 0.8145625000000001 0.9119703124999999 0.79927578125 0.8987882812500001 0.76194375 0.8512070312500001 0.77658671875 0.8626203125 0.8145625000000001
3 0.872290625 0.74737421875 0.8931625000000001 0.747815625 0.8931625000000001 0.74105703125 0.8713007812500001 0.74089609375 0.872290625 0.74737421875
1 0.8801414062499999 0.5444054687500001 0.8785343749999999 0.53265859375 0.84863515625 0.54295703125 0.84815234375 0.55132421875 0.8534765625 0.56936171875 0.904896875 0.5543820312500001 0.90055703125 0.5384515624999999 0.8801414062499999 0.5444054687500001
1 0.9790023437500001 0.11504062500000001 0.97916328125 0.116328125 0.9793242187500001 0.11568437499999999 0.9997390625 0.11343203125000001 0.9997390625 0.10265078125 0.9781984375 0.105546875 0.9790023437500001 0.11504062500000001
1 0.71974140625 0.04122421875 0.7152406250000001 0.02400625 0.68968125 0.023684375 0.67601796875 0.03044296875 0.67667109375 0.0302609375 0.68228671875 0.0460515625 0.696271875 0.04106328125 0.69836171875 0.04862578125 0.71974140625 0.04122421875
0 0.68405546875 0.18051015625 0.71357578125 0.17064375 0.69836171875 0.1270875 0.6695875 0.13658125000000002 0.68405546875 0.18051015625
1 0.72906484375 0.2023625 0.695146875 0.212821875 0.7018984374999999 0.23792421875 0.75864296875 0.2200625 0.74369296875 0.16551328125 0.7194203124999999 0.17001875 0.72906484375 0.2023625
1 0.84127421875 0.30503984375000004 0.8255210937499999 0.27398359375000003 0.7890312500000001 0.29522421875 0.8067132812500001 0.32611953125 0.84127421875 0.30503984375000004