1 0.49204921874999996 0.8752875 0.5401203125 0.8647429687500001 0.5333796875 0.82904375 0.4837828125 0.8406046875 0.49204921874999996 0.8752875
0 0.5492765625 0.821040625 0.5425359375000001 0.7916937500000001 0.49891640625000006 0.80096796875 0.5059109375 0.8312039062500001 0.5492765625 0.821040625
4 0.07706015625 0.789675 0.08198671874999999 0.8004554687500001 0.12238489687500001 0.78553753046875 0.11975703124999999 0.77350390625 0.10192734375000001 0.781003125 0.09981640625 0.77772265625 0.08433281249999999 0.782878125 0.085740625 0.785690625 0.07706015625 0.789675
4 0.056121875 0.68535546875 0.059132031249999994 0.68583671875 0.06009609375 0.68848359375 0.068646875 0.68499453125 0.0672015625 0.68162578125 0.08803671874999999 0.67308359375 0.08972265625 0.67573046875 0.0962265625 0.67344453125 0.09490156250000001 0.66995546875 0.10110859375 0.6666875 0.09688593749999999 0.65543828125 0.0964671875 0.65587890625 0.05118359375 0.67464765625 0.056121875 0.68535546875
4 0.1230359375 0.639275 0.12568515625 0.649140625 0.13158671875 0.649621875 0.13255 0.65251015625 0.14724296875 0.6489 0.1465203125 0.6444484375 0.16614816875 0.638770015625 0.1645859375 0.6278453125000001 0.14989296875 0.6304921875 0.147725 0.6229125 0.12713046875 0.6284468750000001 0.1279734375 0.63783125 0.1230359375 0.639275
0 0.08644062500000001 0.5733390625 0.08480234375 0.5500875 0.0487921875 0.5523734375 0.049514843749999995 0.57800078125 0.08644062500000001 0.5733390625
0 0.13356015625 0.53813515625 0.1320859375 0.5135125 0.1108890625 0.5143546875 0.11161171875 0.53901875 0.13356015625 0.53813515625
4 0.44771015625 0.72950859375 0.52669453125 0.70231875 0.5221796875 0.6822710937500001 0.43986171875 0.70866328125 0.44771015625 0.72950859375
1 0.38495703125 0.6199890625 0.43515234375 0.60331484375 0.42305390625 0.5685445312499999 0.37021640625 0.58384375 0.38495703125 0.6199890625
0 0.42860546875 0.5310601562499999 0.4155875 0.49816640625 0.38017109375 0.5096406250000001 0.393571875 0.5427257812499999 0.42860546875 0.5310601562499999
4 0.39004609375 0.4552609375 0.43199531249999995 0.43916953124999997 0.42909921874999996 0.42925234375 0.385834375 0.44569921875 0.39004609375 0.4552609375
1 0.03138828125 0.36427109375 0.04683359375 0.352371875 0.024626562499999997 0.31794765625 0.02443515625 0.35524062500000003 0.03138828125 0.36427109375
1 0.09533046875 0.28352343750000003 0.07522890625 0.29098203125 0.088246875 0.32024296875 0.12092265625000001 0.30687734375 0.11007109374999999 0.2816109375 0.0962875 0.28562734375 0.09533046875 0.28352343750000003
1 0.1708546875 0.2873640625 0.160384375 0.26036015625000003 0.14277265625 0.2645671875 0.15425859375 0.29191484375 0.1708546875 0.2873640625
4 0.2688359375 0.22000703124999998 0.26443359375000003 0.23301171874999999 0.289703125 0.24008828124999998 0.2885546875 0.24314765624999998 0.29774375000000003 0.24582500000000002 0.301425 0.24202265625 0.3061671875 0.2288046875 0.28702265625 0.22230234375000002 0.2849171875 0.22536171875000002 0.2688359375 0.22000703124999998
4 0.71357734375 0.02553671875 0.6494453124999999 0.0272578125 0.6502109375 0.04638203125 0.7126203125 0.04446953125 0.71357734375 0.02553671875
4 0.523171875 0.06646328124999999 0.5697398437500001 0.0732859375 0.57256328125 0.06225546875 0.5256609375 0.05403203125 0.523171875 0.06646328124999999
0 0.55035625 0.08138046875 0.55131328125 0.098209375 0.57720078125 0.0968171875 0.5771578125 0.09840078125 0.57811484375 0.07927656250000001 0.55035625 0.08138046875
4 0.34389609375 0.053771875000000004 0.35600703125 0.0484859375 0.3349484375 0.005646875 0.324228125 0.01157578125 0.34389609375 0.053771875000000004
4 0.18376874999999998 0.09653046875 0.142559375 0.040071093749999995 0.12839296875 0.050015624999999994 0.17031796875 0.105859375 0.18376874999999998 0.09653046875
3 0.15679375 0.10399140625 0.1486859375 0.09993046875 0.14677109375 0.10356484375 0.15308828125 0.10796328125000001 0.15679375 0.10399140625