1 0.5162171875 0.8406046875 0.4666203125 0.82904375 0.45987968749999997 0.8647429687500001 0.50795078125 0.8752875 0.5162171875 0.8406046875
0 0.49408906249999995 0.8312039062500001 0.50108359375 0.80096796875 0.4574640625 0.7916937500000001 0.45072343750000005 0.821040625 0.49408906249999995 0.8312039062500001
4 0.9156671875000001 0.782878125 0.9001835937499999 0.77772265625 0.8980726562499999 0.781003125 0.88024296875 0.77350390625 0.877615103125 0.78553753046875 0.91801328125 0.8004554687500001 0.92293984375 0.789675 0.914259375 0.785690625 0.9156671875000001 0.782878125
4 0.9050984375000001 0.66995546875 0.9037734374999999 0.67344453125 0.91027734375 0.67573046875 0.91196328125 0.67308359375 0.9327984375 0.68162578125 0.931353125 0.68499453125 0.93990390625 0.68848359375 0.9408679687499999 0.68583671875 0.943878125 0.68535546875 0.94881640625 0.67464765625 0.9035328125 0.65587890625 0.9031140625 0.65543828125 0.89889140625 0.6666875 0.9050984375000001 0.66995546875
4 0.86841328125 0.649621875 0.87431484375 0.649140625 0.8769640624999999 0.639275 0.8720265625 0.63783125 0.8728695312499999 0.6284468750000001 0.852275 0.6229125 0.85010703125 0.6304921875 0.8354140624999999 0.6278453125000001 0.83385183125 0.638770015625 0.8534796874999999 0.6444484375 0.85275703125 0.6489 0.86745 0.65251015625 0.86841328125 0.649621875
0 0.9504851562500001 0.57800078125 0.9512078125000001 0.5523734375 0.9151976562499999 0.5500875 0.913559375 0.5733390625 0.9504851562500001 0.57800078125
0 0.8883882812499999 0.53901875 0.8891109374999999 0.5143546875 0.8679140625 0.5135125 0.8664398437499999 0.53813515625 0.8883882812499999 0.53901875
4 0.56013828125 0.70866328125 0.4778203125 0.6822710937500001 0.47330546875 0.70231875 0.55228984375 0.72950859375 0.56013828125 0.70866328125
1 0.62978359375 0.58384375 0.5769460937499999 0.5685445312499999 0.56484765625 0.60331484375 0.61504296875 0.6199890625 0.62978359375 0.58384375
0 0.606428125 0.5427257812499999 0.61982890625 0.5096406250000001 0.5844125 0.49816640625 0.57139453125 0.5310601562499999 0.606428125 0.5427257812499999
4 0.6141656249999999 0.44569921875 0.57090078125 0.42925234375 0.5680046875 0.43916953124999997 0.60995390625 0.4552609375 0.6141656249999999 0.44569921875
1 0.97556484375 0.35524062500000003 0.9753734375 0.31794765625 0.95316640625 0.352371875 0.9686117187500001 0.36427109375 0.97556484375 0.35524062500000003
1 0.9247710937500001 0.29098203125 0.90466953125 0.28352343750000003 0.9037124999999999 0.28562734375 0.88992890625 0.2816109375 0.87907734375 0.30687734375 0.911753125 0.32024296875 0.9247710937500001 0.29098203125
1 0.8457414062499999 0.29191484375 0.85722734375 0.2645671875 0.8396156250000001 0.26036015625000003 0.8291453125 0.2873640625 0.8457414062499999 0.29191484375
4 0.70225625 0.24582500000000002 0.7114453125 0.24314765624999998 0.7102968749999999 0.24008828124999998 0.73556640625 0.23301171874999999 0.7311640625 0.22000703124999998 0.7150828125 0.22536171875000002 0.71297734375 0.22230234375000002 0.6938328125 0.2288046875 0.6985750000000001 0.24202265625 0.70225625 0.24582500000000002
4 0.2873796875 0.04446953125 0.3497890625 0.04638203125 0.35055468749999996 0.0272578125 0.28642265624999996 0.02553671875 0.2873796875 0.04446953125
4 0.4743390625 0.05403203125 0.42743671875 0.06225546875 0.43026015624999997 0.0732859375 0.47682812500000005 0.06646328124999999 0.4743390625 0.05403203125
0 0.44964375 0.08138046875 0.42188515625 0.07927656250000001 0.4228421875 0.09840078125 0.42279921875 0.0968171875 0.44868671875 0.098209375 0.44964375 0.08138046875
4 0.675771875 0.01157578125 0.6650515625 0.005646875 0.64399296875 0.0484859375 0.65610390625 0.053771875000000004 0.675771875 0.01157578125
4 0.82968203125 0.105859375 0.8716070312499999 0.050015624999999994 0.857440625 0.040071093749999995 0.8162312500000001 0.09653046875 0.82968203125 0.105859375
3 0.84691171875 0.10796328125000001 0.85322890625 0.10356484375 0.8513140625 0.09993046875 0.84320625 0.10399140625 0.84691171875 0.10796328125000001