1 0.9450914062500001 1 0.9456093750000001 0.9780304687499999 0.9238078125 0.9767109375 0.9224867187499999 0.9993703125 0.9450914062500001 1
4 0.86566953125 0.9804507812500001 0.882846875 0.9813304687500001 0.8841679687499999 0.976490625 0.8987023437499999 0.9778109374999999 0.8989226562500001 0.9668109375 0.86148515625 0.9646109375 0.861265625 0.9756109374999999 0.86566953125 0.9756109374999999 0.86566953125 0.9804507812500001
0 0.50312265625 0.9522640625 0.50142265625 0.9754617187499999 0.5200796875 0.97514375 0.5196390625 0.95270390625 0.50312265625 0.9522640625
1 0.47614140625 0.5791734374999999 0.47596496874999994 0.5792615 0.47636171875000005 0.57939375 0.47636171875000005 0.57873359375 0.4772421875 0.57851328125 0.53538046875 0.58291328125 0.53802265625 0.54287421875 0.47944453125 0.54045390625 0.47614140625 0.5791734374999999
0 0.5364789062499999 0.47311328125 0.501753125 0.47303359375 0.5034460937499999 0.4957734375 0.5351578124999999 0.495553125 0.5364789062499999 0.47311328125
1 0.69371484375 0.5781828124999999 0.68292421875 0.5990828125000001 0.66838984375 0.5924828125 0.65495625 0.6182226562500001 0.66420546875 0.62262265625 0.662884375 0.62768203125 0.6860070312500001 0.6415421875 0.68931015625 0.63978203125 0.6996609375 0.644621875 0.70014921875 0.64403046875 0.71771875 0.6162421874999999 0.7095703125 0.60942265625 0.7186 0.5929226562500001 0.69371484375 0.5781828124999999
1 0.6395562499999999 0.49530078125 0.6404375 0.5120203125 0.6578953125 0.5116562499999999 0.657834375 0.46714140625 0.6281054687500001 0.4656015625 0.62788515625 0.49530078125 0.6395562499999999 0.49530078125
1 0.5968554687500001 0.39212265625 0.62372265625 0.3912421875 0.6224015625 0.363303125 0.5961953125 0.36374296875 0.5968554687500001 0.39212265625
4 0.64992890625 0.44668125 0.64750625 0.43238203124999997 0.6140328125 0.43766171875 0.61689609375 0.45108125 0.64992890625 0.44668125
0 0.49432109375 0.34196328125000003 0.49674296875 0.358903125 0.514296875 0.35782421875 0.515021875 0.358903125 0.51281953125 0.33976328125 0.49432109375 0.34196328125000003
0 0.27430625000000003 0.30005546875 0.2738 0.2802734375 0.24671249999999997 0.27939375 0.24671249999999997 0.3007328125 0.27430625000000003 0.30005546875
0 0.60771875 0.31590078125 0.6072140625 0.30095312500000004 0.5845312500000001 0.30161328125 0.5854125 0.31569296874999997 0.60771875 0.31590078125
1 0.57506171875 0.24947421875 0.57484140625 0.27213359375 0.6107375 0.27301328125 0.6109578124999999 0.27279375 0.6113984375 0.24947421875 0.57506171875 0.24947421875
1 0.576603125 0.12385625 0.57616328125 0.14585546875 0.60837890625 0.14457265625 0.60875546875 0.14475546875 0.60941640625 0.12539609375 0.576603125 0.12385625
0 0.610359375 0.062045312500000005 0.5792601562499999 0.06475234375 0.58190234375 0.09291171875000001 0.61229296875 0.08851171875 0.610359375 0.062045312500000005
1 0.53896015625 0.000953125 0.5391796875 0.0110734375 0.54908984375 0.01151328125 0.55283359375 0.04847265625 0.570665525 0.047864767187500004 0.57023125 0.03637265625 0.57881953125 0.03549296875 0.5772781250000001 0.01921328125 0.5678085937499999 0.017453125 0.5664875 0.00029296875 0.53896015625 0.000953125
3 0.58360546875 0.022234375 0.58360546875 0.009671875 0.57683203125 0.009671875 0.57683203125 0.022234375 0.58360546875 0.022234375