1 0.03514453125 0.13453515625 0.035896875 0.07383046875 0.02029765625 0.06988359375 0.0037585937499999998 0.07307890624999999 0.0035710937499999996 0.13547499999999998 0.03514453125 0.13453515625
4 0.486953125 0.15990703125 0.48638906249999997 0.12513828124999998 0.476428125 0.12532656250000002 0.47793203125000006 0.15859140625 0.486953125 0.15990703125
4 0.5023640625 0.17325078124999999 0.4997328125 0.13434765625 0.48920859375000003 0.13321953125 0.4916515625 0.17343906250000002 0.5023640625 0.17325078124999999
0 0.625840625 0.10972734375 0.62414921875 0.06988359375 0.60591953125 0.071575 0.6077984375 0.11386171875 0.625840625 0.10972734375
1 0.64012421875 0.0572921875 0.63768125 0.025717968749999997 0.60479140625 0.026282031249999997 0.60685859375 0.05823125 0.64012421875 0.0572921875
3 0.8156601562500001 0.053532812500000006 0.8158484375 0.05014999999999999 0.81490859375 0.04244453125 0.80889453125 0.04188046875 0.80964609375 0.051089843749999996 0.8156601562500001 0.053532812500000006
1 0.85963828125 0.06518515625 0.860390625 0.020079687500000002 0.8417843749999999 0.01895234375 0.8250578125000001 0.022146875 0.8258093750000001 0.0655609375 0.85963828125 0.06518515625
1 0.8384015625 0.44407265625000003 0.83764921875 0.36720546875000004 0.8011890625 0.36739296875 0.80100078125 0.37190390624999997 0.80344453125 0.44275703125000004 0.8384015625 0.44407265625000003
3 0.8209226562499999 0.4630546875 0.820546875 0.45779218750000006 0.8064515625 0.45835625 0.807015625 0.46343046875000005 0.8209226562499999 0.4630546875
1 0.567015625 0.4081765625 0.5999054687500001 0.40873984375 0.6027242187499999 0.35404921875 0.5824265625 0.3508546875 0.56400859375 0.355553125 0.56306875 0.40460546875 0.567015625 0.4081765625
1 0.24413437500000001 0.41719765625000005 0.23849609374999997 0.35404921875 0.22158125 0.35386171875 0.20372734375 0.36043984375 0.21049296874999998 0.41870078125 0.24413437500000001 0.41719765625000005
4 0.8741101562500001 0.566234375 0.8750500000000001 0.5457484375 0.7932953125 0.5434929687500001 0.7921679687500001 0.561159375 0.8741101562500001 0.566234375
1 0.21707109375 0.5912296875 0.20786171874999998 0.530525 0.1727171875 0.53541171875 0.1813625 0.59592890625 0.21707109375 0.5912296875
1 0.65459609375 0.67166875 0.65534765625 0.61585 0.6369296875 0.6124671875 0.617759375 0.61340703125 0.6158796875 0.66678203125 0.65459609375 0.67166875
0 0.6478296875 0.70888046875 0.6779 0.70831640625 0.67996796875 0.68613984375 0.6476421875 0.68482421875 0.6478296875 0.70888046875
0 0.7957085937499999 0.65137109375 0.8259671875000001 0.6087085937500001 0.79364140625 0.588975 0.77841796875 0.60495 0.76563828125 0.63069765625 0.7957085937499999 0.65137109375
1 0.8855742187500001 0.7009875 0.8949710937500001 0.7007992187500001 0.8953468750000001 0.67336015625 0.87091484375 0.66960078125 0.84817421875 0.673171875 0.8504296874999999 0.72748671875 0.88407109375 0.72692265625 0.8855742187500001 0.7009875
0 0.8748617187500001 0.79345390625 0.876553125 0.7710890625 0.8462945312500001 0.770525 0.8462945312500001 0.79213828125 0.8748617187500001 0.79345390625
1 0.85606796875 0.835928125 0.8662164062500001 0.835928125 0.8671562500000001 0.82878671875 0.87749296875 0.8285984375 0.87786875 0.80942890625 0.8585109375 0.8111203124999999 0.8541882812500001 0.80811328125 0.8534367187499999 0.8058578125 0.84159609375 0.8058578125 0.8417843749999999 0.80003125 0.8226140624999999 0.80021953125 0.8237421875000001 0.8312296874999999 0.855128125 0.83085390625 0.85606796875 0.835928125
1 0.25315546875 0.76676640625 0.2540953125 0.70023515625 0.2381203125 0.699671875 0.228159375 0.699671875 0.21857421875 0.7032421875 0.21876250000000003 0.76808203125 0.25315546875 0.76676640625
1 0.24187890625000003 0.9669226562500001 0.24507421875 0.9625999999999999 0.24451015625 0.88967890625 0.22721953125 0.88967890625 0.20992890625 0.8917460937499999 0.2082375 0.9629757812499999 0.212184375 0.966546875 0.24187890625000003 0.9669226562500001
3 0.50198828125 0.90696953125 0.5016125 0.8949414062500001 0.49522265625 0.8943773437500001 0.49522265625 0.9065937500000001 0.50198828125 0.90696953125
1 0.542959375 0.9082851562500001 0.5435234375 0.9244476562499999 0.54408671875 0.92895859375 0.5651359375 0.9300859375 0.5692710937500001 0.8748320312500001 0.5469062499999999 0.8738921875000001 0.5469062499999999 0.86487109375 0.5345015625 0.86487109375 0.5335625 0.8725765624999999 0.51476796875 0.8733281249999999 0.51345234375 0.90884921875 0.542959375 0.9082851562500001
0 0.78013984375 0.93065 0.7807039062500001 0.87708671875 0.76078203125 0.87689921875 0.7451828125 0.87896640625 0.7463109375 0.9298984375 0.78013984375 0.93065
1 0.86809609375 0.8960687500000001 0.86828359375 0.8851687500000001 0.887078125 0.8862960937500001 0.8848226562500001 0.85171484375 0.8372734375 0.8550984375 0.83671015625 0.8951296875000001 0.86809609375 0.8960687500000001