1 0.0038046875 0.24826796875 0.00071328125 0.24826796875 0 0.32198671874999996 0.002378125 0.322225 0.0038046875 0.24826796875
3 0.04232890625 0.3110484375 0.04970078125 0.3110484375 0.05207890625 0.28940781250000003 0.0454203125 0.28893203125 0.04232890625 0.3110484375
3 0.97594921875 0.442078125 0.97000390625 0.43970000000000004 0.9661992187499999 0.44968828125 0.97000390625 0.45230390624999994 0.97261953125 0.45135234375 0.97594921875 0.442078125
3 0.8796382812499999 0.42590781250000004 0.8767843750000001 0.42400546875 0.8725039062500001 0.42448046875 0.87226640625 0.4356578125 0.87488203125 0.437321875 0.878925 0.43541953125 0.8796382812499999 0.42590781250000004
1 0.79664453125 0.42043828124999993 0.7926015625 0.45634687500000004 0.8584734375 0.46514531249999996 0.8644187499999999 0.4282859375 0.79664453125 0.42043828124999993
1 0.9550218750000001 0.44445625 0.8934304687499999 0.437321875 0.8889125 0.47370625000000005 0.9545468749999999 0.48345625 0.96001640625 0.44849921875 0.9550218750000001 0.44445625
1 1 0.43756015625 0.99188203125 0.4380359375 0.9880765625000001 0.47560859375 0.99949140625 0.476084375 1 0.4380359375 1 0.43756015625
1 0.06967656250000001 0.51294375 0.0454203125 0.50961484375 0.0451828125 0.5212671875 0 0.51484609375 0.00047578124999999997 0.5723953125000001 0.08442031250000001 0.583571875 0.090365625 0.5286390625 0.06801171875 0.5262609375 0.06967656250000001 0.51294375
3 0.07895078125 0.50985234375 0.07871328125 0.51698671875 0.10154218749999999 0.51841328125 0.10178046874999999 0.51199296875 0.07895078125 0.50985234375
3 0.1474390625 0.5431453125 0.14720078125 0.55027890625 0.163846875 0.55146796875 0.163371875 0.5433828125 0.1474390625 0.5431453125
1 0.17526171875000002 0.5357734375 0.17526171875000002 0.5792914062500001 0.23257265624999998 0.5826203125 0.23613984375000002 0.5402914062499999 0.17526171875000002 0.5357734375
1 0.761925 0.5752484375 0.7628765625 0.57667578125 0.7593093750000001 0.61115703125 0.8337421875000001 0.622809375 0.837784375 0.5861875000000001 0.761925 0.5752484375
1 0.86418125 0.6437359375 0.9390890625000001 0.6532484375000001 0.9440828124999999 0.6147242187499999 0.867034375 0.60616328125 0.86418125 0.6437359375
1 0.9709546874999999 0.64516328125 0.9769 0.6463523437500001 0.9752351562499999 0.60996796875 0.9709546874999999 0.64516328125
1 0.96976640625 0.8042539062499999 0.9780890624999999 0.80615703125 0.97594921875 0.73933359375 0.96643671875 0.79926015625 0.96976640625 0.8042539062499999
0 0.9153085937500001 0.8025898437500001 0.95169296875 0.80782109375 0.9559734375 0.7726265625 0.91768671875 0.76834609375 0.9153085937500001 0.8025898437500001
1 0.8694124999999999 0.79783359375 0.8934304687499999 0.803303125 0.8965226562499999 0.8004492187500001 0.9003273437500001 0.7628765625 0.8508640625 0.75502890625 0.84420546875 0.7947421875 0.857046875 0.7975953125 0.85776015625 0.8006875000000001 0.86893671875 0.800925 0.8694124999999999 0.79783359375
1 0.7478945312499999 0.78308984375 0.75003515625 0.76240078125 0.7581203125 0.761925 0.7593093750000001 0.77096171875 0.7628765625 0.774290625 0.78570546875 0.77571796875 0.7845164062500001 0.74147421875 0.739809375 0.73814453125 0.73719375 0.735290625 0.72340078125 0.730059375 0.70366328125 0.73219921875 0.7022359375 0.779284375 0.70651640625 0.78356484375 0.74646796875 0.7864187499999999 0.7478945312499999 0.78308984375
3 0.349096875 0.73433984375 0.34862109375 0.7555046875 0.3550421875 0.75669296875 0.35670625 0.7360046875 0.349096875 0.73433984375
2 0.373353125 0.7433765625000001 0.37549296875 0.7519375 0.412828125 0.7569312499999999 0.4287609375 0.64991953125 0.407596875 0.6437359375 0.38738359375 0.64421171875 0.373353125 0.7433765625000001
3 0.2554015625 0.7276812500000001 0.24850546874999999 0.7291078125 0.246840625 0.7476570312499999 0.25183515624999997 0.749559375 0.25468828125 0.74718125 0.2554015625 0.7276812500000001
2 0.27632890625 0.7250656249999999 0.29107265625 0.7276812500000001 0.2917859375 0.72126015625 0.29749296875 0.72007109375 0.2993953125 0.7169796875000001 0.36027343749999996 0.72482734375 0.36621875 0.68463828125 0.2675296875 0.6725109375 0.17740234375 0.65919375 0.1357859375 0.652296875 0.134596875 0.6534859375 0.13150546875 0.6689437500000001 0.12865234375 0.69272421875 0.27799296875 0.71341328125 0.27632890625 0.7250656249999999
1 0.24660312499999998 0.9683390624999999 0.24707890625 0.95906484375 0.1745484375 0.9493148437500001 0.1757375 0.937425 0.09892656250000001 0.9291015625 0.08822578125 1 0.26087109375 0.99949140625 0.266340625 0.97261953125 0.24660312499999998 0.9683390624999999
3 0.78784609375 0.97499765625 0.78689453125 0.9890281249999999 0.79188828125 0.98974140625 0.79450390625 0.9752351562499999 0.78784609375 0.97499765625
1 0.80021171875 0.97190625 0.79640703125 0.9997296875 0.8375468749999999 0.9997296875 0.839925 0.9766625 0.80021171875 0.97190625
1 0.9642968749999999 0.9821320312499999 0.9621562499999999 0.9997296875 0.9773757812499999 1 0.97713828125 0.9833210937500001 0.9642968749999999 0.9821320312499999
1 0.935284375 0.98855234375 0.93361953125 0.9997296875 0.9481257812500001 1 0.9474125000000001 0.99164375 0.935284375 0.98855234375
1 0.92363203125 0.9723820312499999 0.91863828125 0.99949140625 0.9317171875 0.9997296875 0.935284375 0.9752351562499999 0.92363203125 0.9723820312499999