1 0.002378125 0.677775 0 0.6780132812499999 0.00071328125 0.75173203125 0.0038046875 0.75173203125 0.002378125 0.677775
3 0.0454203125 0.71106796875 0.05207890625 0.7105921875 0.04970078125 0.6889515625 0.04232890625 0.6889515625 0.0454203125 0.71106796875
3 0.97594921875 0.557921875 0.97261953125 0.54864765625 0.97000390625 0.5476960937500001 0.9661992187499999 0.55031171875 0.97000390625 0.5603 0.97594921875 0.557921875
3 0.8767843750000001 0.57599453125 0.8796382812499999 0.5740921875 0.878925 0.56458046875 0.87488203125 0.5626781249999999 0.87226640625 0.5643421875 0.8725039062500001 0.57551953125 0.8767843750000001 0.57599453125
1 0.8644187499999999 0.5717140625 0.8584734375 0.5348546875 0.7926015625 0.543653125 0.79664453125 0.5795617187500001 0.8644187499999999 0.5717140625
1 0.9550218750000001 0.55554375 0.96001640625 0.55150078125 0.9545468749999999 0.5165437500000001 0.8889125 0.52629375 0.8934304687499999 0.5626781249999999 0.9550218750000001 0.55554375
1 1 0.5619640625 0.99949140625 0.523915625 0.9880765625000001 0.52439140625 0.99188203125 0.5619640625 1 0.56243984375 1 0.5619640625
1 0 0.48515390625 0.0451828125 0.4787328125 0.0454203125 0.49038515625 0.06967656250000001 0.48705625 0.06801171875 0.4737390625 0.090365625 0.47136093749999997 0.08442031250000001 0.41642812500000004 0.00047578124999999997 0.42760468749999997 0 0.48515390625
3 0.10178046874999999 0.48800703125 0.10154218749999999 0.48158671875000003 0.07871328125 0.48301328125 0.07895078125 0.49014765625 0.10178046874999999 0.48800703125
3 0.163371875 0.4566171875 0.163846875 0.44853203124999996 0.14720078125 0.44972109375 0.1474390625 0.4568546875 0.163371875 0.4566171875
1 0.23613984375000002 0.45970859375 0.23257265624999998 0.4173796875 0.17526171875000002 0.42070859374999997 0.17526171875000002 0.46422656250000005 0.23613984375000002 0.45970859375
1 0.761925 0.4247515625 0.837784375 0.41381249999999997 0.8337421875000001 0.377190625 0.7593093750000001 0.38884296875 0.7628765625 0.42332421875000004 0.761925 0.4247515625
1 0.867034375 0.39383671875 0.9440828124999999 0.38527578125 0.9390890625000001 0.3467515625 0.86418125 0.3562640625 0.867034375 0.39383671875
1 0.9769 0.35364765625 0.9709546874999999 0.35483671875 0.9752351562499999 0.39003203124999997 0.9769 0.35364765625
1 0.96643671875 0.20073984375 0.97594921875 0.26066640625000004 0.9780890624999999 0.19384296875 0.96976640625 0.19574609375000002 0.96643671875 0.20073984375
0 0.91768671875 0.23165390624999999 0.9559734375 0.2273734375 0.95169296875 0.19217890625 0.9153085937500001 0.19741015625 0.91768671875 0.23165390624999999
1 0.8508640625 0.24497109374999998 0.9003273437500001 0.23712343749999998 0.8965226562499999 0.19955078125 0.8934304687499999 0.196696875 0.8694124999999999 0.20216640625 0.86893671875 0.199075 0.85776015625 0.1993125 0.857046875 0.20240468749999999 0.84420546875 0.20525781250000003 0.8508640625 0.24497109374999998
1 0.72340078125 0.269940625 0.73719375 0.26470937499999997 0.739809375 0.26185546875 0.7845164062500001 0.25852578125000003 0.78570546875 0.22428203125 0.7628765625 0.22570937500000002 0.7593093750000001 0.22903828124999998 0.7581203125 0.23807499999999998 0.75003515625 0.23759921875 0.7478945312499999 0.21691015624999999 0.74646796875 0.21358125 0.70651640625 0.21643515624999998 0.7022359375 0.22071562500000003 0.70366328125 0.26780078125 0.72340078125 0.269940625
3 0.35670625 0.26399531249999997 0.3550421875 0.24330703125 0.34862109375 0.2444953125 0.349096875 0.26566015625 0.35670625 0.26399531249999997
2 0.37549296875 0.2480625 0.373353125 0.2566234375 0.38738359375 0.35578828125 0.407596875 0.3562640625 0.4287609375 0.35008046875 0.412828125 0.24306875 0.37549296875 0.2480625
3 0.2554015625 0.27231875 0.25468828125 0.25281875 0.25183515624999997 0.25044062500000003 0.246840625 0.25234296875 0.24850546874999999 0.2708921875 0.2554015625 0.27231875
2 0.1357859375 0.347703125 0.17740234375 0.34080625000000003 0.2675296875 0.3274890625 0.36621875 0.31536171875 0.36027343749999996 0.27517265625 0.2993953125 0.28302031250000004 0.29749296875 0.27992890625 0.2917859375 0.27873984375 0.29107265625 0.27231875 0.27632890625 0.274934375 0.27799296875 0.28658671875 0.12865234375 0.30727578125 0.13150546875 0.33105625 0.134596875 0.3465140625 0.1357859375 0.347703125
1 0.1757375 0.062575 0.1745484375 0.050685156249999995 0.24707890625 0.04093515625 0.24660312499999998 0.0316609375 0.266340625 0.027380468749999998 0.26087109375 0.00050859375 0.08822578125 0 0.09892656250000001 0.0708984375 0.1757375 0.062575
3 0.79450390625 0.02476484375 0.79188828125 0.01025859375 0.78689453125 0.010971875 0.78784609375 0.02500234375 0.79450390625 0.02476484375
1 0.839925 0.0233375 0.8375468749999999 0.0002703125 0.79640703125 0.0002703125 0.80021171875 0.02809375 0.839925 0.0233375
1 0.97713828125 0.01667890625 0.9773757812499999 0 0.9621562499999999 0.0002703125 0.9642968749999999 0.017867968749999998 0.97713828125 0.01667890625
1 0.9474125000000001 0.008356249999999999 0.9481257812500001 0 0.93361953125 0.0002703125 0.935284375 0.01144765625 0.9474125000000001 0.008356249999999999
1 0.935284375 0.02476484375 0.9317171875 0.0002703125 0.91863828125 0.00050859375 0.92363203125 0.02761796875 0.935284375 0.02476484375