1 0.15288359375 0.3471984375 0.15744765624999998 0.38660234375 0.14995 0.38888203125 0.15190625 0.41395703125 0.1587515625 0.4129796875 0.16331484375 0.453034375 0.2138421875 0.44717265624999997 0.20578984375 0.34319140625 0.15288359375 0.3471984375
1 0.39899921875 0.9946203125 0.39104453125 0.9601820312499999 0.33463359375 0.9683703124999999 0.33897343750000003 0.99921875 0.36524999999999996 0.99921875 0.39820625 0.9942367187500001 0.39899921875 0.9946203125
3 0.40984609375 0.9648671875 0.40593124999999997 0.9651804687500001 0.40671406250000003 0.979259375 0.410159375 0.97988515625 0.41261171875 0.9775195312499999 0.40984609375 0.9648671875
2 0.6594585937499999 0.9423406249999999 0.674021875 0.99921875 0.77502578125 0.99921875 0.75462265625 0.92047890625 0.6594585937499999 0.9423406249999999
1 0.7550585937500001 0.5194203125 0.71950625 0.522334375 0.7237 0.57952421875 0.7596164062499999 0.57661015625 0.7550585937500001 0.5194203125
0 0.8282296875 0.48426796875000006 0.79887578125 0.4982921875 0.80872109375 0.5181453125 0.83771015625 0.50248125 0.8282296875 0.48426796875000006
3 0.91858203125 0.87698515625 0.9206562500000001 0.881646875 0.9311296875 0.8772953125 0.93102578125 0.87460234375 0.9290664062499999 0.87316796875 0.91858203125 0.87698515625
3 0.91464140625 0.8773992187499999 0.90292421875 0.8823718749999999 0.9044796875 0.8867226562500001 0.91647578125 0.8810953125 0.91464140625 0.8773992187499999
3 0.9047906250000001 0.8703546875000001 0.90219765625 0.869215625 0.8903765625 0.87429140625 0.8921390625000001 0.8784351562499999 0.9051289062500001 0.8735828124999999 0.9047906250000001 0.8703546875000001
3 0.9221078125 0.8555414062500001 0.90758984375 0.8620679687499999 0.9111156250000001 0.8679726562500001 0.92486953125 0.86119921875 0.9221078125 0.8555414062500001
3 0.89929453125 0.8628960937500001 0.88819921875 0.8673507812500001 0.8898578125000001 0.87190859375 0.9026414062500001 0.8669499999999999 0.89929453125 0.8628960937500001
3 0.92303671875 0.845059375 0.9171265625 0.8449562500000001 0.903334375 0.8523109375000001 0.9030234374999999 0.8581125000000001 0.90654921875 0.85873359375 0.92269375 0.8506289062500001 0.92303671875 0.845059375
3 0.9031273437499999 0.8530359375 0.89949765625 0.85272578125 0.88321796875 0.86049453125 0.88332109375 0.86526015625 0.88746953125 0.8661921875 0.9021750000000001 0.8588671874999999 0.9031273437499999 0.8530359375
3 0.8664101562500001 0.8386921875000001 0.8654804687500001 0.83631875 0.85277734375 0.8422000000000001 0.8544296875 0.8453984374999999 0.8659968750000001 0.84023984375 0.8664101562500001 0.8386921875000001
3 0.8648609374999999 0.8344617187500001 0.8628984375 0.8337390625 0.85174375 0.83776328125 0.8516406249999999 0.84023984375 0.8528804687499999 0.8414773437499999 0.8658718750000001 0.836246875 0.8648609374999999 0.8344617187500001
3 0.8511242187500001 0.8341523437499999 0.8511242187500001 0.83745390625 0.85308671875 0.83817578125 0.86310546875 0.8334296875 0.8623109375 0.8309835937500001 0.8599039062499999 0.83105703125 0.8511242187500001 0.8341523437499999
3 0.8475093749999999 0.8330171875 0.8508148437499999 0.83466796875 0.8608328125 0.830334375 0.8595242187500001 0.82788671875 0.8469929687500001 0.83116015625 0.8475093749999999 0.8330171875
3 0.8462703125000001 0.83146953125 0.8485421875 0.830746875 0.8595937499999999 0.8276515625 0.859490625 0.82610390625 0.8584406250000001 0.8241710937500001 0.8462703125000001 0.82837421875 0.8462703125000001 0.83146953125
3 0.8462703125000001 0.82806484375 0.8584578125 0.82414375 0.8568921875 0.8207648437499999 0.8455468749999999 0.82507265625 0.8462703125000001 0.82806484375
3 0.8643218750000001 0.83509296875 0.87565390625 0.8315179687500001 0.8748015625000001 0.827125 0.8625328124999999 0.8305648437500001 0.8643218750000001 0.83509296875
3 0.8622343750000001 0.8308632812500001 0.8743421874999999 0.82716875 0.8734609375 0.82408515625 0.86002734375 0.82657265625 0.8622343750000001 0.8308632812500001
3 0.860265625 0.8265132812499999 0.8743421874999999 0.8236531250000001 0.8728351562500001 0.8205984374999999 0.858715625 0.8237132812500001 0.860265625 0.8265132812499999
3 0.8577609374999999 0.82252109375 0.8596101562499999 0.8238914062499999 0.87243359375 0.8204953125 0.87177734375 0.81751640625 0.8591921875 0.8203765625000001 0.8577609374999999 0.82252109375