2 0.69923984375 0.8712046875 0.696228125 0.8798546875 0.70281640625 0.88267578125 0.6745796875 1 0.7755726562499999 0.9990593750000001 0.8071671874999999 0.87195703125 0.71153828125 0.8465695312499999 0.70563984375 0.872896875 0.69923984375 0.8712046875
3 0.76200625 0.84899609375 0.7802984375 0.8545304687499999 0.78301640625 0.8534859375 0.7840617187500001 0.8512929687499999 0.783409375 0.84780703125 0.7650375 0.8427304687499999 0.7626335937500001 0.84419296875 0.761275 0.8466984375 0.76200625 0.84899609375
4 0.26311874999999996 0.73997265625 0.2588703125 0.75721640625 0.3249890625 0.77190703125 0.33035156250000003 0.7576906250000001 0.26311874999999996 0.73997265625
3 0.28178203125 0.7151265625 0.27003828125 0.71300546875 0.2699140625 0.71746015625 0.28291953125 0.72018203125 0.28178203125 0.7151265625
1 0.42205546875 0.74010390625 0.3865078125 0.7335453125 0.38081015625000003 0.7680671875 0.43084921875 0.7772234375 0.43755625 0.74223359375 0.42936328125 0.7412171875 0.429115625 0.73428828125 0.42317031250000003 0.73515390625 0.42205546875 0.74010390625
3 0.43736718750000003 0.56578984375 0.43649375 0.559590625 0.42478515625 0.555353125 0.42074140625 0.5565875 0.42040468750000004 0.5610765625 0.43736718750000003 0.56578984375
1 0.46601328124999997 0.51865546875 0.45815 0.51618671875 0.4635421875 0.49531328124999996 0.42927890625 0.48633515625 0.412653125 0.54368203125 0.44727109374999996 0.5525179687499999 0.45399375 0.5293171875 0.46275546875 0.532571875 0.46601328124999997 0.51865546875
1 0.750453125 0.43781406250000005 0.7261578125 0.43257578125 0.7177640625 0.467028125 0.7418507812499999 0.47249687500000004 0.750453125 0.43781406250000005
1 0.3386453125 0.360096875 0.345396875 0.36246640625 0.33973984375 0.38579921875 0.37221953124999996 0.39546015625000003 0.37568671875000004 0.3850703125 0.385175 0.38780468749999997 0.39010234375 0.36374296875 0.3811609375 0.36155546875 0.38584375 0.34290078125 0.35269531249999997 0.3364 0.34776875 0.3520765625 0.341746875 0.35007109375 0.3386453125 0.360096875
3 0.39946171874999997 0.3817890625 0.39492890625 0.37965781249999997 0.3907953125 0.38924765625 0.39612890625 0.39191171874999997 0.39946171874999997 0.3817890625
3 0.40706171874999997 0.32917734374999996 0.40986171875000005 0.32611328125 0.40714140624999995 0.32299921875000004 0.39746171874999997 0.321984375 0.39506171874999996 0.32518125000000003 0.39799531250000003 0.3274453125 0.40706171874999997 0.32917734374999996
3 0.5924140625 0.3423859375 0.58732421875 0.34063203125 0.5834578125000001 0.35048828125 0.58852421875 0.3524859375 0.5924140625 0.3423859375
1 0.57408046875 0.33064218749999996 0.5482140625 0.32171796874999997 0.53688125 0.35261953125 0.56248046875 0.3616765625 0.563546875 0.35874609375 0.5786234375 0.36357109374999996 0.582746875 0.3464921875 0.5702140625000001 0.34009921875 0.57408046875 0.33064218749999996
0 0.43995859375 0.37940703125 0.43412265625 0.4101390625 0.45582421875 0.4144375 0.45969140625 0.38366953125 0.43995859375 0.37940703125
1 0.4850875 0.2792296875 0.3878296875 0.25801640625 0.37498515625 0.30889687499999996 0.47307187500000003 0.33207265625 0.4850875 0.2792296875
3 0.6514851562499999 0.12968671874999999 0.64691171875 0.12757109375 0.6430085937500001 0.13941328125000002 0.64835703125 0.1410015625 0.6514851562499999 0.12968671874999999
2 0.5866304687499999 0.13666953125 0.5903890625 0.138690625 0.57998125 0.1846140625 0.59385859375 0.18750234375 0.5863414062500001 0.21551796875 0.61785546875 0.22346015624999999 0.62378203125 0.1966 0.6852679687500001 0.21176328125000002 0.6817984375 0.22923671875 0.69871171875 0.23429140624999997 0.71972109375 0.15760859375 0.7023734375 0.15356562499999998 0.6952421875 0.17609375 0.62831171875 0.15443203125 0.6408671874999999 0.11213515624999999 0.600075 0.10013281249999999 0.59385859375 0.12569375 0.5914015625 0.12381640625000001 0.5866304687499999 0.13666953125