3 0.7336875 0.62864609375 0.7159500000000001 0.63173515625 0.7154625 0.63709921875 0.717740625 0.6392125 0.73501328125 0.6355125 0.7336875 0.62864609375
2 0.6599179687500001 0.76163359375 0.676190625 0.7593578125 0.6848156249999999 0.8050234375 0.7318976562499999 0.79315625 0.69929765625 0.65270546875 0.63599765625 0.6681484375 0.6599179687500001 0.76163359375
1 0.64616484375 0.9776179687500001 0.64714140625 0.98005625 0.6453515624999999 0.98086875 0.6500703125 1 0.6984 0.99988828125 0.71564921875 0.9925734374999999 0.71239453125 0.97517890625 0.7039328125 0.9763171875 0.7014921875 0.9649374999999999 0.6935453125000001 0.965790625 0.64616484375 0.9776179687500001
2 0.64253046875 0.897475 0.6716585937499999 0.889671875 0.662871875 0.855859375 0.59599140625 0.87178984375 0.59615390625 0.89081015625 0.6033140625 0.90462734375 0.5982695312499999 0.905440625 0.6085210937500001 0.94543046875 0.65134609375 0.93481171875 0.64253046875 0.897475
2 0.8794609375 0.91129296875 0.84528828125 0.922184375 0.8591203125 0.98103125 0.8776710937500001 0.9779429687500001 0.8967375000000001 0.9701812500000001 0.8794609375 0.91129296875
1 0.9315539062499999 0.1837265625 0.891496875 0.19487812499999999 0.901346875 0.23063046874999998 0.9397625 0.22079062500000002 0.9315539062499999 0.1837265625
3 0.8786234374999999 0.284653125 0.8797328125 0.2969515625 0.8852781249999999 0.29562187500000003 0.88373671875 0.28566953125 0.8786234374999999 0.284653125
1 0.8808421875000001 0.29750546875 0.867421875 0.2993890625 0.8655367187499999 0.29152265625 0.83426171875 0.2967296875 0.8432445312500001 0.34126875 0.8847343750000001 0.33587656250000003 0.8808421875000001 0.29750546875
0 0.77337421875 0.29340625 0.8063132812499999 0.284653125 0.79994765625 0.25325156249999997 0.7658328125 0.26050078125 0.77337421875 0.29340625
1 0.55173515625 0.0729453125 0.55930859375 0.1065203125 0.61256171875 0.096353125 0.60642734375 0.061140625000000004 0.55173515625 0.0729453125
0 0.49587890625000003 0.0932796875 0.51836328125 0.08665937500000001 0.5117359375 0.055449218749999994 0.510990625 0.055109375 0.48783125 0.059941406249999996 0.49587890625000003 0.0932796875
3 0.68328046875 0.2632609375 0.67618984375 0.26585234375 0.68051328125 0.27759999999999996 0.68727421875 0.27539609375 0.68328046875 0.2632609375
1 0.62448125 0.25341328125 0.6262109375 0.2680984375 0.6182554687499999 0.27034453125 0.62327109375 0.29470390625 0.631571875 0.29349453125 0.6348578125000001 0.3064515625 0.6550914062500001 0.30230546875000003 0.6571671875 0.31146171875 0.66443046875 0.30887031249999997 0.67255859375 0.3064515625 0.66005390625 0.24584296874999997 0.62448125 0.25341328125
1 0.50117578125 0.32079140625 0.52106328125 0.3161265625 0.5241765625 0.32200078125 0.53853046875 0.3185453125 0.53697421875 0.31111640625 0.55738046875 0.3052421875 0.5454718749999999 0.262175 0.488378125 0.27898203125 0.50117578125 0.32079140625
4 0.6308109375 0.31147265625 0.621471875 0.31751953125 0.64723984375 0.35708281249999996 0.656425 0.35161171874999997 0.6308109375 0.31147265625
2 0.33813671875 0.330346875 0.26669140625 0.34767578125 0.30079687499999996 0.49071484375 0.3728296875 0.4716234375 0.33813671875 0.330346875
1 0.17691642109375 0.4653838046875 0.17065234375 0.4283734375 0.1201515625 0.43571171875000003 0.12584375 0.47350312499999997 0.17691642109375 0.4653838046875
3 0.1867375 0.4367859375 0.189303125 0.4488484375 0.19171796875 0.45035625 0.1960953125 0.44794375000000003 0.19354140625 0.4353953125 0.1867375 0.4367859375
2 0.37120390625 0.6173726562499999 0.36606796875000003 0.592321875 0.34763828124999996 0.5977546874999999 0.3440125 0.585078125 0.3388765625 0.5874921875 0.3313234375 0.5576125000000001 0.18126640624999998 0.5941328125 0.2102703125 0.7148609375 0.35791015625 0.6786421875 0.35911875000000004 0.6759257812499999 0.40000703125000003 0.6671734375 0.39577734375 0.64996953125 0.43958593749999997 0.63729296875 0.43173046875 0.6034890625 0.37120390625 0.6173726562499999
2 0.3640609375 0.81377578125 0.37856328125 0.88349609375 0.45923125000000004 0.8623687500000001 0.45892890625 0.85784140625 0.46376328125 0.856634375 0.44687031250000003 0.78682109375 0.3640609375 0.81377578125
3 0.33502578125000004 0.9063585937499999 0.3512546875 0.89146640625 0.34561875 0.88803515625 0.33068515625 0.9027773437500001 0.33502578125000004 0.9063585937499999
0 0.279734375 0.89655625 0.28652734375 0.9216289062499999 0.316909375 0.91239140625 0.3105421875 0.88831796875 0.279734375 0.89655625
0 0.22588984375 0.90918671875 0.2326828125 0.94066875 0.27231171875000004 0.93067734375 0.2658953125 0.9003265624999999 0.22588984375 0.90918671875
1 0.41690546875 1 0.410346875 0.9760617187499999 0.3750046875 0.9849796874999999 0.3780875 0.999865625 0.41690546875 1