1 0.9318039062500001 0.85647109375 0.9995765625 0.87546796875 1 0.8397593750000001 0.9438742187500001 0.819875 0.9318039062500001 0.85647109375
1 0.9175460937500001 0.81860625 0.8843015624999999 0.80908671875 0.8681671874999999 0.8589625 0.8684203125 0.8585859375 0.90526484375 0.8664132812500001 0.9175460937500001 0.81860625
4 0.8262109375 0.8433554687499999 0.8310812500000001 0.8224140625 0.8196468749999999 0.81881796875 0.8122359375 0.84779765625 0.8105421875 0.84779765625 0.8084242187499999 0.85689375 0.8105421875 0.8573171875 0.8103304687499999 0.8607015625000001 0.8202375 0.8621367187500001 0.821553125 0.8594320312500001 0.8247289062500001 0.8600671875 0.8285406249999999 0.8429328125 0.8262109375 0.8433554687499999
0 0.7859570312499999 0.846265625 0.7945898437500001 0.813740625 0.7463109375 0.80168359375 0.7384765625 0.8346828125 0.7859570312499999 0.846265625
1 0.7348054687500001 0.8050679687500001 0.74009921875 0.7870874999999999 0.7483578125 0.79110625 0.7528046875000001 0.7727031249999999 0.6937265625 0.7593765625 0.68504453125 0.79343359375 0.67763359375 0.79195234375 0.65772890625 0.8640859375 0.739296875 0.884990625 0.74518125 0.8634515625000001 0.7223124999999999 0.85710546875 0.7360765625 0.8076062500000001 0.7348054687500001 0.8050679687500001
1 0.6488343750000001 0.99989453125 0.690925 0.999609375 0.6534453124999999 0.98882109375 0.6488343750000001 0.99989453125
1 0.9349437500000001 0.6683796875 0.946121875 0.6189234375 0.9126148437499999 0.61270703125 0.9001695312500001 0.66028671875 0.9349437500000001 0.6683796875
1 0.42235546875 0.9990523437500001 0.43743359374999996 0.9368882812500001 0.3969859375 0.92684609375 0.37879609375 1 0.42235546875 0.9990523437500001
1 0.24460781250000002 0.8854828124999999 0.22593984374999998 0.88333125 0.21131015625 0.94176015625 0.24269296875 0.95051640625 0.25848984375 0.89456796875 0.24460781250000002 0.8854828124999999
0 0.06558359375 0.9906843750000001 0.0982984375 0.9995218749999999 0.10268124999999999 0.9792078125 0.06989140625 0.9703609375 0.06558359375 0.9906843750000001
1 0.10583281250000001 0.9137765625000001 0.123503125 0.84268515625 0.0919109375 0.8343164062499999 0.07372109375 0.90580546875 0.10583281250000001 0.9137765625000001
1 0.5779 0.7406625 0.60183359375 0.670846875 0.5824476562500001 0.6615226562500001 0.56593359375 0.6581750000000001 0.542 0.7306203124999999 0.5779 0.7406625
3 0.54410703125 0.67159375 0.5466234375 0.6614 0.5402375 0.65930546875 0.5378875 0.67021328125 0.54410703125 0.67159375
1 0.31452890624999996 0.74504140625 0.31607890625 0.740009375 0.32363515625 0.7411703125 0.32518515625 0.73439609375 0.34204140625 0.7380734375 0.34727265625000003 0.71581484375 0.29689765625 0.70400859375 0.29037890625 0.732415625 0.30561640625000003 0.73633203125 0.30348515625 0.7413640625 0.31452890624999996 0.74504140625
3 0.33080390625 0.70400859375 0.3304578125 0.69814453125 0.31801640625 0.69452421875 0.31607890625 0.6985890625 0.32053515625 0.7014921875 0.33080390625 0.70400859375
3 0.39950546875000004 0.60253984375 0.412853125 0.6066312500000001 0.41599531250000005 0.603275 0.41305078125000005 0.6000398437500001 0.40068281250000004 0.59856875 0.39950546875000004 0.60253984375
4 0.3865484375 0.5282625000000001 0.37550625000000004 0.52458515625 0.3696171875 0.54517734375 0.38095390625 0.5494421875 0.3697640625 0.5935679687500001 0.38725156250000003 0.5993484375 0.40819218749999997 0.5206140625 0.39980000000000004 0.51664296875 0.39022968750000003 0.51561328125 0.3865484375 0.5282625000000001
1 0.022427343750000002 0.5315921875 0.0010453125 0.52679453125 0.00078125 0.5800390625 0.01179296875 0.58356953125 0.022427343750000002 0.5315921875
4 0.15286328124999998 0.6876296875000001 0.1763828125 0.59755625 0.15783125 0.5918203125 0.13324296875 0.6841890625 0.15286328124999998 0.6876296875000001
3 0.1837625 0.6388546875000001 0.1871796875 0.62873828125 0.18173203124999998 0.62667890625 0.17893515625 0.63859296875 0.1837625 0.6388546875000001
1 0.10692421875 0.50696171875 0.1232890625 0.427640625 0.10559921875 0.42062343750000003 0.088078125 0.41841718749999995 0.0732078125 0.50093125 0.10692421875 0.50696171875
1 0.06105078125 0.1574984375 0.06705781250000001 0.11906093749999999 0.024065625 0.10950078125 0.02377109375 0.14921328125 0.06105078125 0.1574984375
3 0.6074625 0.285546875 0.6117078125 0.27491328125000003 0.6084937499999999 0.272896875 0.60569609375 0.2736328125 0.60304609375 0.28319296875 0.6074625 0.285546875
1 0.66125234375 0.31952265625 0.6656695312500001 0.3199640625 0.66935 0.29966640624999996 0.6914351562500001 0.30304921875 0.6957960937500001 0.26961640625 0.6357804687499999 0.261571875 0.6262109375 0.32908359374999996 0.658896875 0.3339375 0.66125234375 0.31952265625
1 0.69910625 0.15705703124999998 0.66587890625 0.14857734375 0.65498359375 0.1922609375 0.6895828125000001 0.20049765625 0.69910625 0.15705703124999998
1 0.47462109375 0.21182343750000002 0.47420937500000004 0.21157109375 0.48360234375 0.17534609375000001 0.4338375 0.16299140625 0.42485625000000005 0.19902734375 0.47462109375 0.21182343750000002
3 0.41531874999999996 0.19330859375 0.41800078125000006 0.1811046875 0.41133046875 0.1800171875 0.4082 0.19184765625 0.41531874999999996 0.19330859375
3 0.28123906249999997 0.14384453125000002 0.27484140625000003 0.1428921875 0.27334375 0.1547234375 0.27933359375 0.15594687499999998 0.28123906249999997 0.14384453125000002
1 0.25519765625 0.12805078125 0.19407734375000002 0.11526796875 0.1831875 0.147496875 0.24948046875 0.16136796874999998 0.25519765625 0.12805078125
0 0.1698421875 0.133725 0.17533749999999998 0.10153281249999999 0.144709375 0.09446171875 0.13885546875000002 0.12859453125 0.1698421875 0.133725
0 0.5215492187499999 0.008748437500000001 0.52367109375 0.00374296875 0.51133984375 0.00078125 0.5082093750000001 0.0012687500000000001 0.50793671875 0.003853125 0.5215492187499999 0.008748437500000001
1 0.7068625 0.02248359375 0.714621875 0.01989921875 0.722653125 0.03227421875 0.74955859375 0.01700625 0.74211953125 0.00078125 0.6931140625000001 0.0008609375 0.7068625 0.02248359375