1 0.05612578124999999 0.819875 0 0.8397593750000001 0.00042343750000000004 0.87546796875 0.06819609374999999 0.85647109375 0.05612578124999999 0.819875
1 0.08245390625 0.81860625 0.09473515625 0.8664132812500001 0.1315796875 0.8585859375 0.1318328125 0.8589625 0.1156984375 0.80908671875 0.08245390625 0.81860625
4 0.18966953125 0.8607015625000001 0.1894578125 0.8573171875 0.19157578125000002 0.85689375 0.1894578125 0.84779765625 0.1877640625 0.84779765625 0.180353125 0.81881796875 0.16891875 0.8224140625 0.17378906249999998 0.8433554687499999 0.171459375 0.8429328125 0.17527109375 0.8600671875 0.178446875 0.8594320312500001 0.1797625 0.8621367187500001 0.18966953125 0.8607015625000001
0 0.2615234375 0.8346828125 0.2536890625 0.80168359375 0.20541015625 0.813740625 0.21404296875 0.846265625 0.2615234375 0.8346828125
1 0.34227109375000003 0.8640859375 0.32236640625 0.79195234375 0.31495546874999997 0.79343359375 0.30627343749999997 0.7593765625 0.24719531250000001 0.7727031249999999 0.2516421875 0.79110625 0.25990078125 0.7870874999999999 0.26519453125000003 0.8050679687500001 0.2639234375 0.8076062500000001 0.2776875 0.85710546875 0.25481875 0.8634515625000001 0.260703125 0.884990625 0.34227109375000003 0.8640859375
1 0.309075 0.999609375 0.35116562500000004 0.99989453125 0.34655468749999996 0.98882109375 0.309075 0.999609375
1 0.09983046875 0.66028671875 0.08738515625 0.61270703125 0.053878125 0.6189234375 0.06505625000000001 0.6683796875 0.09983046875 0.66028671875
1 0.62120390625 1 0.6030140625 0.92684609375 0.56256640625 0.9368882812500001 0.57764453125 0.9990523437500001 0.62120390625 1
1 0.7553921875 0.8854828124999999 0.74151015625 0.89456796875 0.75730703125 0.95051640625 0.7886898437500001 0.94176015625 0.77406015625 0.88333125 0.7553921875 0.8854828124999999
0 0.93010859375 0.9703609375 0.8973187499999999 0.9792078125 0.9017015625000001 0.9995218749999999 0.9344164062500001 0.9906843750000001 0.93010859375 0.9703609375
1 0.92627890625 0.90580546875 0.9080890625 0.8343164062499999 0.876496875 0.84268515625 0.8941671875000001 0.9137765625000001 0.92627890625 0.90580546875
1 0.42210000000000003 0.7406625 0.458 0.7306203124999999 0.43406640625000004 0.6581750000000001 0.41755234375 0.6615226562500001 0.39816640625 0.670846875 0.42210000000000003 0.7406625
3 0.46211250000000004 0.67021328125 0.45976249999999996 0.65930546875 0.4533765625 0.6614 0.45589296875 0.67159375 0.46211250000000004 0.67021328125
1 0.65272734375 0.71581484375 0.65795859375 0.7380734375 0.67481484375 0.73439609375 0.6763648437499999 0.7411703125 0.68392109375 0.740009375 0.68547109375 0.74504140625 0.69651484375 0.7413640625 0.69438359375 0.73633203125 0.70962109375 0.732415625 0.70310234375 0.70400859375 0.65272734375 0.71581484375
3 0.66919609375 0.70400859375 0.67946484375 0.7014921875 0.68392109375 0.6985890625 0.68198359375 0.69452421875 0.6695421875 0.69814453125 0.66919609375 0.70400859375
3 0.6004945312500001 0.60253984375 0.5993171875 0.59856875 0.58694921875 0.6000398437500001 0.5840046875 0.603275 0.587146875 0.6066312500000001 0.6004945312500001 0.60253984375
4 0.6302359375 0.5935679687500001 0.61904609375 0.5494421875 0.6303828125 0.54517734375 0.62449375 0.52458515625 0.6134515625 0.5282625000000001 0.6097703125 0.51561328125 0.6002 0.51664296875 0.5918078125 0.5206140625 0.6127484375 0.5993484375 0.6302359375 0.5935679687500001
1 0.98820703125 0.58356953125 0.99921875 0.5800390625 0.9989546875 0.52679453125 0.9775726562499999 0.5315921875 0.98820703125 0.58356953125
4 0.86675703125 0.6841890625 0.8421687500000001 0.5918203125 0.8236171875 0.59755625 0.8471367187500001 0.6876296875000001 0.86675703125 0.6841890625
3 0.82106484375 0.63859296875 0.8182679687500001 0.62667890625 0.8128203125000001 0.62873828125 0.8162375000000001 0.6388546875000001 0.82106484375 0.63859296875
1 0.89307578125 0.50696171875 0.9267921875 0.50093125 0.911921875 0.41841718749999995 0.8944007812500001 0.42062343750000003 0.8767109375000001 0.427640625 0.89307578125 0.50696171875
1 0.97622890625 0.14921328125 0.9759343749999999 0.10950078125 0.9329421874999999 0.11906093749999999 0.93894921875 0.1574984375 0.97622890625 0.14921328125
3 0.3925375 0.285546875 0.39695390625 0.28319296875 0.39430390625 0.2736328125 0.39150625 0.272896875 0.3882921875 0.27491328125000003 0.3925375 0.285546875
1 0.30856484375000004 0.30304921875 0.33065 0.29966640624999996 0.33433046875 0.3199640625 0.33874765625 0.31952265625 0.341103125 0.3339375 0.3737890625 0.32908359374999996 0.36421953125 0.261571875 0.30420390625 0.26961640625 0.30856484375000004 0.30304921875
1 0.3104171875 0.20049765625 0.34501640624999996 0.1922609375 0.33412109375 0.14857734375 0.30089375 0.15705703124999998 0.3104171875 0.20049765625
1 0.52537890625 0.21182343750000002 0.57514375 0.19902734375 0.5661625 0.16299140625 0.51639765625 0.17534609375000001 0.525790625 0.21157109375 0.52537890625 0.21182343750000002
3 0.5918 0.19184765625 0.58866953125 0.1800171875 0.5819992187499999 0.1811046875 0.58468125 0.19330859375 0.5918 0.19184765625
3 0.72066640625 0.15594687499999998 0.72665625 0.1547234375 0.72515859375 0.1428921875 0.7187609375 0.14384453125000002 0.72066640625 0.15594687499999998
1 0.7505195312499999 0.16136796874999998 0.8168124999999999 0.147496875 0.8059226562499999 0.11526796875 0.74480234375 0.12805078125 0.7505195312499999 0.16136796874999998
0 0.8611445312500001 0.12859453125 0.855290625 0.09446171875 0.8246625 0.10153281249999999 0.8301578125000001 0.133725 0.8611445312500001 0.12859453125
0 0.47845078125 0.008748437500000001 0.49206328125 0.003853125 0.491790625 0.0012687500000000001 0.48866015625000003 0.00078125 0.47632890625 0.00374296875 0.47845078125 0.008748437500000001
1 0.285378125 0.01989921875 0.2931375 0.02248359375 0.30688593750000004 0.0008609375 0.25788046875 0.00078125 0.25044140625 0.01700625 0.277346875 0.03227421875 0.285378125 0.01989921875