1 0.49788359375 0.9860257812500001 0.484375 0.93732734375 0.44874375000000005 0.94436875 0.46054765625 0.99520703125 0.49788359375 0.9860257812500001
1 0.7229593750000001 0.8315210937499999 0.70475234375 0.83328125 0.68556640625 0.8405171875 0.69620234375 0.8904390624999999 0.73353125 0.8821749999999999 0.7229593750000001 0.8315210937499999
4 0.75761171875 0.9907203125 0.7611351562500001 0.9713578125 0.6892859375 0.9629484375 0.6873984375 0.9808265625000001 0.75761171875 0.9907203125
3 0.7262828125 0.9987046875000001 0.72889375 0.993140625 0.71653671875 0.9915765625 0.7151898437499999 0.9960000000000001 0.7262828125 0.9987046875000001
1 0.88889765625 0.8549171875000001 0.92527265625 0.84709296875 0.9223132812499999 0.8352703125 0.9346703125 0.8310976562500001 0.9308414062500001 0.813884375 0.9179625 0.8170140625 0.91187109375 0.7956289062499999 0.89533671875 0.79893203125 0.87642109375 0.8076359375 0.88889765625 0.8549171875000001
3 0.85089140625 0.82964921875 0.8536765624999999 0.8409507812499999 0.85868046875 0.83868203125 0.85541640625 0.8294750000000001 0.85089140625 0.82964921875
1 0.43585624999999995 0.712115625 0.42837265625 0.68151484375 0.42523984375 0.68151484375 0.4201921875 0.6681273437499999 0.39443359375 0.6761250000000001 0.39756640625 0.68916484375 0.39582656250000003 0.690034375 0.4036859375 0.7204984375000001 0.43585624999999995 0.712115625
4 0.43156328125 0.6825578125 0.43887265624999994 0.70046640625 0.44803750000000003 0.6957140625 0.4407875 0.6785593750000001 0.43156328125 0.6825578125
1 0.37818984375000003 0.72828515625 0.36913984375000003 0.6935117187500001 0.3191890625 0.705334375 0.32802734375 0.74163046875 0.37818984375000003 0.72828515625
3 0.3244109375 0.65978125 0.33728984375 0.6582171875 0.33833437499999997 0.65543515625 0.33676796875 0.652653125 0.3244109375 0.6550874999999999 0.32463593749999997 0.6591890625 0.3244109375 0.65978125
4 0.19196328125 0.7842703125 0.21076015625000002 0.7773156250000001 0.18465390625 0.71368046875 0.17018828125000002 0.718671875 0.19196328125 0.7842703125
0 0.454096875 0.55122734375 0.44469843750000004 0.51819296875 0.42746874999999995 0.5239304687499999 0.43368828125 0.5545718749999999 0.454096875 0.55122734375
3 0.56461484375 0.5939984375 0.562178125 0.5809585937499999 0.5550421875 0.58287109375 0.55682890625 0.5952703125000001 0.56461484375 0.5939984375
1 0.596696875 0.5667015625 0.5982632812500001 0.5785242187499999 0.622803125 0.57469921875 0.6120125 0.51332421875 0.56693515625 0.5227132812499999 0.5693718750000001 0.5333187500000001 0.564325 0.53418828125 0.5709171875 0.5704859375 0.596696875 0.5667015625
3 0.7277515625000001 0.50237109375 0.725140625 0.492634375 0.7202671875 0.49298203125000006 0.7217125 0.5031757812500001 0.7277515625000001 0.50237109375
1 0.76621484375 0.45681796874999997 0.7456773437499999 0.45890390625000005 0.7287953125 0.46759765625 0.73819375 0.5178453125 0.77021796875 0.5110640625 0.76621484375 0.45681796874999997
1 0.8168031250000001 0.5792195312499999 0.831596875 0.62164296875 0.8599664062500001 0.61068984375 0.8427359375 0.56704921875 0.8168031250000001 0.5792195312499999
0 0.57273125 0.4850203125 0.56489921875 0.44781250000000006 0.51912578125 0.4585921875 0.5260875 0.4945828125 0.57273125 0.4850203125
0 0.5622890625 0.44833437500000006 0.5514984375 0.39634843750000004 0.51634140625 0.404171875 0.5264359375 0.454071875 0.5622890625 0.44833437500000006
1 0.3716453125 0.29041484375 0.36120312499999996 0.24312265625 0.30811953124999997 0.25198984375 0.3160265625 0.30202890625 0.3716453125 0.29041484375
0 0.43227031250000003 0.35857031250000004 0.4200875 0.28867578125 0.3885859375 0.29563046875 0.4010765625 0.36464296875 0.43227031250000003 0.35857031250000004
0 0.9762281249999999 0.20545078125 0.9711812500000001 0.17571953125 0.95934609375 0.17884921874999998 0.95743125 0.17485078125 0.9388085937499999 0.18076171875 0.9445132812500001 0.21306484375 0.9762281249999999 0.20545078125