1 0.7789796875 0.6750742187500001 0.755471875 0.705784375 0.789409375 0.73601015625 0.8142421875 0.6997625000000001 0.7789796875 0.6750742187500001
3 0.8188859374999999 0.7245203124999999 0.8247046875 0.7151398437500001 0.81994375 0.7117046874999999 0.8141046875000001 0.7215828125 0.8188859374999999 0.7245203124999999
3 0.49681484375 0.671515625 0.49348281250000003 0.65968046875 0.4903359375 0.65968046875 0.48774453125 0.66337890625 0.49039687499999995 0.6749804687500001 0.49681484375 0.671515625
1 0.55567890625 0.67817265625 0.54679375 0.639709375 0.5057 0.64858515625 0.515140625 0.6905625 0.55567890625 0.67817265625
1 0.29567109375 0.63756015625 0.320290625 0.60686328125 0.28567578125000004 0.57968046875 0.26087109375 0.6122265625 0.29567109375 0.63756015625
3 0.3206609375 0.6039046875 0.33306328125 0.59983671875 0.3325078125 0.59576875 0.3194703125 0.59950625 0.3206609375 0.6039046875
3 0.32602890625000003 0.6355265625000001 0.332878125 0.6238765625 0.32880546875 0.6218421875 0.32085703125 0.63419140625 0.32602890625000003 0.6355265625000001
1 0 0.5846734375 0.03417421875 0.5863375 0.035840625 0.5465796875 0 0.5452851562500001 0 0.5846734375
1 0.16503828125 0.354440625 0.20372656249999999 0.34223593750000003 0.18984296875 0.30432734375 0.15187343749999999 0.31536875000000003 0.16503828125 0.354440625
3 0.20798359375 0.32910703125 0.21150078125 0.34223593750000003 0.21513828125 0.3400640625 0.21131562499999998 0.32818203125 0.20798359375 0.32910703125
1 0.43671640624999997 0.41139609374999997 0.46041015625000004 0.37663125000000003 0.4267203125 0.35092734375 0.414503125 0.3623921875 0.40354609375 0.38279609375 0.43671640624999997 0.41139609374999997
3 0.399509375 0.38162421874999997 0.407284375 0.37108359375 0.403396875 0.36738515625 0.395221875 0.3764140625 0.399509375 0.38162421874999997
1 0.6732234375 0.453928125 0.6798875 0.41195078125 0.6369421875 0.4058484375 0.6316328125 0.44495078125000004 0.6732234375 0.453928125
3 0.68840234375 0.44320234375 0.683775 0.4428328125 0.6806281249999999 0.45263359375 0.6840765625 0.45521796875 0.6865515624999999 0.45374296875000003 0.68840234375 0.44320234375