1 0.05701874999999999 0.9541835937500001 0.0588734375 0.9523265625 0.0531546875 0.9396390625000001 0.017603906250000002 0.9589796875 0.037882031249999996 0.9999226562500001 0.03769765625 1 0.07973984375 0.9998265625 0.05701874999999999 0.9541835937500001
3 0.08612421875000001 0.9795125 0.09349609375 0.9750710937499999 0.08545859375 0.96207421875 0.079121875 0.9656328125 0.08612421875000001 0.9795125
1 0.241228125 0.995390625 0.24506484374999998 0.9995265625 0.28326015625 0.99926171875 0.2598203125 0.97426875 0.24757265624999997 0.9844601562499999 0.24993359375000002 0.9874140625000001 0.241228125 0.995390625
1 0.4074359375 0.99088984375 0.4074359375 0.96622265625 0.36862890625 0.96592734375 0.368725 0.9990406249999999 0.425290625 0.9999 0.4236671875 0.9931054687499999 0.4074359375 0.99088984375
1 0.5163015625 0.9942968750000001 0.5351890625 0.99370625 0.53740234375 0.9728796875000001 0.536959375 0.93890703125 0.47867499999999996 0.9400890625 0.47920937500000005 0.9937265625 0.49151249999999996 0.99385390625 0.49151249999999996 0.9951828125000001 0.51571171875 0.99533046875 0.5163015625 0.9942968750000001
3 0.42075703124999997 0.9366023437500001 0.43556953125 0.9359781249999999 0.43483203125000003 0.9288882812500001 0.42007578125 0.92859296875 0.42075703124999997 0.9366023437500001
3 0.41965 0.92841015625 0.43483203125000003 0.92859296875 0.43527421874999994 0.92061640625 0.4194859375 0.92002578125 0.41965 0.92841015625
1 0.9999515625000001 0.64976875 1 0.583728125 0.9692984375 0.601153125 0.99568046875 0.6517929687499999 0.9999515625000001 0.64976875
0 0.09069843749999999 0.78536328125 0.13396171875000001 0.78743203125 0.1364296875 0.7353531249999999 0.09142890625 0.7328820312500001 0.09069843749999999 0.78536328125
2 0.27736171875000004 0.6547 0.27584296875000003 0.71343125 0.24565234375 0.7136210937499999 0.2454625 0.81581640625 0.28457734375 0.8152460937500001 0.28970390625000003 0.687328125 0.29995781250000003 0.68713828125 0.30052734375 0.6896093750000001 0.4197703125 0.68922890625 0.42090937500000003 0.64380234375 0.41863124999999995 0.62777265625 0.41274453125 0.62720234375 0.412934375 0.60477421875 0.3609078125 0.6019234375 0.3626171875 0.52215703125 0.29879296875 0.52215703125 0.29860312499999997 0.52766875 0.27543828124999997 0.52842890625 0.27353984374999996 0.64253515625 0.1229484375 0.642725 0.12317890625000001 0.6790890625 0.2426140625 0.6797890625 0.24489296875000002 0.6550796875 0.27736171875000004 0.6547
3 0.23998124999999998 0.62041796875 0.24639140624999997 0.62041796875 0.2462453125 0.59548046875 0.23881562500000003 0.5956265625 0.23998124999999998 0.62041796875
1 0.59359296875 0.68614296875 0.5561015625 0.67613515625 0.5382484375 0.74315234375 0.5725265625 0.75173046875 0.5769898437500001 0.7372546875 0.58198828125 0.7377906249999999 0.59359296875 0.68614296875
3 0.46943203125000005 0.6761539062499999 0.46760624999999995 0.68059375 0.47357265625 0.6908531250000001 0.47765078125000004 0.6913015625 0.4796078125 0.68829765625 0.4739984375 0.6747171875 0.46943203125000005 0.6761539062499999
3 0.47373750000000003 0.67563125 0.48003203125000005 0.68830859375 0.4852171875 0.6852945312500001 0.47791171875 0.6734117187499999 0.47373750000000003 0.67563125
1 0.53155078125 0.55638203125 0.48745859375 0.59124765625 0.51276640625 0.6244164062500001 0.50911328125 0.6266359375 0.5203554687499999 0.6391765625 0.55124921875 0.6161890624999999 0.538334375 0.5997359375 0.5543796875 0.58576328125 0.53155078125 0.55638203125
1 0.48760546875 0.4650203125 0.47344687499999993 0.46234296874999997 0.46526562499999996 0.49746171875 0.50679921875 0.5069109375 0.511046875 0.48785546875 0.5413828125 0.49402734375 0.5483328125 0.47635937500000003 0.54990546875 0.45683125 0.491853125 0.4432875 0.48760546875 0.4650203125
3 0.5411742187499999 0.42336875 0.5543953125 0.4243046875 0.55445390625 0.41832734374999997 0.5423648437499999 0.41676875 0.5411742187499999 0.41951875000000005 0.5411742187499999 0.42336875
3 0.54273125 0.4087015625 0.54202734375 0.416609375 0.55591875 0.41777734375 0.5566515625 0.41346875 0.5560109375 0.40998515625 0.54273125 0.4087015625
1 0.63348203125 0.39107109375000004 0.633190625 0.36640546875 0.59440625 0.36611328125 0.59571875 0.4259546875 0.60898671875 0.4253703125 0.60898671875 0.43004140625 0.652490625 0.428459375 0.64952109375 0.39384453124999996 0.642084375 0.3932609375 0.6397515625 0.39063359375 0.63348203125 0.39107109375000004
3 0.78179453125 0.45186328124999997 0.78644140625 0.44838125 0.7760312500000001 0.4364921875 0.77192578125 0.4413359375 0.78179453125 0.45186328124999997
1 0.76243359375 0.49740703125 0.78761484375 0.470984375 0.73365625 0.41359531250000003 0.7066765625 0.43957421874999997 0.76243359375 0.49740703125
3 0.807 0.63834609375 0.8068328125 0.6322328125000001 0.792878125 0.63081015625 0.7923617187499999 0.63663046875 0.807 0.63834609375
3 0.7883875 0.6507546875 0.80076015625 0.65357421875 0.8015351562499999 0.6473656250000001 0.7904234375 0.64555546875 0.7883875 0.6507546875
1 0.7917156249999999 0.5646312499999999 0.75523359375 0.5542015625000001 0.7315039062500001 0.6282234375 0.7706546875 0.638053125 0.7917156249999999 0.5646312499999999
1 0.79441640625 0.69071171875 0.7924781249999999 0.67570859375 0.7502265625 0.6816578125 0.7538445312500001 0.7032578125 0.72386796875 0.70933671875 0.72981171875 0.7465867187499999 0.7914890625 0.7368382812500001 0.78627578125 0.70481015625 0.7937703125 0.70351640625 0.79234921875 0.69122890625 0.79441640625 0.69071171875