0 0.1047984375 0.24450546874999998 0.13797421875 0.24580312499999998 0.13751640625 0.20434921875 0.10345234375000001 0.20473046875 0.1047984375 0.24450546874999998
1 0.135 0.1709109375 0.19197031250000002 0.1757203125 0.1963171875 0.15648203125 0.19334296875 0.13655703125000002 0.13477109375000002 0.13380859375 0.135 0.1709109375
3 0.37816953125 0.48157421874999995 0.3913515625 0.47996484375000004 0.39054765625 0.47304531250000004 0.37829531250000004 0.47381406249999997 0.37816953125 0.48157421874999995
3 0.36322031250000003 0.47304531250000004 0.37045390624999996 0.47336718749999995 0.36884609375 0.45003515624999996 0.362134375 0.44993437500000005 0.36322031250000003 0.47304531250000004
3 0.368525 0.44906953125 0.37045390624999996 0.4725625 0.37704453125000004 0.4724015625 0.3756421875 0.4492109375 0.368525 0.44906953125
3 0.5265109375 0.36588906250000003 0.54949765625 0.3646015625 0.54933671875 0.35703828125000003 0.52688046875 0.358275 0.5265109375 0.36588906250000003
0 0.44693984374999995 0.35108515625000003 0.5064171875000001 0.35269375 0.50689921875 0.2253046875 0.44824609375 0.22488671875000002 0.44693984374999995 0.35108515625000003
2 0.6557421875 0.4391140625 0.60955625 0.443490625 0.60545703125 0.42187890625 0.57621484375 0.42297343749999994 0.5745750000000001 0.40984218749999995 0.5073460937500001 0.41777578125000003 0.5051593750000001 0.40546484375 0.46197968749999996 0.4103890625 0.4647125 0.42215234375 0.43410390625 0.42516171875 0.43519765625 0.439934375 0.410875 0.44157578124999997 0.41388046875000006 0.48261093749999995 0.39584375 0.48425234375 0.3985765625 0.512703125 0.40267578125 0.51735390625 0.4190734375 0.51926875 0.55626484375 0.5058640624999999 0.5600906250000001 0.50093984375 0.60791640625 0.4965625 0.61146953125 0.49902499999999994 0.6615929687500001 0.49428124999999995 0.6557421875 0.4391140625
3 0.686584375 0.4521828125 0.689821875 0.47459921875 0.6971070312500001 0.47351875000000004 0.6941867187499999 0.45127578125 0.686584375 0.4521828125
3 0.680109375 0.47608515625000003 0.68833828125 0.475275 0.68604453125 0.45204765625 0.6781953125 0.4522875 0.680109375 0.47608515625000003
3 0.6796734375 0.9292101562499999 0.6956148437499999 0.9265507812499999 0.6941843750000001 0.9187757812499999 0.68008203125 0.9214359375000001 0.6796734375 0.9292101562499999
2 0.82355859375 0.9669234375 0.8213109375000001 0.9343929687499999 0.81661015625 0.9035 0.7134453125 0.91708203125 0.72075390625 0.97715234375 0.82355859375 0.9669234375
2 0.64738046875 0.90111328125 0.6533078125 0.911546875 0.70542578125 0.9060234375 0.6974546875 0.833803125 0.6921406250000001 0.8127296875000001 0.639228125 0.8183304687499999 0.64738046875 0.90111328125
0 0.567934375 0.33366171875 0.62066484375 0.33509375 0.61964296875 0.24384687500000002 0.568384375 0.2436078125 0.567934375 0.33366171875
1 0.58612421875 0.18396953124999998 0.58632890625 0.18437890625 0.58285390625 0.23675390625 0.68034453125 0.23941328125 0.68463671875 0.21036171874999998 0.67952734375 0.18335625 0.58586484375 0.1834984375 0.58612421875 0.18396953124999998