1 0.9593273437500001 0.8210976562500001 0.9995296874999999 0.8155679687499999 1 0.8375335937499999 0.9926984375 0.8379476562500001 0.9970460937500001 0.8590851562499999 0.96702890625 0.86219296875 0.9591625 0.82095546875
0 0.854334375 0.7477890625 0.8927109375000001 0.7423484375 0.89478125 0.77736953125 0.8581398437500001 0.7819281250000001
3 0.903725 0.7046109375 0.90554609375 0.718725 0.8983000000000001 0.7191398437500001 0.89581640625 0.7056703125
1 0.8862937499999999 0.6990390625 0.8900195312499999 0.73820390625 0.8759429687500001 0.74214140625 0.85524140625 0.74317734375 0.8399226562500001 0.74525 0.84116484375 0.7496015625 0.82688046875 0.7506375000000001 0.8206703125000001 0.74483515625 0.81632265625 0.70359765625 0.8308140625 0.700696875 0.8525499999999999 0.69924609375 0.863521875 0.69696640625 0.86538515625 0.70090390625
1 0.7311625 0.48197578124999996 0.73629375 0.5129406249999999 0.74347265625 0.51389921875 0.8801054687500001 0.4992875 0.88154140625 0.48443671874999994 0.87292734375 0.467190625 0.8099945312499999 0.47246015625000004 0.8076015625 0.46144140624999996 0.7815195312500001 0.46455546875 0.782715625 0.475334375
1 0.8636546875000001 0.35415078125 0.8085585937499999 0.35852265625 0.8001835937499999 0.36235546875 0.8035335937499999 0.40595 0.85785234375 0.40020156250000005 0.8540234375000001 0.37265546875 0.8705343750000001 0.36906249999999996 0.8683804687500001 0.35445078125
3 0.791125 0.3764125 0.7973125 0.37600859375 0.8006624999999999 0.390140625 0.792765625 0.39109921875000003
1 0.7473203125000001 0.29275234375000003 0.75184765625 0.32969921874999997 0.76740078125 0.3285015625 0.7693156250000001 0.34886171875 0.7181078125 0.35389140625 0.713321875 0.2976015625
1 0.773890625 0.25828281249999996 0.77170859375 0.27796015625 0.77529765625 0.29640390625 0.80329453125 0.291134375 0.804490625 0.30358984375000003 0.847084375 0.2990390625 0.8444515625 0.2724515625 0.84134140625 0.27221171875 0.8399054687499999 0.25448671875
3 0.8015375 0.23494375 0.8138226562499999 0.23332734375 0.8162156250000001 0.23572265625000002 0.8140625 0.24051328125000002 0.8016195312500001 0.24075312499999998
3 0.70495078125 0.3469703125 0.70590390625 0.35996015625 0.71260390625 0.36019921875 0.7121257812499999 0.34582734375
3 0.6956156250000001 0.21842734375 0.70207578125 0.21751874999999998 0.7047078124999999 0.230453125 0.69752890625 0.23165078125
1 0.81841328125 0.06475 0.8363164062499999 0.17041015625 0.7913296875 0.17663828125 0.786065625 0.14214609375 0.7829546875 0.1402296875 0.7781687500000001 0.10765312499999999 0.78032265625 0.10621640624999999 0.77553671875 0.06861015625
3 0.7839437499999999 0.03566640625 0.79826953125 0.03379765625 0.80042265625 0.037390625 0.7994656250000001 0.040983593750000005 0.784390625 0.0445765625 0.7824765625000001 0.03930703125
1 0.80620546875 0.001196875 0.81166953125 0.023977343749999998 0.74562578125 0.03379765625 0.73844765625 0.01463515625 0.74227578125 0.00002421875
3 0.6683273437499999 0.00873671875 0.66851015625 0.02241875 0.6610921875 0.02241875 0.65989609375 0.0082859375
1 0.6051328125000001 0.00011953125 0.6158671874999999 0.07535468749999999 0.65678515625 0.07008515625 0.64793125 0.00038203125
3 0.6934609375 0.13476640625 0.696028125 0.15064765625 0.6878929687500001 0.152084375 0.68502109375 0.13579687499999998
1 0.62523984375 0.10532343749999999 0.6682710937499999 0.1005859375 0.673775 0.15951015625 0.6314203125 0.162384375
1 0.68556171875 0.20586015624999998 0.6969859375 0.28063359375 0.69172109375 0.2827890625 0.65463125 0.2885375 0.6443421875 0.21069062500000002 0.68119296875 0.2061390625
1 0.6862179687500001 0.31408828125 0.697225 0.3904984375 0.65463125 0.3960078125 0.64649609375 0.31792031249999997
1 0.44786562500000004 0.11142812499999999 0.45785078125 0.1957625 0.46335390624999995 0.201990625 0.50594765625 0.19648125 0.48847968750000004 0.10713593749999999
1 0.43709375 0.015559375 0.44038281250000005 0.0753578125 0.448996875 0.08182578125 0.4851296875 0.07703515625 0.47555781250000007 0.00852890625