1 0.9970460937500001 0.14091484375000002 0.96702890625 0.13780703125 0.9591625 0.17904453125 0.9593273437500001 0.17890234375 0.9995296874999999 0.18443203125000002 1 0.16246640625 0.9926984375 0.16205234375 0.9970460937500001 0.14091484375000002
0 0.854334375 0.2522109375 0.8927109375000001 0.2576515625 0.89478125 0.22263046874999998 0.8581398437500001 0.218071875 0.854334375 0.2522109375
3 0.903725 0.2953890625 0.90554609375 0.281275 0.8983000000000001 0.28086015625 0.89581640625 0.2943296875 0.903725 0.2953890625
1 0.8399226562500001 0.25475 0.84116484375 0.2503984375 0.82688046875 0.24936250000000001 0.8206703125000001 0.25516484375 0.81632265625 0.29640234374999996 0.8308140625 0.299303125 0.8525499999999999 0.30075390625 0.863521875 0.30303359375 0.86538515625 0.29909609375 0.8862937499999999 0.3009609375 0.8900195312499999 0.26179609375 0.8759429687500001 0.25785859375000003 0.85524140625 0.25682265625 0.8399226562500001 0.25475
1 0.8076015625 0.53855859375 0.8099945312499999 0.52753984375 0.87292734375 0.532809375 0.88154140625 0.5155632812500001 0.8801054687500001 0.5007125 0.74347265625 0.48610078124999995 0.73629375 0.487059375 0.7311625 0.51802421875 0.782715625 0.524665625 0.7815195312500001 0.53544453125 0.8076015625 0.53855859375
1 0.8540234375000001 0.62734453125 0.85785234375 0.5997984375 0.8035335937499999 0.59405 0.8001835937499999 0.63764453125 0.8085585937499999 0.64147734375 0.8636546875000001 0.64584921875 0.8683804687500001 0.64554921875 0.8705343750000001 0.6309375 0.8540234375000001 0.62734453125
3 0.791125 0.6235875 0.7973125 0.6239914062499999 0.8006624999999999 0.609859375 0.792765625 0.60890078125 0.791125 0.6235875
1 0.7181078125 0.64610859375 0.713321875 0.7023984375000001 0.7473203125000001 0.7072476562500001 0.75184765625 0.67030078125 0.76740078125 0.6714984375 0.7693156250000001 0.65113828125 0.7181078125 0.64610859375
1 0.8444515625 0.7275484375 0.847084375 0.7009609375 0.804490625 0.69641015625 0.80329453125 0.7088656249999999 0.77529765625 0.70359609375 0.77170859375 0.72203984375 0.773890625 0.7417171875 0.8399054687499999 0.7455132812499999 0.84134140625 0.72778828125 0.8444515625 0.7275484375
3 0.8016195312500001 0.759246875 0.8015375 0.76505625 0.8138226562499999 0.76667265625 0.8162156250000001 0.76427734375 0.8140625 0.7594867187500001 0.8016195312500001 0.759246875
3 0.70590390625 0.64003984375 0.70495078125 0.6530296875 0.7121257812499999 0.65417265625 0.71260390625 0.6398007812500001 0.70590390625 0.64003984375
3 0.6956156250000001 0.78157265625 0.70207578125 0.78248125 0.7047078124999999 0.769546875 0.69752890625 0.76834921875 0.6956156250000001 0.78157265625
1 0.7829546875 0.8597703125 0.7781687500000001 0.892346875 0.78032265625 0.8937835937499999 0.77553671875 0.9313898437500001 0.81841328125 0.9352499999999999 0.8363164062499999 0.82958984375 0.7913296875 0.82336171875 0.786065625 0.8578539062500001 0.7829546875 0.8597703125
3 0.784390625 0.9554234375 0.7824765625000001 0.9606929687499999 0.7839437499999999 0.9643335937499999 0.79826953125 0.96620234375 0.80042265625 0.9626093750000001 0.7994656250000001 0.95901640625 0.784390625 0.9554234375
1 0.74227578125 0.9999757812500001 0.80620546875 0.998803125 0.81166953125 0.97602265625 0.74562578125 0.96620234375 0.73844765625 0.98536484375 0.74227578125 0.9999757812500001
3 0.6683273437499999 0.99126328125 0.66851015625 0.9775812500000001 0.6610921875 0.9775812500000001 0.65989609375 0.9917140625 0.6683273437499999 0.99126328125
1 0.6158671874999999 0.9246453125 0.6051328125000001 0.99988046875 0.64793125 0.99961796875 0.65678515625 0.92991484375 0.6158671874999999 0.9246453125
3 0.6934609375 0.86523359375 0.696028125 0.84935234375 0.6878929687500001 0.8479156250000001 0.68502109375 0.8642031250000001 0.6934609375 0.86523359375
1 0.62523984375 0.8946765624999999 0.6682710937499999 0.8994140625 0.673775 0.84048984375 0.6314203125 0.837615625 0.62523984375 0.8946765624999999
1 0.6443421875 0.789309375 0.68119296875 0.7938609375000001 0.68556171875 0.79413984375 0.6969859375 0.71936640625 0.69172109375 0.7172109375 0.65463125 0.7114625 0.6443421875 0.789309375
1 0.6862179687500001 0.68591171875 0.697225 0.6095015625 0.65463125 0.6039921875 0.64649609375 0.6820796875 0.6862179687500001 0.68591171875
1 0.46335390624999995 0.798009375 0.45785078125 0.8042374999999999 0.44786562500000004 0.888571875 0.48847968750000004 0.8928640624999999 0.50594765625 0.80351875 0.46335390624999995 0.798009375
1 0.448996875 0.9181742187499999 0.44038281250000005 0.9246421874999999 0.43709375 0.9844406250000001 0.47555781250000007 0.9914710937500001 0.4851296875 0.92296484375 0.448996875 0.9181742187499999