2 0 1 0.1607296875 0.99907421875 0.14899453125 0.8951921875 0.00113984375 0.91725625 0 1
2 0.654740625 0.9886109375000001 0.6511546874999999 0.9179453125 0.61073359375 0.9212023437499999 0.61487734375 0.9905531249999999 0.654740625 0.9886109375000001
2 0.57911328125 0.9648390625 0.6136671875 0.95767421875 0.59345625 0.79257109375 0.52858671875 0.80201484375 0.54695625 0.96514375 0.57911328125 0.9648390625
2 0.53999609375 0.7948500000000001 0.5637921875 0.787034375 0.5549906250000001 0.72516171875 0.50805 0.73004609375 0.51848125 0.7938734375000001 0.53999609375 0.7948500000000001
2 0.58385078125 0.5255921875 0.5792875000000001 0.48228046874999997 0.56559609375 0.48325781250000005 0.55516484375 0.40901015625000003 0.49295658671875 0.4134469328125 0.5065937500000001 0.54643359375 0.570159375 0.5350359375 0.56983359375 0.5275460937500001 0.58385078125 0.5255921875
0 0.6334 0.50898359375 0.6519804687499999 0.5021453124999999 0.64676484375 0.46143906250000005 0.6102554687499999 0.4676265625 0.6143890625 0.50630625 0.6334 0.50898359375
2 0.5911789062499999 0.2656640625 0.60878125 0.41090390625 0.6315999999999999 0.41155468749999996 0.65396953125 0.406134375 0.6358374999999999 0.2585 0.5911789062499999 0.2656640625
2 0.5506484375 0.32232734375 0.5470625 0.26273359375 0.41993046874999995 0.27836484375000003 0.42416875000000004 0.33730703125 0.5506484375 0.32232734375
3 0.582184375 0.2679890625 0.582625 0.26204921875 0.56170390625 0.26204921875 0.561628125 0.2693546875 0.582184375 0.2679890625
2 0.1538578125 0.397653125 0.1943703125 0.40102578125 0.23882187500000002 0.38978359375 0.22222265624999998 0.26921171875 0.218284375 0.26302890625 0.1448546875 0.27146015625 0.1388890625 0.27617421875 0.1538578125 0.397653125
2 0.12656796875 0.272303125 0.20787499999999998 0.25993671875 0.19662109375 0.19473281250000002 0.12159843749999999 0.20574609375000003 0.12656796875 0.272303125
3 0.11619140624999999 0.0482390625 0.12271406250000001 0.044684375 0.11935390625 0.030664843749999997 0.11358203124999999 0.031591406249999995 0.11619140624999999 0.0482390625
1 0.14155859375 0.07588359375 0.14650000000000002 0.115771875 0.15836015625 0.11478437500000001 0.16349921875 0.14321953125 0.18306796875 0.14144218749999998 0.2008578125 0.13768984374999998 0.19552109374999999 0.10886015625 0.20263671875 0.10866328125 0.19631171875 0.0671953125 0.19176484375 0.06838046875 0.1804984375 0.00078125 0.1420265625 0.00107265625 0.15242968750000002 0.07430390625 0.14155859375 0.07588359375
1 0.5616414062499999 0.193503125 0.55492109375 0.14354453125 0.51914375 0.14472968749999998 0.5132140625 0.15144375000000002 0.5171671875 0.18382734375 0.5343640625 0.181853125 0.5372914062499999 0.1972234375 0.54978125 0.19765 0.5616414062499999 0.193503125
1 0.694275 0.19646484375 0.7314359375 0.18264296875 0.71957578125 0.13683125000000002 0.6804046875 0.1507046875 0.694275 0.19646484375
3 0.74230703125 0.1500609375 0.73874921875 0.13446171875 0.7319609375 0.136778125 0.73479609375 0.15223359375 0.74230703125 0.1500609375
0 0.68590703125 0.2401046875 0.6776046874999999 0.19330546875000001 0.6453859375000001 0.20001953125 0.65225625 0.24285390625 0.68590703125 0.2401046875