3 0.724165625 0.00827265625 0.7206828125 0.03155859375 0.7295242187500001 0.034235156249999996 0.73358515625 0.010978125 0.724165625 0.00827265625
1 0.6298539062499999 0.0002421875 0.62583515625 0.02620546875 0.6748664062499999 0.03584140625 0.6807609375 0.00051015625 0.6298539062499999 0.0002421875
0 0.58703046875 0.26044765625 0.58033203125 0.29738515625 0.62159296875 0.30434375 0.62795625 0.26761953125 0.58703046875 0.26044765625
3 0.5942640625 0.30916171875 0.60846484375 0.31183828125 0.60988359375 0.30577421875 0.59560390625 0.30354140625000003 0.5942640625 0.30916171875
1 0.5771164062499999 0.31103515625 0.5688109375 0.37125859375000003 0.57095390625 0.37554140625 0.60176640625 0.37928828124999997 0.6130960937500001 0.31581484375 0.5771164062499999 0.31103515625
1 0.14726796874999998 0.28215546874999997 0.13038828125 0.28135234374999996 0.12127890625 0.33086953124999996 0.15925390625 0.33549531250000003 0.16468359375 0.28590234375 0.14726796874999998 0.28215546874999997
3 0.0228921875 0.72459921875 0.022728125 0.73065703125 0.03534921875 0.731803125 0.03556796875 0.72610859375 0.0228921875 0.72459921875
0 0.099490625 0.7286921875 0.06490703125 0.7185406249999999 0.0570390625 0.7547265624999999 0.09260625 0.76455078125 0.099490625 0.7293476562500001 0.099490625 0.7286921875
1 0.08631484375000001 0.9178054687499999 0.06779375 0.9164953125 0.060746093749999994 0.9631609375 0.09664140624999999 0.96921953125 0.1043625 0.9248749999999999 0.08631484375000001 0.9178054687499999
1 0.56495859375 0.60426796875 0.5517578125 0.61187578125 0.53483359375 0.6232031250000001 0.5625890625000001 0.67088046875 0.5928828125 0.65177578125 0.56495859375 0.60426796875
3 0.81460078125 0.68924609375 0.8118929687499999 0.6956703125 0.8267859375000001 0.7007421875000001 0.8296890625 0.6944343749999999 0.81460078125 0.68924609375
1 0.7563828125 0.6816382812499999 0.744028125 0.7137609375 0.82966328125 0.7472359375 0.84389609375 0.71574453125 0.7563828125 0.6816382812499999
0 0.703975 0.706321875 0.69246640625 0.74131875 0.7219140625 0.7499414062499999 0.7349453125000001 0.719678125 0.703975 0.706321875
3 0.99056484375 0.59966640625 0.9908210937499999 0.57811640625 0.9816499999999999 0.578271875 0.9818328125000001 0.5991531250000001 0.99056484375 0.59966640625
1 0.948690625 0.47014531249999997 0.94612265625 0.5129890625 0.9938890625000001 0.51606796875 0.99647109375 0.47548828125 0.948690625 0.47014531249999997
1 0.307665625 0 0.30337890624999997 0.0152453125 0.32400937500000004 0.019528125 0.328340625 0.00053515625 0.307665625 0