3 0.27583437499999997 0.99172734375 0.2793171875 0.96844140625 0.27047578125 0.96576484375 0.26641484375 0.989021875 0.27583437499999997 0.99172734375
1 0.37014609374999996 0.9997578125000001 0.37416484375 0.97379453125 0.32513359375 0.96415859375 0.3192390625 0.9994898437499999 0.37014609374999996 0.9997578125000001
0 0.41296953125 0.73955234375 0.41966796874999995 0.7026148437499999 0.37840703124999997 0.6956562500000001 0.37204375 0.73238046875 0.41296953125 0.73955234375
3 0.4057359375 0.69083828125 0.39153515625 0.68816171875 0.39011640625 0.69422578125 0.40439609374999996 0.69645859375 0.4057359375 0.69083828125
1 0.42288359375000006 0.68896484375 0.4311890625 0.62874140625 0.42904609374999997 0.62445859375 0.39823359375 0.62071171875 0.38690390625000004 0.68418515625 0.42288359375000006 0.68896484375
1 0.8527320312500001 0.71784453125 0.8696117187500001 0.71864765625 0.87872109375 0.6691304687499999 0.84074609375 0.6645046875 0.8353164062499999 0.71409765625 0.8527320312500001 0.71784453125
3 0.9771078125000001 0.27540078125 0.9772718749999999 0.26934296875 0.9646507812499999 0.268196875 0.96443203125 0.27389140625 0.9771078125000001 0.27540078125
0 0.9005093750000001 0.2713078125 0.93509296875 0.28145937499999996 0.9429609375 0.2452734375 0.90739375 0.23544921875 0.9005093750000001 0.27065234375 0.9005093750000001 0.2713078125
1 0.91368515625 0.08219453125000001 0.9322062499999999 0.0835046875 0.9392539062499999 0.036839062500000005 0.9033585937499999 0.03078046875 0.8956375 0.075125 0.91368515625 0.08219453125000001
1 0.43504140625 0.39573203125 0.4482421875 0.38812421874999997 0.46516640625 0.37679687500000003 0.4374109375 0.32911953125000004 0.40711718750000003 0.34822421875 0.43504140625 0.39573203125
3 0.18539921875 0.31075390625 0.18810703125 0.3043296875 0.1732140625 0.2992578125 0.17031093749999998 0.305565625 0.18539921875 0.31075390625
1 0.2436171875 0.31836171874999997 0.255971875 0.28623906250000003 0.17033671875 0.2527640625 0.15610390624999998 0.28425546874999996 0.2436171875 0.31836171874999997
0 0.296025 0.293678125 0.30753359375 0.25868125000000003 0.2780859375 0.25005859375 0.2650546875 0.280321875 0.296025 0.293678125
3 0.00943515625 0.40033359375 0.00917890625 0.42188359374999995 0.018349999999999998 0.421728125 0.0181671875 0.40084687499999994 0.00943515625 0.40033359375
1 0.051309375000000004 0.5298546875000001 0.053877343749999994 0.4870109375 0.0061109375 0.48393203125 0.0035289062500000004 0.52451171875 0.051309375000000004 0.5298546875000001
1 0.692334375 1 0.6966210937499999 0.9847546875000001 0.6759906250000001 0.9804718749999999 0.6716593750000001 0.99946484375 0.692334375 1