1 0.54420859375 0 0.54276015625 0.029667187499999997 0.5940531250000001 0.03198359375 0.59629453125 0.0018820312499999998 0.54420859375 0
1 0.9788046874999999 0.24476640624999998 0.9982203125 0.2496875 0.99942109375 0.19345390625 0.98170234375 0.19265625 0.9788046874999999 0.24476640624999998
1 0.7762374999999999 0.1327296875 0.7550828125 0.13446640625 0.7556625 0.183103125 0.79014765625 0.1833921875 0.79134140625 0.13481015624999998 0.7762374999999999 0.1327296875
1 0.56642578125 0.25721484375000003 0.53715703125 0.260978125 0.5362875 0.24708203125 0.5168710937500001 0.24795078125 0.5160015625 0.25924140625000003 0.5116546875 0.26126796875 0.5162914062499999 0.3020875 0.56936171875 0.2977109375 0.56642578125 0.25721484375000003
0 0.47572421875000004 0.20868203125 0.44966015625000005 0.2372515625 0.473190625 0.26310859375 0.50066796875 0.23288906250000002 0.47572421875000004 0.20868203125
1 0.5683203125 0.5173687499999999 0.549696875 0.51801796875 0.53388828125 0.5212625 0.53886953125 0.569071875 0.57465234375 0.56622890625 0.5683203125 0.5173687499999999
1 0.52003359375 0.66018984375 0.523065625 0.7136234375 0.56204453125 0.712109375 0.5597203125 0.6587421875 0.52003359375 0.66018984375
3 0.5865148437500001 0.68030859375 0.58759765625 0.69177421875 0.5943101562499999 0.6919906250000001 0.59315546875 0.68049140625 0.5865148437500001 0.68030859375
1 0.75209921875 0.3904921875 0.7505296875 0.44249375 0.7868890625 0.44458359375 0.7877398437500001 0.3934140625 0.75209921875 0.3904921875
1 0.9762703125 0.48458046875000005 1 0.4840578125 0.9998695312500001 0.43497734374999997 0.97522421875 0.43597578124999997 0.9762703125 0.48458046875000005
1 0.9727351562500001 0.66914140625 0.9732578125 0.7164390625 0.9991539062499999 0.71696171875 0.9990851562499999 0.66710390625 0.990521875 0.6667898437499999 0.9727351562500001 0.66914140625
1 0.9663437500000001 0.99246953125 0.9987796875000001 0.9932531250000001 0.9987796875000001 0.93811640625 0.9668671874999999 0.9386390625000001 0.9663437500000001 0.99246953125
3 0.56473125 0.964878125 0.56394609375 0.95677734375 0.55112890625 0.9565164062499999 0.55060625 0.96409453125 0.5642390625 0.96628125 0.56473125 0.964878125
0 0.5322953125 0.9539031250000001 0.49358203125 0.9562546875000001 0.496459375 0.9852609375 0.5344390625 0.98510234375 0.5322953125 0.9539031250000001
4 0.52924375 0.9468476562499999 0.6113796875 0.9439734375000001 0.61089921875 0.9211890625000001 0.526628125 0.9235906249999999 0.52924375 0.9468476562499999