1 0.76961875 0.70335625 0.7766265625 0.74161953125 0.8435546875 0.7294578125 0.84002890625 0.70531015625 0.8287828125000001 0.7061242187500001 0.8250343750000001 0.69505234375 0.76961875 0.70335625
3 0.8232765625 0.7455828125 0.82226328125 0.7395031249999999 0.8062906249999999 0.742759375 0.8079203125 0.749109375 0.8232765625 0.7455828125
3 0.5772929687499999 0.7585531249999999 0.58299765625 0.76034375 0.59068515625 0.7465601562499999 0.58462734375 0.7437359375 0.58169375 0.745853125 0.57566328125 0.755459375 0.5772929687499999 0.7585531249999999
3 0.57566328125 0.75676171875 0.58335546875 0.7428953125 0.5758265625 0.7390148437499999 0.5691437500000001 0.75366875 0.57566328125 0.75676171875
1 0.51705 0.76034375 0.5493210937499999 0.77792890625 0.5843328125 0.72041796875 0.5632765625 0.70824140625 0.5580609375 0.71687109375 0.54697734375 0.7101953125 0.51705 0.76034375
1 0.2250109375 0.7009140625 0.1707359375 0.67991015625 0.15883828125 0.7155679687500001 0.22274140625 0.7384976562500001 0.2313671875 0.7160562500000001 0.2209359375 0.7126375 0.2250109375 0.7009140625
3 0.1979546875 0.73185 0.18312343749999999 0.726965625 0.1810046875 0.73380390625 0.1956734375 0.73917734375 0.1979546875 0.73185
3 0.83882734375 0.3921046875 0.8369578125 0.39205390625000003 0.82986328125 0.391290625 0.82627734375 0.40561953125 0.83507890625 0.40643359375 0.83882734375 0.3921046875
1 0.7685796875 0.43053125000000003 0.78276015625 0.44045625 0.8013406249999999 0.44224687500000004 0.8208984375 0.37646718749999997 0.8201 0.3749515625 0.79905859375 0.36865859375 0.79416875 0.378590625 0.7853679687499999 0.375334375 0.7685796875 0.43053125000000003
1 0.292059375 0.410659375 0.32025546875 0.43231484375000007 0.339325 0.40870546875 0.34421484375 0.4122875 0.36249140625 0.39157031249999996 0.33166484375 0.36962812500000003 0.31275859375000004 0.3909578125 0.309825 0.3909578125 0.292059375 0.410659375
3 0.3168328125 0.37093125 0.31607109375000003 0.3700703125 0.31129140624999996 0.3670234375 0.29874140625 0.37744374999999997 0.30395703125 0.38167734375 0.3168328125 0.37093125
3 0.062468749999999997 0.33268984375 0.047034375 0.32664375 0.0434484375 0.33266796875 0.0590953125 0.33966953125 0.062468749999999997 0.33268984375
1 0.07946875 0.38363125 0.08641171875 0.36713828125000003 0.02421640625 0.33315625 0.0234015625 0.37044296875 0.07017890624999999 0.3969828125 0.07946875 0.38363125
1 0.75634375 0.0431375 0.7799773437499999 0.059907812500000004 0.7933421875 0.06332734375 0.8217015625 0.010084375 0.803975 0.0009 0.788615625 0.000478125 0.7765546875 0.02099375 0.77068671875 0.017736718749999998 0.75634375 0.0431375
3 0.8193671874999999 0.03803671875 0.8148562500000001 0.035321875 0.80768515625 0.047533593750000006 0.8119226562499999 0.04965 0.8193671874999999 0.03803671875
3 0.40011640625 0.07248515625 0.393153125 0.07781796875 0.40016171875 0.08872734374999999 0.40635546875 0.08400546875 0.40011640625 0.07248515625
1 0.40103125000000006 0.059907812500000004 0.43232499999999996 0.11184765625 0.4474828125 0.10517265625000001 0.46119609375000004 0.0927640625 0.44617890625 0.0685375 0.45106796875 0.06251328125 0.43672578125 0.038903906249999995 0.40103125000000006 0.059907812500000004