1 0.02850390625 0.43349843750000006 0.0276265625 0.3762 0 0.37717812500000003 0.000271875 0.43455078125 0.02850390625 0.43349843750000006
3 0.1839515625 0.034414062499999995 0.188909375 0.035509374999999996 0.19096875 0.01979453125 0.18530625 0.01979453125 0.1839515625 0.034414062499999995
1 0.19302734375 0.053028125 0.24458281249999997 0.051792187499999996 0.2455296875 0.01567265625 0.1907109375 0.0161875 0.1899390625 0.036025 0.19302734375 0.053028125
1 0.18659296875 0.5535109375 0.23454140625000003 0.556146875 0.23497812499999998 0.52182265625 0.18839453125 0.5171859375000001 0.1855640625 0.535734375 0.18659296875 0.5535109375
0 0.24501484375000002 0.56665 0.24501484375000002 0.5669078125 0.24535468749999997 0.56696015625 0.279759375 0.5687109375 0.27847265625 0.5251718750000001 0.24347109374999998 0.52259609375 0.24501484375000002 0.56665
1 0.51663203125 0.024284375 0.5156031249999999 0.018359375 0.56373046875 0.018359375 0.5643421875 0.0012023437499999999 0.4769984375 0.000840625 0.47982890625 0.0250578125 0.51663203125 0.024284375
1 0.65066875 0.73114140625 0.7188148437499999 0.7183437500000001 0.70780390625 0.68193515625 0.64397734375 0.6950742187500001 0.6434624999999999 0.71619921875 0.65066875 0.73114140625
0 0.7337976562499999 0.6501609375 0.7416 0.67277421875 0.7801234375 0.6661335937499999 0.7736890625 0.6197609374999999 0.7317390625 0.6272320312499999 0.7337976562499999 0.6501609375
3 0.7219734375 0.7379781249999999 0.720965625 0.7307359375 0.70670859375 0.7336945312500001 0.708446875 0.74065625 0.7219734375 0.7379781249999999
3 0.70183046875 0.4150703125 0.70240546875 0.40701093750000006 0.6878359374999999 0.40490000000000004 0.68745234375 0.414303125 0.70183046875 0.4150703125
1 0.6843851562500001 0.37029453125 0.6884109375 0.3869890625 0.74397109375 0.3851859375 0.7422796875000001 0.349953125 0.6849601562500001 0.3520640625 0.6843851562500001 0.37029453125
3 0.96115703125 0.5144609375 0.9771171875 0.51421484375 0.9764843750000001 0.50724375 0.9602351562500001 0.50724375 0.96115703125 0.5144609375
1 0.9999085937500001 0.4578125 0.95031640625 0.46267109375000004 0.94989453125 0.482528125 0.9539039062500001 0.50069453125 0.98492578125 0.49752656249999994 0.9866140624999999 0.51020078125 0.9988539062499999 0.5095671875 0.9999085937500001 0.4578125