3 0.20084531249999998 0.0122640625 0.20864687499999998 0.00454921875 0.2033859375 0.000840625 0.195975 0.00845625 0.20084531249999998 0.0122640625
1 0.22392578125 0.06324375 0.26585234375 0.021994531249999998 0.24552421875000002 0 0.22921953125 0.00062890625 0.1979775109375 0.0360571421875 0.22392578125 0.06324375
3 0.4072765625 0.0239640625 0.41880703124999996 0.02770546875 0.42071249999999993 0.02368671875 0.410125 0.01818671875 0.4072765625 0.0239640625
3 0.6203328124999999 0.07660234375 0.62839921875 0.07635625 0.62882265625 0.06112578125 0.62056484375 0.06112578125 0.6203328124999999 0.07660234375
4 0.655503125 0.13770078125000002 0.6737140625 0.13812421875 0.6781609375000001 0.0615484375 0.6586796875 0.059221875 0.655503125 0.13770078125000002
3 0.9602124999999999 0.1444703125 0.9599664062500001 0.1607171875 0.968046875 0.1609703125 0.968046875 0.14489296875 0.9602124999999999 0.1444703125
1 0.9932453125 0.21554609375 0.99917421875 0.21554609375 0.99917421875 0.16118125 0.9932453125 0.1616046875 0.9932453125 0.21554609375
1 0.996003125 0.328578125 0.9996031249999999 0.328578125 0.99939140625 0.29113671874999997 0.9955796875 0.29240546875 0.996003125 0.328578125
3 0.22483515625 0.3203765625 0.24076015625 0.3209625 0.24181953125 0.313559375 0.22445546875 0.3131359375 0.22483515625 0.3203765625
1 0.24711328125 0.33111640625 0.22424375 0.33428984375000004 0.2246671875 0.40853828124999997 0.27125234374999996 0.40917265625 0.27082890625 0.334078125 0.24711328125 0.33111640625
0 0.22932578124999997 0.4563453125 0.28141640625000003 0.45338359375000004 0.28183984375 0.417 0.22784374999999998 0.42017265625 0.22932578124999997 0.4563453125
0 0.1089109375 0.40642265625 0.10866171875 0.44861171874999994 0.15062578124999998 0.44640312499999996 0.14871953124999998 0.40409609375000005 0.12754453125 0.40430781250000003 0.1089109375 0.40642265625
0 0.26141484375 0.65198828125 0.252521875 0.60777734375 0.21086875 0.61906328125 0.21144218750000002 0.6189890625000001 0.22181796875 0.66066171875 0.26141484375 0.65198828125
1 0.42824999999999996 0.63414140625 0.41152187500000004 0.6373140625 0.41427421875 0.6942171874999999 0.45133046875 0.69104453125 0.44857812499999994 0.63519921875 0.42824999999999996 0.63414140625
3 0.37592421875 0.6936554687500001 0.38272421875 0.6916789062500001 0.38251171875 0.6758140625 0.37361875 0.67666015625 0.37592421875 0.6936554687500001
1 0.661759375 0.9530085937500001 0.64143125 0.9525859375 0.6384257812499999 0.9996429687499999 0.6753109375 0.99996953125 0.67912265625 0.95554765625 0.661759375 0.9530085937500001