4 0.77958515625 0.8764101562500001 0.7736398437500001 0.8949703124999999 0.8482031250000001 0.928378125 0.8569140624999999 0.910253125 0.77958515625 0.8764101562500001
3 0.81105625 0.91893046875 0.80871328125 0.9249484375 0.8242765625 0.9309671875 0.8263234374999999 0.9262476562499999 0.81105625 0.91893046875
1 0.98021875 0.897753125 1 0.892075 0.9997414062500001 0.85208125 0.9995062499999999 0.85140078125 0.97379296875 0.8555375 0.98021875 0.897753125
1 0.32945234375 0.8397375 0.3131421875 0.790115625 0.28175703125 0.799003125 0.29386640625 0.8496124999999999 0.311165625 0.8471437500000001 0.32945234375 0.840725 0.32945234375 0.8397375
1 0.2315875 0.61845234375 0.24468515625 0.6779499999999999 0.28150703125 0.66980234375 0.26862265625 0.61135390625 0.2315875 0.61845234375
4 0.6096078125 0.45230546875 0.5905796875 0.45403359375 0.6004640625000001 0.5382179687499999 0.61949296875 0.53500859375 0.60985546875 0.45131796875 0.6096078125 0.45230546875
4 0.7095296875 0.6522742187499999 0.69247734375 0.65770625 0.71793125 0.739421875 0.73646640625 0.733003125 0.7095296875 0.6522742187499999
4 0.68333515625 0.40896406250000006 0.70532890625 0.5012953125 0.7260875 0.4968515625 0.7048351562499999 0.40476718749999996 0.68333515625 0.40896406250000006
3 0.6778484375 0.66646640625 0.67208515625 0.66756328125 0.67496640625 0.6807226562500001 0.6817234375 0.67988671875 0.6778484375 0.66646640625
3 0.676009375 0.45520078125 0.67993828125 0.46767812500000006 0.68667421875 0.465575 0.682921875 0.45317890624999996 0.676009375 0.45520078125
1 0.96965703125 0.4799515625 0.98574296875 0.47727343749999995 1 0.46923828125 0.99193046875 0.41546562500000006 0.9915499999999999 0.41528828124999995 0.9568703125000001 0.42350078125 0.96965703125 0.4799515625
1 0.87843203125 0.38744609375 0.8895687499999999 0.438128125 0.9209164062499999 0.43174140625 0.91967890625 0.42041015625 0.94339609375 0.41319921875 0.9343578125 0.37448046874999996 0.87843203125 0.38744609375
3 0.08752734375 0.34980859375 0.08979609375 0.35598984375 0.10464453124999999 0.35186875 0.10306015625 0.34665703125 0.08752734375 0.34980859375
1 0.15476015625 0.28099609375 0.11454375000000001 0.29129765625 0.12671171875 0.349190625 0.16890859375 0.339546875 0.15476015625 0.28099609375
1 0.5280125 0.2861390625 0.5102765625 0.2228890625 0.47707265625 0.23154218750000002 0.49439609375 0.2943796875 0.52721015625 0.28575546875 0.5280125 0.2861390625
3 0.53963046875 0.25853125 0.5397914890625 0.25859565859375 0.53457109375 0.24222421875000003 0.5274625000000001 0.24534609375 0.532 0.25956171875 0.53963046875 0.25853125
0 0.5707312499999999 0.175678125 0.5857859375000001 0.23480703125 0.61568984375 0.227184375 0.6017148437500001 0.16827890625 0.5707312499999999 0.175678125
1 0.66566796875 0.1944265625 0.6297828125 0.20225546875 0.6310203125 0.2113203125 0.6159656250000001 0.21667734374999997 0.62675625 0.26256953125 0.6784546875 0.24881718749999998 0.66566796875 0.1944265625
1 0.89148046875 0.16609765625 0.8916867187499999 0.1652734375 0.88199375 0.12798281250000001 0.78444453125 0.1506453125 0.79269375 0.18834843750000002 0.8912742187499999 0.16589140625 0.89148046875 0.16609765625
3 0.8322203125 0.11176562500000001 0.8293328125 0.0987859375 0.82128984375 0.1016703125 0.8254140624999999 0.11382578125000001 0.8322203125 0.11176562500000001
1 0.3417921875 0.0009234375 0.34550390625 0.02914921875 0.3785015625 0.022762499999999998 0.37623359375 0.00051171875 0.3417921875 0.0009234375