3 0.9991382812499999 0.169803125 0.99993203125 0.165971875 0.99993203125 0.15447734375 0.9941125 0.1534203125 0.9910703125 0.16729296875 0.9910703125 0.16755703125000002 0.9918640625 0.16795390625 0.9991382812499999 0.169803125
1 0.9685335937499999 0.22073840625000002 0.9685335937499999 0.22051171875 0.9685335937499999 0.22035 0.9683718750000001 0.22035 0.9683261820312501 0.22044094609374998 0.8787796875 0.1898859375 0.8653164062500001 0.227965625 0.9540429687499999 0.26037421875 0.9690203125 0.22083593750000002 0.9685335937499999 0.22073840625000002
1 0.48591796875000004 0.30309921875 0.48267421875 0.3419890625 0.54901640625 0.34992890625 0.553691890625 0.311742178125 0.5534541796875 0.3117118640625 0.552746875 0.312659375 0.55323518203125 0.3116839359375 0.48591796875000004 0.30309921875
3 0.5623171874999999 0.29159375 0.56215546875 0.2911078125 0.56215546875 0.29126953125 0.54788125 0.288353125 0.546096875 0.2938625 0.56101953125 0.29807578125 0.5623171874999999 0.29159375
3 0.29094609375 0.36613281249999996 0.28591796875000003 0.36435078125000003 0.280078125 0.3794203125 0.286890625 0.38136484375 0.29140140234375 0.36704269921875 0.29094609375 0.36613281249999996
1 0.2699671875 0.38687421875 0.27986171875 0.34911875000000003 0.22990234375 0.3364796875 0.21887265625 0.3732625 0.2699671875 0.38687421875
3 0.75103984375 0.47069765625000004 0.7534734375000001 0.45822109375000003 0.74763359375 0.45741015625000003 0.74438984375 0.46826718749999996 0.75103984375 0.47069765625000004
1 0.78969921875 0.50051328125 0.8248984374999999 0.50764375 0.8367390625000001 0.4593546875 0.83625234375 0.46016562499999997 0.835765625 0.45870703125 0.835765625 0.4593546875 0.7921328125 0.44979453124999996 0.78580625 0.47620703124999997 0.79326796875 0.47766562500000004 0.78969921875 0.50051328125
1 0.3463921875 0.6325624999999999 0.29724375 0.62672890625 0.28978281250000004 0.66642890625 0.34087734375 0.67145234375 0.3463921875 0.6325624999999999
3 0.8717804687499999 0.73999375 0.8571562500000001 0.7374609375000001 0.8558585937500001 0.74183671875 0.8694835937500001 0.74556328125 0.8717804687499999 0.73999375
1 0.87348203125 0.83871171875 0.89348984375 0.76662890625 0.8574804687500001 0.7562578125 0.8357445312499999 0.8278804687499999 0.87348203125 0.83871171875
1 0.62517734375 0.9774015625000001 0.66232265625 0.9853414062500001 0.66248515625 0.9861515624999999 0.6691351562500001 0.9490437500000001 0.6334500000000001 0.943696875 0.62517734375 0.9774015625000001
1 0.40776640625000005 0.8821517375000001 0.37354140625 0.8735328125 0.36137578124999997 0.9257101562500001 0.39478984375000004 0.93462265625 0.40873984375 0.8824453125 0.40812473671875005 0.8823220539062501 0.40841562500000006 0.88325546875 0.40776640625000005 0.8824453125 0.40776640625000005 0.8821517375000001
0 0.9126632812500001 0.39061328125 0.88550859375 0.3857484375 0.8805757812499999 0.41071640625 0.909515625 0.41564453125 0.9126632812500001 0.39061328125
0 0.8851796875 0.49580546875 0.89060625 0.46213125 0.8712031250000001 0.45687421875 0.86446171875 0.49054843750000005 0.8851796875 0.49580546875