1 0.34026171875 0.1193203125 0.380303125 0.12666093750000001 0.3731265625 0.1828921875 0.329078125 0.17570859375
3 0.31082421875 0.15695703125 0.31733359375000003 0.15713828125 0.31841875000000003 0.17252343750000002 0.3111859375 0.1727046875
3 0.34951953125 0.36088984375 0.3583796875 0.3612515625 0.35892265624999997 0.3748265625 0.354040625 0.37446484375 0.34970078125000004 0.36179453125
1 0.37194140625 0.35600234375 0.414434375 0.346409375 0.42239062499999996 0.401434375 0.38477968749999997 0.40813203124999997
1 0.44366796875 0.60787109375 0.4677171875 0.62760078125 0.47061015624999997 0.6248859375 0.4915859375 0.64208125 0.47910859375000003 0.6594578125 0.46608984375 0.672128125 0.41961875 0.6339359375
3 0.43529921875 0.6716249999999999 0.4452953125 0.6797296875 0.44927343750000004 0.67448125 0.439328125 0.66687890625
3 0.6976718749999999 0.7041835937500001 0.70069375 0.71021171875 0.68857890625 0.7187187500000001 0.6831546875 0.712203125
1 0.63234375 0.69084453125 0.64789453125 0.72089140625 0.7014171874999999 0.6928351562499999 0.6934609375 0.67708828125 0.68062265625 0.65916875 0.6580203124999999 0.66984765625 0.6610945312500001 0.674915625
3 0.68415 0.08424765625 0.691925 0.0972796875 0.6861390625 0.10126171875000001 0.67709765625 0.08714374999999999
1 0.64491171875 0.060535937500000005 0.68107578125 0.107596875 0.66588671875 0.121534375 0.64943203125 0.13112812499999998 0.632615625 0.11157890625 0.6364132812500001 0.1090453125 0.61815 0.0837046875 0.64473046875 0.05999296875 0.64545390625 0.060354687500000004 0.64491171875 0.060354687500000004 0.6450921875 0.060717187500000006
1 0.73409453125 0.24982656250000002 0.76845 0.24620703124999999 0.77694921875 0.30159375 0.73915703125 0.30684296875 0.73445625 0.28150234375 0.73734921875 0.28114062500000003 0.73337109375 0.24946484375 0.7337328125 0.24982656250000002 0.7349984375 0.2500078125 0.73409453125 0.2500078125 0.7337328125 0.24910312499999998
3 0.79182265625 0.29095312500000003 0.793584375 0.30648125 0.78870234375 0.30847265625000003 0.7836390625 0.29109609375
3 0.81582578125 0.4754796875 0.81564453125 0.48941718749999996 0.80967734375 0.48959843750000004 0.809496875 0.4756609375
1 0.76468984375 0.46541640624999997 0.8071460937499999 0.47312656249999996 0.7970203125 0.5292382812499999 0.76157890625 0.5216359374999999 0.76628046875 0.4919515625 0.7626640625000001 0.49122734375