1 0.17570859375 0.670921875 0.1828921875 0.6268734375 0.12666093750000001 0.619696875 0.1193203125 0.65973828125 0.17570859375 0.670921875
3 0.1727046875 0.6888140625 0.17252343750000002 0.68158125 0.15713828125 0.68266640625 0.15695703125 0.68917578125 0.1727046875 0.6888140625
3 0.36179453125 0.6502992187500001 0.37446484375 0.645959375 0.3748265625 0.6410773437499999 0.3612515625 0.6416203125 0.36088984375 0.65048046875 0.36179453125 0.6502992187500001
1 0.40813203124999997 0.6152203125 0.401434375 0.577609375 0.346409375 0.585565625 0.35600234375 0.62805859375 0.40813203124999997 0.6152203125
1 0.6339359375 0.5803812500000001 0.672128125 0.5339101562499999 0.6594578125 0.52089140625 0.64208125 0.5084140625 0.6248859375 0.52938984375 0.62760078125 0.5322828125 0.60787109375 0.55633203125 0.6339359375 0.5803812500000001
3 0.67448125 0.5507265625 0.66687890625 0.5606718749999999 0.6716249999999999 0.56470078125 0.6797296875 0.5547046875 0.67448125 0.5507265625
3 0.712203125 0.31684531250000003 0.7187187500000001 0.31142109375000004 0.71021171875 0.29930625 0.7041835937500001 0.302328125 0.712203125 0.31684531250000003
1 0.6928351562499999 0.29858281249999996 0.67708828125 0.3065390625 0.65916875 0.31937734375 0.66984765625 0.34197968749999996 0.674915625 0.33890546875 0.69084453125 0.36765625 0.72089140625 0.35210546875 0.6928351562499999 0.29858281249999996
3 0.08714374999999999 0.32290234375 0.10126171875000001 0.3138609375 0.0972796875 0.308075 0.08424765625 0.31585 0.08714374999999999 0.32290234375
1 0.060717187500000006 0.3549078125 0.060354687500000004 0.35508828124999997 0.060354687500000004 0.35454609375 0.05999296875 0.35526953125 0.0837046875 0.38184999999999997 0.1090453125 0.36358671875000004 0.11157890625 0.367384375 0.13112812499999998 0.35056796874999996 0.121534375 0.33411328125 0.107596875 0.31892421875 0.060535937500000005 0.35508828124999997 0.060717187500000006 0.3549078125
1 0.28114062500000003 0.26265078124999997 0.28150234375 0.26554375 0.30684296875 0.26084296875 0.30159375 0.22305078125 0.24620703124999999 0.23155 0.24982656250000002 0.26590546875 0.24910312499999998 0.2662671875 0.2498705015625 0.26596036953125 0.24982656250000002 0.2662671875 0.24946484375 0.26662890625 0.28114062500000003 0.26265078124999997
3 0.29109609375 0.21636093750000002 0.30847265625000003 0.21129765625000002 0.30648125 0.206415625 0.29095312500000003 0.20817734375 0.29109609375 0.21636093750000002
3 0.4756609375 0.190503125 0.48959843750000004 0.19032265625 0.48941718749999996 0.18435546875 0.4754796875 0.18417421875 0.4756609375 0.190503125
1 0.49122734375 0.2373359375 0.4919515625 0.23371953125 0.5216359374999999 0.23842109374999998 0.5292382812499999 0.2029796875 0.47312656249999996 0.19285390625 0.46541640624999997 0.23531015625 0.49122734375 0.2373359375