1 0.24831093750000002 0.7586445312500001 0.28058125 0.757253125 0.2789125 0.70996015625 0.24552890624999998 0.7094031249999999 0.24831093750000002 0.7586445312500001
4 0.3707171875 0.78034375 0.34206328125 0.78284765625 0.34206328125 0.79508828125 0.37127421875 0.7928625 0.3707171875 0.78034375
1 0.94074375 0.71608046875 0.93963125 0.7388921875000001 0.94352578125 0.74000546875 0.94241328125 0.7516890625 0.9691203125 0.755584375 0.9735710937500001 0.72220078125 0.94074375 0.71608046875
1 0.44610859375 0.42925859375000003 0.44972578125 0.4634765625 0.4911765625 0.45568749999999997 0.48783828125 0.4267546875 0.44610859375 0.42925859375000003
1 0.54097421875 0.51466484375 0.5832601562499999 0.5155000000000001 0.58298203125 0.49491328125 0.54180859375 0.49463515625000004 0.54097421875 0.51466484375
1 0.6043984375 0.5243984375 0.6043984375 0.5600078125 0.6330546874999999 0.5600078125 0.6330546874999999 0.5243984375 0.6043984375 0.5243984375
1 0.8030312500000001 0.49379687499999997 0.8030312500000001 0.53525 0.8417031250000001 0.53525 0.8417031250000001 0.49379687499999997 0.8030312500000001 0.49379687499999997
1 0.8497734375 0.50715625 0.8497734375 0.53553125 0.8809296874999999 0.53553125 0.8809296874999999 0.50715625 0.8497734375 0.50715625
0 0.78383984375 0.365828125 0.78383984375 0.399765625 0.82000390625 0.399765625 0.82000390625 0.365828125 0.78383984375 0.365828125
4 0.8010890625 0.539425 0.8005328125 0.5093796875 0.7885703125 0.5091015624999999 0.7913515624999999 0.539425 0.8010890625 0.539425
4 0.78105859375 0.27458046875000003 0.81054765625 0.2834828125 0.8138859374999999 0.27179921875 0.78551015625 0.262896875 0.78105859375 0.27458046875000003
4 0.56016953125 0.0909703125 0.5865984375 0.1023765625 0.58993671875 0.0909703125 0.56406484375 0.08151171874999999 0.56016953125 0.0909703125