1 0.7516890625 0.24135546875 0.71941875 0.242746875 0.7210875 0.29003984374999997 0.75447109375 0.290596875 0.7516890625 0.24135546875
4 0.6292828125 0.21965625000000003 0.65793671875 0.21715234374999998 0.65793671875 0.20491171874999997 0.62872578125 0.20713750000000003 0.6292828125 0.21965625000000003
1 0.059256249999999996 0.28391953124999997 0.060368750000000006 0.26110781250000004 0.056474218750000006 0.25999453125 0.05758671875 0.24831093750000002 0.030879687500000003 0.24441562499999997 0.026428906250000002 0.27779921875 0.059256249999999996 0.28391953124999997
1 0.55389140625 0.57074140625 0.55027421875 0.5365234375 0.5088234375 0.5443125 0.51216171875 0.5732453125 0.55389140625 0.57074140625
1 0.45902578125 0.48533515625 0.41673984375 0.4845 0.41701796875 0.50508671875 0.45819140625 0.50536484375 0.45902578125 0.48533515625
1 0.3956015625 0.47560156249999996 0.3956015625 0.4399921875 0.3669453125 0.4399921875 0.3669453125 0.47560156249999996 0.3956015625 0.47560156249999996
1 0.19696875 0.5062031250000001 0.19696875 0.46475 0.158296875 0.46475 0.158296875 0.5062031250000001 0.19696875 0.5062031250000001
1 0.1502265625 0.49284375 0.1502265625 0.46446875 0.1190703125 0.46446875 0.1190703125 0.49284375 0.1502265625 0.49284375
0 0.21616015625 0.634171875 0.21616015625 0.600234375 0.17999609375 0.600234375 0.17999609375 0.634171875 0.21616015625 0.634171875
4 0.1989109375 0.46057499999999996 0.1994671875 0.49062031250000004 0.2114296875 0.4908984375 0.2086484375 0.46057499999999996 0.1989109375 0.46057499999999996
4 0.21894140625 0.72541953125 0.18945234375 0.7165171875 0.1861140625 0.72820078125 0.21448984375000002 0.737103125 0.21894140625 0.72541953125
4 0.43983046875 0.9090296875 0.4134015625 0.8976234375000001 0.41006328124999997 0.9090296875 0.43593515624999996 0.9184882812499999 0.43983046875 0.9090296875