1 0.8844109375 0.013398437499999999 0.890925 0.0570515625 0.94845081953125 0.047844160156249996 0.94837109375 0.04740625 0.94907663203125 0.0476414296875 0.9491757812499999 0.0472453125 0.9491757812499999 0.04767447890625 0.94933671875 0.047728124999999996 0.9496585937500001 0.047728124999999996 0.94499140625 0.02136484375 0.9329234375000001 0.02248984375 0.9303484375 0.0044859375 0.8844109375 0.013398437499999999
3 0.9283398437500001 0.07673359375 0.91273125 0.07882343750000001 0.9135359375000001 0.08477109375 0.92828046875 0.08353828125 0.9283398437500001 0.07673359375
1 0.20288515624999998 0.0114453125 0.20076312187499998 0.00084729375 0.20052109375 0.0010890625 0.16341796875 0.00054375 0.1657828125 0.01689609375 0.20288515624999998 0.0114453125
1 0.35631548515625 0.42561488046875 0.36628515625 0.38755546875 0.31808828125 0.3742921875 0.30717578125 0.40990390625 0.35631548515625 0.42561488046875
1 0.87270234375 0.47334609375000003 0.8779765625 0.5258546875000001 0.9125328125 0.5229476562500001 0.9078039062500001 0.4706203125 0.87270234375 0.47334609375000003
3 0.908021875 0.528125 0.908278125 0.5338695312499999 0.92335625 0.53080625 0.92235859375 0.52643984375 0.908021875 0.528125
1 0.8624984375 0.67869765625 0.86476640625 0.6344289062499999 0.8295242187499999 0.63181484375 0.8241164062499999 0.6785234375 0.8445281250000001 0.68183515625 0.8618 0.678871875 0.8624984375 0.67869765625
1 0.99976875 0.8397648437499999 0.9712414062500001 0.8397648437499999 0.9708054687500001 0.8771835937500001 0.9928000000000001 0.87696640625 0.99367109375 0.8802296875 1 0.8805125 0.99976875 0.8397648437499999
3 1 0.8128234375 0.98980625 0.8128234375 0.9895234374999999 0.8179109375 1 0.8179109375 1 0.81734609375 1 0.8128234375
1 0.40785 0.92774765625 0.37157421875 0.93401328125 0.38038906250000004 0.9851531250000001 0.41396875 0.9801359375 0.40785 0.92774765625
1 0.32026953125 0.9572125 0.32315078124999996 0.93756953125 0.2772140625 0.9252078125000001 0.2682296875 0.96093828125 0.31715781249999997 0.97352890625 0.32026953125 0.9572125
1 0.1418875 0.9345210937499999 0.10646015625000001 0.9367226562500001 0.110528125 0.9873546875000001 0.14527812499999998 0.9848148437500001 0.1418875 0.9345210937499999