1 0.7559265625 0.83976328125 0.75468828125 0.83976328125 0.7529539062499999 0.8862867187499999 0.8193421875 0.8885140625 0.820828125 0.8506515625000001 0.7871390625 0.8481765625 0.787634375 0.8414953125 0.75790251796875 0.8396243812499999 0.75716484375 0.8377828125000001 0.75666953125 0.8377828125000001 0.7562523828125001 0.8392421742187499 0.7559265625 0.83976328125
0 0.82437890625 0.88826640625 0.82190234375 0.9246437500000001 0.8694640625 0.92612890625 0.87020703125 0.890740625 0.82437890625 0.88826640625
3 0.11863593750000001 0.7357812499999999 0.1226 0.7298421875 0.1121953125 0.72167578125 0.107984375 0.7266250000000001 0.11863593750000001 0.7357812499999999
1 0.14167421875 0.6605515625 0.10976798671875002 0.695645303125 0.10996640625000001 0.6974242187499999 0.13523359375 0.7253875 0.16991328125 0.68381328125 0.14167421875 0.6605515625
0 0.9121796874999999 0.50446171875 0.9498328125000001 0.46165 0.92580390625 0.436903125 0.8883445312499999 0.4781578125 0.9121796874999999 0.50446171875
3 0.66685625 0.52153671875 0.6673515625 0.51559765625 0.65422265625 0.5146078125 0.65440703125 0.52048984375 0.66685625 0.52153671875
1 0.681471875 0.5094109375 0.69237109375 0.4636296875 0.6619015625 0.4604125 0.65217890625 0.4996953125 0.681471875 0.5094109375
1 0.13421015625 0.40406250000000005 0.19415703125 0.40158750000000004 0.18846015625 0.35605390625 0.128975 0.36341718749999996 0.13421015625 0.40406250000000005
4 0.33139296875 0.25236562500000004 0.3494765625 0.32413046875 0.36582578125 0.32066640625 0.34843125 0.24830468749999998 0.33139296875 0.25236562500000004
1 0.4727578125 0.23603281250000002 0.45516953125 0.24172421875 0.45962890625 0.28404140624999996 0.49876796875 0.2746375 0.49324921875000005 0.2356796875 0.48266640625 0.23628046875000003 0.4727578125 0.23603281250000002
1 0.8606835937499999 0.36125078125 0.86291328125 0.36842734374999997 0.8980890625000001 0.37139687499999996 0.906759375 0.3157171875 0.8861984375 0.30903515625 0.8671242187500001 0.3107671875 0.8606835937499999 0.36125078125
3 0.8686109375 0.30334374999999997 0.8822351562499999 0.30383828125 0.8822351562499999 0.296909375 0.8694062499999999 0.2973203125 0.8686109375 0.30334374999999997
3 0.7121421875 0.08017734374999999 0.7287390625 0.080425 0.7284914062500001 0.07176328125 0.712334375 0.07192343749999999 0.7121421875 0.08017734374999999
1 0.7453359374999999 0.13932187499999998 0.74682265625 0.08413671874999999 0.72626171875 0.08017734374999999 0.70594921875 0.08339453125 0.70824921875 0.13950546875 0.7453359374999999 0.13932187499999998
1 0.40621015624999995 0.0784453125 0.39952187499999997 0.025487500000000003 0.3806953125 0.02425 0.36286015625 0.0314265625 0.36930078125 0.0829 0.40621015624999995 0.0784453125