1 0.24704609375 0.8862867187499999 0.24531171875000002 0.83976328125 0.2440734375 0.83976328125 0.24374761718750002 0.8392421742187499 0.24333046875000003 0.8377828125000001 0.24283515625000002 0.8377828125000001 0.24209748203124998 0.8396243812499999 0.21236562499999997 0.8414953125 0.21286093749999999 0.8481765625 0.179171875 0.8506515625000001 0.1806578125 0.8885140625 0.24704609375 0.8862867187499999
0 0.12979296875 0.890740625 0.1305359375 0.92612890625 0.17809765625 0.9246437500000001 0.17562109374999998 0.88826640625 0.12979296875 0.890740625
3 0.892015625 0.7266250000000001 0.8878046875000001 0.72167578125 0.8774 0.7298421875 0.8813640625 0.7357812499999999 0.892015625 0.7266250000000001
1 0.8583257812499999 0.6605515625 0.83008671875 0.68381328125 0.86476640625 0.7253875 0.8900335937499999 0.6974242187499999 0.89023201328125 0.695645303125 0.8583257812499999 0.6605515625
0 0.11165546875000001 0.4781578125 0.07419609375 0.436903125 0.0501671875 0.46165 0.0878203125 0.50446171875 0.11165546875000001 0.4781578125
3 0.34559296875 0.52048984375 0.34577734375 0.5146078125 0.3326484375 0.51559765625 0.33314374999999996 0.52153671875 0.34559296875 0.52048984375
1 0.34782109375000003 0.4996953125 0.3380984375 0.4604125 0.30762890625 0.4636296875 0.318528125 0.5094109375 0.34782109375000003 0.4996953125
1 0.871025 0.36341718749999996 0.81153984375 0.35605390625 0.80584296875 0.40158750000000004 0.86578984375 0.40406250000000005 0.871025 0.36341718749999996
4 0.65156875 0.24830468749999998 0.63417421875 0.32066640625 0.6505234375 0.32413046875 0.66860703125 0.25236562500000004 0.65156875 0.24830468749999998
1 0.5448304687500001 0.24172421875 0.5272421875 0.23603281250000002 0.51733359375 0.23628046875000003 0.50675078125 0.2356796875 0.50123203125 0.2746375 0.5403710937499999 0.28404140624999996 0.5448304687500001 0.24172421875
1 0.13708671875 0.36842734374999997 0.13931640625 0.36125078125 0.13287578125 0.3107671875 0.1138015625 0.30903515625 0.093240625 0.3157171875 0.10191093749999999 0.37139687499999996 0.13708671875 0.36842734374999997
3 0.13059375 0.2973203125 0.11776484375 0.296909375 0.11776484375 0.30383828125 0.1313890625 0.30334374999999997 0.13059375 0.2973203125
3 0.287665625 0.07192343749999999 0.27150859375 0.07176328125 0.2712609375 0.080425 0.28785781250000003 0.08017734374999999 0.287665625 0.07192343749999999
1 0.2546640625 0.13932187499999998 0.29175078125 0.13950546875 0.29405078125 0.08339453125 0.27373828125 0.08017734374999999 0.25317734375 0.08413671874999999 0.2546640625 0.13932187499999998
1 0.59378984375 0.0784453125 0.63069921875 0.0829 0.63713984375 0.0314265625 0.6193046875 0.02425 0.600478125 0.025487500000000003 0.59378984375 0.0784453125