1 0.0573890625 0.6045078125 0.0666546875 0.608371875 0.11675625 0.6248875 0.12713515625 0.6055382812500001 0.1286796875 0.58827734375 0.06794140625 0.5723039062499999 0.0573890625 0.6045078125
3 0.31718515625 0.7059859375 0.3054890625 0.69639453125 0.3018859375 0.69974375 0.31295234375000003 0.70953359375 0.31718515625 0.7059859375
3 0.28744843750000004 0.74576328125 0.27640703125 0.73684140625 0.27177421874999996 0.74122109375 0.28309843749999997 0.75204140625 0.28744843750000004 0.74576328125
3 0.22802265625 0.8134429687500001 0.21592578125 0.80494140625 0.21155078125000001 0.8098359374999999 0.22364687499999997 0.8188531250000001 0.22802265625 0.8134429687500001
1 0.2406328125 0.8075171875 0.276921875 0.75470390625 0.2506703125 0.73151796875 0.20949218749999998 0.7858765625 0.2406328125 0.8075171875
1 0.29384609375 0.67133671875 0.32259140625 0.69169765625 0.35921640625 0.63990625 0.34712031250000003 0.6285703125000001 0.33090703125 0.62161484375 0.29384609375 0.67133671875
1 0.4019390625 0.1521328125 0.3671953125 0.16656015625 0.37594531249999996 0.18562421875 0.37980625 0.18459375 0.392490625 0.20974140624999998 0.4289625 0.19515703125 0.41789609375000003 0.16449921875 0.40734375 0.1673328125 0.4019390625 0.1521328125
1 0.54421015625 0.2141796875 0.60494765625 0.20928437500000002 0.601859375 0.17656640625 0.54112109375 0.179915625 0.5400921875 0.19743359375 0.54421015625 0.2141796875
0 0.5133656249999999 0.20703749999999999 0.51358359375 0.1747625 0.48347187500000005 0.172959375 0.48064062500000004 0.20902734375 0.5133656249999999 0.20703749999999999
1 0.5318562499999999 0.60079140625 0.58641796875 0.58945546875 0.5784390625 0.5587984374999999 0.523878125 0.5685875 0.5259367187499999 0.58610625 0.5318562499999999 0.60079140625
1 0.8051234375 0.5692453125 0.88207578125 0.56228984375 0.8776999999999999 0.52957109375 0.8004906249999999 0.53214765625 0.80023359375 0.55069609375 0.8051234375 0.5692453125
3 0.78865234375 0.56538125 0.7968875 0.564865625 0.7968875 0.54734765625 0.79045390625 0.54734765625 0.7899390625 0.5646085937499999 0.788618159375 0.56536413203125 0.78865234375 0.56538125
1 0.8244257812500001 0.10191093749999999 0.82854375 0.11736875 0.88526015625 0.11319531249999999 0.8836195312499999 0.08155859374999999 0.8769281250000001 0.07898203125 0.8241687499999999 0.0820734375 0.8244257812500001 0.10191093749999999
3 0.81381640625 0.10045156250000001 0.8185062500000001 0.10036484375000002 0.8203078125 0.08774140625 0.8136164062500001 0.08722656250000001 0.81381640625 0.10045156250000001