1 0.9317781249999999 0.10419843749999999 0.9323578124999999 0.06337890625 0.8784562499999999 0.05585234375 0.8735296874999999 0.10014609375000001 0.9311984375 0.103909375 0.9317781249999999 0.10419843749999999
1 0.93101796875 0.4895796875 0.9131679687500001 0.48729374999999997 0.89371640625 0.48706562499999995 0.8907414062499999 0.5462765625 0.9296453124999999 0.5497062500000001 0.93101796875 0.4895796875
1 0.1365265625 0.4712203125 0.13250390625 0.41653671875000003 0.09962578125 0.41671171874999996 0.09997500000000001 0.447634375 0.096303125 0.44850859375 0.09752734375 0.4750640625 0.1363515625 0.47156953125 0.1365265625 0.4712203125
3 0.15086640625 0.43802578125 0.15104140625 0.43750156249999994 0.1506921875 0.436453125 0.14754375 0.42562187500000004 0.14019921875000002 0.42806718750000006 0.14492109375 0.43924843750000003 0.15086640625 0.4376765625 0.15086640625 0.43802578125
1 0.9989125 0.74880859375 0.9990867187499999 0.74968203125 0.99961171875 0.7100234375000001 0.98334765625 0.70775234375 0.9810742187500001 0.748284375 0.9989125 0.7493328125 0.9989125 0.74880859375
1 0.4213984375 0.5899992187499999 0.3890453125 0.62633828125 0.41457812499999996 0.65149609375 0.4459917 0.618545909375 0.4213984375 0.5899992187499999
1 0 0.60344296875 0.00759453125 0.60274453125 0.00899375 0.582478125 0.0008468750000000001 0.5810187499999999 0 0.60344296875
1 0.2850875 0.78981953125 0.25832968749999996 0.76745703125 0.22422734375000003 0.8051937499999999 0.2522515625 0.8295398437499999 0.2850875 0.78981953125
1 0.70836796875 0.75313125 0.6613234375 0.77409609375 0.67741328125 0.8065914062499999 0.7251562500000001 0.78510234375 0.70836796875 0.75313125
4 0.6739140625 0.818915625 0.66027265625 0.8257296875 0.700321875 0.89019609375 0.7146617187500001 0.88128671875 0.6739140625 0.818915625
1 0.5328953125 0.8617609375 0.50054140625 0.8944304687500001 0.5276484375 0.9213359375 0.5594781249999999 0.88517109375 0.5328953125 0.8617609375
1 0.1015703125 0.99174296875 0.10174975703125 0.9921018578125 0.1019203125 0.9922671875000001 0.101832421875 0.9922671875000001 0.10201421171875 0.99263076640625 0.10232904296875 0.99226915390625 0.1019203125 0.99139375 0.10268958515625 0.9918550390625 0.1342734375 0.9555781250000001 0.10751640625 0.933390625 0.07831015625 0.9693804687500001 0.10127976015625 0.9916462625 0.1015703125 0.99174296875