1 0.85431640625 0.9029609375 0.85431640625 0.8448515625 0.81427734375 0.8448515625 0.81427734375 0.9029609375 0.85431640625 0.9029609375
3 0.26533984374999997 0.69203359375 0.2647 0.6796249999999999 0.25806796875 0.6792046875 0.25791328125 0.69388828125 0.26533984374999997 0.69203359375
1 0.325234375 0.669884375 0.272921875 0.67549453125 0.27570625 0.7170734375000001 0.33047890625 0.71382734375 0.325234375 0.669884375
1 0.0859234375 0.60882734375 0.119653125 0.59723515625 0.10046796875 0.54128203125 0.09582578124999999 0.54298203125 0.08205546875 0.50944140625 0.0447671875 0.5224249999999999 0.066428125 0.588425 0.0774140625 0.5839421875 0.0859234375 0.60882734375
3 0.05668125 0.4998578125 0.044921875 0.50294921875 0.04662421875 0.50975 0.059620312499999994 0.506040625 0.05668125 0.4998578125
1 0.1832109375 0.3089671875 0.19389921875 0.20759921874999998 0.17407187500000001 0.2031046875 0.15209453125 0.20288671875 0.1425203125 0.30570624999999996 0.1832109375 0.3089671875
1 0.207746875 0.0614421875 0.20274140625 0.12078671875 0.27446640625 0.12605390625 0.2775953125 0.0879625 0.26214609375000003 0.08557109375000001 0.26323359375 0.06774609375 0.207746875 0.0614421875
1 1 0.05730390625 0.999875 0.05773828125 0.9998914062500001 0.05788203125 0.9750687499999999 0.054042968749999996 0.9672351562499999 0.1083875 0.99856953125 0.1105609375 1 0.05730390625
1 0.62641484375 0.31034609375 0.62613984375 0.25713515625 0.5887125 0.25713515625 0.58893046875 0.31300078125 0.62641484375 0.31034609375
1 0.51029453125 0.41570234375000004 0.5014375 0.37857578125 0.4616171875 0.3887921875 0.46901562500000005 0.42357265625 0.51029453125 0.41570234375000004
1 0.555671875 0.62233515625 0.5951015625 0.61728203125 0.58939921875 0.571034375 0.570903125 0.5708171875 0.54979609375 0.57538203125 0.555671875 0.62233515625