1 0.31110625000000003 0.03611640625 0.33689843750000004 0.0508046875 0.30740546874999997 0.10007734374999999 0.28279375 0.08480703125
3 0.284171875 0.04306328125 0.288728125 0.046323437499999995 0.2803890625 0.05643515624999999 0.2772171875 0.053378125
3 0.12894609375 0.23453046875 0.14103671874999998 0.23934921875 0.13812578125 0.24596093749999998 0.12693125 0.24125468749999998
1 0.15275546874999998 0.17728125 0.18676874999999998 0.19431953125 0.16527421874999998 0.2417234375 0.13056953124999998 0.2248015625 0.1524 0.177734375
1 0.12258046874999999 0.27302890625 0.16052109375 0.28649140625 0.15586640624999998 0.30539296875 0.1474890625 0.3288203125 0.10666562500000001 0.31857109375000003 0.11570781249999999 0.29128359375
1 0.14102187500000002 0.9469609374999999 0.17629062499999998 0.97036328125 0.15889921875 0.9994632812500001 0.126275 0.97353984375
1 0.303946875 0.838459375 0.33466953125 0.8578906249999999 0.30929687499999997 0.9005796875 0.27031953125 0.8765578125 0.28392343750000004 0.8540656249999999 0.29110703125000004 0.8588085937500001
1 0.4488984375 0.62476328125 0.47797265624999996 0.64375 0.45067890625 0.6864546875 0.42292578125 0.6646429687500001 0.44746718750000003 0.62698984375
1 0.630528125 0.41199765624999996 0.6563015625 0.4279671875 0.6757421875 0.39844140625 0.6504359375 0.38502109375
1 0.7824289062500001 0.10147500000000001 0.78378125 0.11389296874999999 0.76852890625 0.11454921874999999 0.770496875 0.14804140625 0.82002734375 0.14672812500000001 0.8193710937500001 0.13540000000000002 0.82101171875 0.13523515625 0.8229796875 0.1239078125 0.8188796875 0.099609375
0 0.7186703125 0.10420624999999999 0.7188343749999999 0.14656328125 0.6852125 0.14590703124999999 0.68455703125 0.10699765624999999