1 0.08480703125 0.71720625 0.10007734374999999 0.6925945312499999 0.0508046875 0.6631015625 0.03611640625 0.68889375 0.08480703125 0.71720625
3 0.053378125 0.7227828125 0.05643515624999999 0.7196109374999999 0.046323437499999995 0.711271875 0.04306328125 0.715828125 0.053378125 0.7227828125
3 0.24125468749999998 0.8730687500000001 0.24596093749999998 0.86187421875 0.23934921875 0.85896328125 0.23453046875 0.87105390625 0.24125468749999998 0.8730687500000001
1 0.177734375 0.8476000000000001 0.2248015625 0.8694304687500001 0.2417234375 0.8347257812500001 0.19431953125 0.81323125 0.17728125 0.84724453125 0.177734375 0.8476000000000001
1 0.29128359375 0.8842921875 0.31857109375000003 0.893334375 0.3288203125 0.8525109375 0.30539296875 0.84413359375 0.28649140625 0.8394789062499999 0.27302890625 0.8774195312499999 0.29128359375 0.8842921875
1 0.97353984375 0.873725 0.9994632812500001 0.84110078125 0.97036328125 0.823709375 0.9469609374999999 0.8589781249999999 0.97353984375 0.873725
1 0.8588085937500001 0.7088929687500001 0.8540656249999999 0.7160765625 0.8765578125 0.72968046875 0.9005796875 0.690703125 0.8578906249999999 0.66533046875 0.838459375 0.6960531249999999 0.8588085937500001 0.7088929687500001
1 0.62698984375 0.5525328125 0.6646429687500001 0.57707421875 0.6864546875 0.5493210937499999 0.64375 0.52202734375 0.62476328125 0.5511015625 0.62698984375 0.5525328125
1 0.39844140625 0.3242578125 0.38502109375 0.3495640625 0.41199765624999996 0.369471875 0.4279671875 0.3436984375 0.39844140625 0.3242578125
1 0.11454921874999999 0.23147109375000002 0.14804140625 0.229503125 0.14672812500000001 0.17997265625 0.13540000000000002 0.18062890625 0.13523515625 0.17898828125 0.1239078125 0.1770203125 0.099609375 0.1811203125 0.10147500000000001 0.21757109375 0.11389296874999999 0.21621875 0.11454921874999999 0.23147109375000002
0 0.10699765624999999 0.31544296875 0.14590703124999999 0.3147875 0.14656328125 0.281165625 0.10420624999999999 0.2813296875 0.10699765624999999 0.31544296875