3 0.519365625 0.51802890625 0.5404234375 0.51738515625 0.5407453125 0.5095 0.5196867187499999 0.5093398437500001 0.519365625 0.51802890625
1 0.5536046875 0.50156171875 0.55344453125 0.50059609375 0.5561765624999999 0.40474609375000004 0.47660625 0.40265390625 0.47548046875 0.4989875 0.5536046875 0.50156171875
4 0.513578125 0.39954296875 0.51454296875 0.35159140624999996 0.50248671875 0.35143046875 0.5002359375000001 0.40018671875 0.513578125 0.39954296875
3 0.7316265625 0.23879687500000002 0.73805703125 0.23831406249999998 0.73693125 0.21514296875 0.72969765625 0.21610859375000002 0.7316265625 0.23879687500000002
1 0.5971484375 0.1988875 0.59731328125 0.27219296875 0.72060390625 0.27403359374999997 0.72494375 0.235253125 0.7207640625 0.20017421875000002 0.5971484375 0.1988875
4 0.54569453125 0.2885953125 0.59051953125 0.2867078125 0.5893937499999999 0.27673125 0.5448664062499999 0.2772140625 0.54569453125 0.2885953125
4 0.45144453125000006 0.13233984375000002 0.4884984375 0.10285234375 0.48159062500000005 0.09293046875 0.44449609375000004 0.1237484375 0.45144453125000006 0.13233984375000002
3 0.6219765625 0.11128203125 0.60152578125 0.11115781250000001 0.5999 0.11910000000000001 0.620925 0.11955078125 0.6219765625 0.11128203125
3 0.5955453125 0.1201515625 0.5996 0.120603125 0.60050078125 0.1129359375 0.5799265625000001 0.11113203125 0.57932578125 0.11939999999999999 0.5955453125 0.1201515625
1 0.602465625 0.02398984375 0.602615625 0.00078125 0.5836812499999999 0.00078125 0.5848828125 0.09584843750000001 0.7601765625 0.0956984375 0.7612281249999999 0.02383984375 0.602465625 0.02398984375
0 0.39393828124999997 0.09581171875 0.3948828125 0.09583359375 0.422321875 0.06950390625 0.38838203125000004 0.03342421875 0.3599984375 0.0586796875 0.39393828124999997 0.09581171875
0 0.3157453125 0.1434328125 0.3337671875 0.12659609375 0.316946875 0.10404687500000001 0.295921875 0.12073359374999999 0.3157453125 0.1434328125
2 0.1136546875 0.10708359375000001 0.11459453125 0.00087890625 0 0.00078125 0.0005484375 0.11941640625000001 0.02691953125 0.11899453125 0.0258234375 0.10818046875000001 0.10801875000000001 0.1077109375 0.1136546875 0.10708359375000001