3 0.20371171875 0.189571875 0.19244765625 0.20018125000000003 0.197596875 0.205646875 0.2085390625 0.1950375 0.20371171875 0.189571875
1 0.21665390625 0.19841328125 0.19782734375 0.21545234375 0.19267812499999998 0.21175546875 0.16821875 0.2361890625 0.19180390625 0.26030156249999997 0.2075734375 0.24647734375 0.22495234375 0.2627125 0.22752656249999997 0.2615875 0.23621640625 0.269946875 0.26196171874999996 0.24663828125 0.21665390625 0.19841328125
1 0.02005859375 0.56930625 0.00006796875 0.56494921875 0.00024921875 0.60361875 0.015151562499999998 0.60325625 0.02005859375 0.56930625
1 0.4068703125 0.39316796875 0.40559765625 0.44944765625 0.423953125 0.45180781249999996 0.44067265625 0.44872187500000005 0.44121796875 0.3986140625 0.43899999999999995 0.3942796875 0.4068703125 0.39316796875
1 0.56969140625 0.6941421875 0.57489375 0.70453515625 0.55485 0.71584609375 0.56938515625 0.73632734375 0.61696953125 0.71064921875 0.5952429687499999 0.67610625 0.56969140625 0.6941421875
3 0.5898875 0.73204765625 0.57718828125 0.739384375 0.57963671875 0.74427578125 0.593284375 0.737440625 0.5898875 0.73204765625
1 0.71550546875 0.8726484375 0.69984765625 0.87906796875 0.69617578125 0.8715781249999999 0.6594554687499999 0.88671015625 0.67394921875 0.9272148437500001 0.72791328125 0.9030320312500001 0.71550546875 0.8726484375
1 0.4443453125 0.9844046875 0.44485546875 0.9844046875 0.443171875 0.956128125 0.39604765625 0.95673984375 0.39375234375 0.9726359375 0.3988015625 0.9844046875 0.44443515624999996 0.98468046875 0.4443453125 0.9844046875
1 0.26625 0.9327421875 0.27879609375 0.9891429687500001 0.29409687500000004 0.98715625 0.31215078125 0.978596875 0.29654453125 0.9243359375000001 0.26625 0.9327421875
1 0.09980859375 0.7771765625 0.14142578125 0.829603125 0.17325 0.8114140624999999 0.12964453125 0.7485937500000001 0.12949140625 0.74935859375 0.12918515625 0.7490523437500001 0.1007265625 0.7670882812500001 0.09980859375 0.7771765625
3 0.05319375 0.7984218750000001 0.05839609375 0.8028546875 0.07017734375 0.79353125 0.06834140625 0.78787578125 0.06715234375 0.78789765625 0.0628328125 0.790015625 0.05319375 0.7984218750000001