3 0.2085390625 0.8049625 0.197596875 0.794353125 0.19244765625 0.79981875 0.20371171875 0.8104281249999999 0.2085390625 0.8049625
1 0.2075734375 0.75352265625 0.19180390625 0.7396984375 0.16821875 0.7638109375 0.19267812499999998 0.7882445312499999 0.19782734375 0.78454765625 0.21665390625 0.80158671875 0.26196171874999996 0.75336171875 0.23621640625 0.730053125 0.22752656249999997 0.7384125 0.22495234375 0.7372875 0.2075734375 0.75352265625
1 0.015151562499999998 0.39674375 0.00024921875 0.39638125 0.00006796875 0.43505078125 0.02005859375 0.43069375 0.015151562499999998 0.39674375
1 0.40559765625 0.55055234375 0.4068703125 0.60683203125 0.43899999999999995 0.6057203125 0.44121796875 0.6013859375 0.44067265625 0.551278125 0.423953125 0.5481921875 0.40559765625 0.55055234375
1 0.57489375 0.29546484375 0.56969140625 0.3058578125 0.5952429687499999 0.32389375 0.61696953125 0.28935078125 0.56938515625 0.26367265624999997 0.55485 0.28415390625 0.57489375 0.29546484375
3 0.593284375 0.26255937500000004 0.57963671875 0.25572421875 0.57718828125 0.260615625 0.5898875 0.26795234375 0.593284375 0.26255937500000004
1 0.69984765625 0.12093203125 0.71550546875 0.1273515625 0.72791328125 0.09696796875 0.67394921875 0.07278515625000001 0.6594554687499999 0.11328984375 0.69617578125 0.128421875 0.69984765625 0.12093203125
1 0.443171875 0.043871875 0.44485546875 0.0155953125 0.4443453125 0.0155953125 0.44443515624999996 0.01531953125 0.3988015625 0.0155953125 0.39375234375 0.0273640625 0.39604765625 0.04326015625 0.443171875 0.043871875
1 0.26625 0.0672578125 0.29654453125 0.07566406249999999 0.31215078125 0.021403125000000002 0.29409687500000004 0.012843750000000001 0.27879609375 0.01085703125 0.26625 0.0672578125
1 0.17325 0.1885859375 0.14142578125 0.170396875 0.09980859375 0.2228234375 0.1007265625 0.23291171875 0.12918515625 0.25094765625000004 0.12949140625 0.25064140625000003 0.12964453125 0.25140625 0.17325 0.1885859375
3 0.05839609375 0.1971453125 0.05319375 0.201578125 0.0628328125 0.20998437499999997 0.06715234375 0.21210234374999998 0.06834140625 0.21212421875 0.07017734375 0.20646874999999998 0.05839609375 0.1971453125