0 0.1304046875 0.6472890625 0.13065234375 0.69906171875 0.0885828125 0.699309375 0.08907734375000001 0.6472890625
1 0.27008046874999997 0.43049453125000003 0.23648125000000003 0.4765125 0.2055484375 0.45421796875 0.208765625 0.44975859375000005 0.19787656250000002 0.44232734375 0.21247734375 0.42251015625 0.22262343750000002 0.42994140625000005 0.23573906249999999 0.41061953124999995
1 0.38017578125 0.33148984375 0.38721640625 0.3154359375 0.3870203125 0.29703359375 0.33421484375 0.2888109375 0.3230671875 0.3326640625 0.36081328125 0.34284453125000003 0.36335625 0.32874921874999996 0.381153125 0.3310984375 0.38037109375 0.33168515625
0 0.36751875 0.25365390625 0.40344921874999995 0.25918359375 0.40031953124999997 0.28248046875 0.3658984375 0.27856484375
1 0.1395390625 0.08687421875 0.1221625 0.13377578125 0.08751484375 0.12228984375 0.10303906249999999 0.07814765625
1 0.76586484375 0.0230890625 0.8268359375 0.019035156249999997 0.8315601562499999 0.04020546875 0.8284109374999999 0.060024218750000004 0.764515625 0.06340234375
0 0.70781953125 0.030296093750000003 0.755290625 0.02736796875 0.7600156250000001 0.0492140625 0.7575406250000001 0.07105937500000001 0.70894453125 0.07173515625
3 0.8353999999999999 0.04629453125 0.8353710937500001 0.06094375 0.828615625 0.061078906249999995 0.82983125 0.04647109375
1 0.963671875 0.17101249999999998 0.9603984375 0.23362890625000002 0.9211210937500001 0.23308281250000001 0.9242125 0.1681
3 0.9051500000000001 0.20664218750000002 0.909665625 0.20523281249999997 0.911665625 0.2110578125 0.9113023437500001 0.21797499999999997 0.9043921875 0.21797499999999997
1 0.9917976562499999 0.43603203125 0.9865375000000001 0.504675 0.94456953125 0.50283984375 0.9490515625 0.43533671875 0.9902046875 0.43615234375