1 0.91632109375 0.6687484375 0.9144796875000001 0.71188046875 0.9760851562499999 0.7146921875000001 0.978909375 0.67576953125 0.9392476562500001 0.6730945312500001 0.9399171875000001 0.6677453125 0.91632109375 0.6687484375
3 0.9607828125 0.72974375 0.9615046875000001 0.7239171875 0.94795 0.72308125 0.94778203125 0.7299359375 0.9607828125 0.72974375
3 0.7262671875 0.6883078125 0.73651640625 0.6946234375 0.7413289062499999 0.6896453124999999 0.7292796874999999 0.68262421875 0.7262671875 0.6883078125
1 0.72900078125 0.67326171875 0.7792054687500001 0.7006796875 0.79711171875 0.66925 0.7696671875 0.65453828125 0.77117265625 0.65102734375 0.7502546875 0.638990625 0.72900078125 0.67326171875
3 0.38081875 0.69869296875 0.37999609375 0.69129296875 0.3643578125 0.693759375 0.36412265625 0.69963203125 0.38081875 0.69869296875
3 0.35910078125 0.6862179687500001 0.35894921874999997 0.68036953125 0.34378203125 0.68119140625 0.344134375 0.68718203125 0.35910078125 0.6862179687500001
1 0.3330828125 0.6781375 0.3939875 0.6721468749999999 0.39057734375000003 0.62704296875 0.390225 0.6271609375 0.36765 0.62974453125 0.36753281250000003 0.6353828125 0.32885 0.6382015625 0.3330828125 0.6781375
1 0.81326640625 0.4182328125 0.797959375 0.38491015625 0.7456875000000001 0.4096109375 0.76325625 0.4449296875 0.81326640625 0.4182328125
3 0.78197265625 0.3766828125 0.77934296875 0.37292109375 0.77018515625 0.37700234374999997 0.77243984375 0.38206953125 0.78197265625 0.3766828125
3 0.9786078125 0.3661375 0.9785812500000001 0.35964843750000003 0.96420234375 0.359971875 0.96404140625 0.3665890625 0.9786078125 0.3661375
1 0.9498242187500001 0.42065625000000006 0.98730546875 0.41984921875000003 0.98829453125 0.37945703124999997 0.9257515625 0.38014609374999997 0.92429765625 0.42485234375 0.9498242187500001 0.42372265625 0.9498242187500001 0.42065625000000006