3 0.8047664062500001 0.4079890625 0.7969421875 0.40654921875000005 0.796190625 0.4229484375 0.80353125 0.423621875 0.8047664062500001 0.4079890625
1 0.85521171875 0.40387500000000004 0.8117671874999999 0.40140703125000005 0.81094296875 0.441928125 0.854525 0.44321640625000003 0.85521171875 0.40387500000000004
1 0.5777359375 0.44375234375000006 0.60120859375 0.41084140625 0.56826484375 0.3898609375 0.54417421875 0.4198921875 0.5777359375 0.44375234375000006
3 0.6104742187500001 0.42194921875 0.60594453125 0.42133203124999996 0.60120859375 0.43161640625000003 0.60491484375 0.43346796875000004 0.61069453125 0.42449140625000004 0.6104742187500001 0.42194921875
3 0.17815078125 0.3267140625 0.16682578125 0.32979921874999996 0.1682671875 0.33658671875 0.18105859375 0.33189765625 0.17815078125 0.3267140625
3 0.11205625 0.4176296875 0.09805546875 0.41721796875 0.09723203124999999 0.42544609375000003 0.1122625 0.42338906249999997 0.11205625 0.4176296875
1 0.140059375 0.36415000000000003 0.11617421875 0.3664125 0.11658671875 0.3725828125 0.08590703125 0.37813671875 0.0910546875 0.41145859375000005 0.1483421875 0.40473828125000005 0.140059375 0.36415000000000003
3 0.33790489140625 0.1379362 0.328665625 0.1263984375 0.3229 0.12825 0.3331953125 0.14120859375 0.33790489140625 0.1379362
1 0.30128046875000003 0.1482015625 0.31610546875 0.1321578125 0.2796609375 0.09821875 0.25351171875 0.12825 0.26998359375000003 0.14614453125 0.267925 0.1482015625 0.27924921875000003 0.159309375 0.27574921875 0.16712578125 0.2928390625 0.18666640625 0.31548828125 0.16301171875 0.30128046875000003 0.1482015625
1 0.50416171875 0.13524296875 0.46771796875 0.15313828125 0.48322343749999996 0.19146328125 0.52207578125 0.17206171875 0.50416171875 0.13524296875
1 0.97575234375 0.1743640625 1 0.1960546875 0.9992374999999999 0.14204921875 0.97575234375 0.1743640625
3 0.9715546875 0.15300234375 0.9635640625 0.16316250000000002 0.96896015625 0.1676203125 0.976225 0.15683828125 0.9715546875 0.15300234375