1 0.037882031249999996 0.00007734375 0.017603906250000002 0.0410203125 0.0531546875 0.0603609375 0.0588734375 0.0476734375 0.05701874999999999 0.045816406250000004 0.07973984375 0.0001734375 0.03769765625 0
3 0.08612421875000001 0.0204875 0.09349609375 0.02492890625 0.08545859375 0.03792578125 0.079121875 0.0343671875
1 0.28326015625 0.00073828125 0.2598203125 0.02573125 0.24757265624999997 0.015539843749999999 0.24993359375000002 0.0125859375 0.241228125 0.004609375000000001 0.24506484374999998 0.0004734375
1 0.368725 0.0009593749999999999 0.36862890625 0.03407265625 0.4074359375 0.03377734375 0.4074359375 0.00911015625 0.4236671875 0.00689453125 0.425290625 0.0001
1 0.47920937500000005 0.0062734374999999995 0.49151249999999996 0.00614609375 0.49151249999999996 0.0048171875 0.51571171875 0.00466953125 0.5163015625 0.005703125 0.5351890625 0.006293749999999999 0.53740234375 0.0271203125 0.536959375 0.06109296875 0.47867499999999996 0.059910937500000004
3 0.42075703124999997 0.06339765625 0.43556953125 0.06402187499999999 0.43483203125000003 0.07111171875 0.42007578125 0.07140703125
3 0.41965 0.07158984375 0.43483203125000003 0.07140703125 0.43527421874999994 0.07938359375000001 0.4194859375 0.07997421875
1 0.9999515625000001 0.35023125 1 0.41627187499999996 0.9692984375 0.398846875 0.99568046875 0.34820703124999997
0 0.09069843749999999 0.21463671875 0.13396171875000001 0.21256796875 0.1364296875 0.264646875 0.09142890625 0.26711796875
2 0.12317890625000001 0.3209109375 0.1229484375 0.357275 0.27353984374999996 0.35746484375 0.27543828124999997 0.47157109375 0.29860312499999997 0.47233125 0.29879296875 0.47784296875 0.3626171875 0.47784296875 0.3609078125 0.3980765625 0.412934375 0.39522578125 0.41274453125 0.37279765625 0.41863124999999995 0.37222734375 0.42090937500000003 0.35619765625 0.4197703125 0.31077109375 0.30052734375 0.31039062500000003 0.29995781250000003 0.31286171875 0.28970390625000003 0.31267187500000004 0.28457734375 0.18475390625000002 0.2454625 0.18418359374999999 0.24565234375 0.28637890625 0.27584296875000003 0.28656875 0.27736171875000004 0.3453 0.24489296875000002 0.3449203125 0.2426140625 0.3202109375
3 0.23998124999999998 0.37958203125 0.24639140624999997 0.37958203125 0.2462453125 0.40451953124999995 0.23881562500000003 0.4043734375
1 0.5382484375 0.25684765625 0.5725265625 0.24826953125 0.5769898437500001 0.2627453125 0.58198828125 0.26220937499999997 0.59359296875 0.31385703125000003 0.5561015625 0.32386484375
3 0.47357265625 0.30914687500000004 0.47765078125000004 0.30869843750000003 0.4796078125 0.31170234375 0.4739984375 0.3252828125 0.46943203125000005 0.32384609375 0.46760624999999995 0.31940625
3 0.48003203125000005 0.31169140624999997 0.47373750000000003 0.32436875 0.47791171875 0.32658828125 0.4852171875 0.31470546875
1 0.5203554687499999 0.3608234375 0.55124921875 0.3838109375 0.538334375 0.40026406249999996 0.5543796875 0.41423671874999995 0.53155078125 0.44361796875000004 0.48745859375 0.40875234374999997 0.51276640625 0.37558359375 0.50911328125 0.3733640625
1 0.5413828125 0.50597265625 0.5483328125 0.523640625 0.54990546875 0.54316875 0.491853125 0.5567124999999999 0.48760546875 0.5349796875 0.47344687499999993 0.53765703125 0.46526562499999996 0.50253828125 0.50679921875 0.4930890625 0.511046875 0.5121445312499999
3 0.5543953125 0.5756953125 0.55445390625 0.5816726562500001 0.5423648437499999 0.58323125 0.5411742187499999 0.58048125 0.5411742187499999 0.5766312499999999
3 0.54202734375 0.583390625 0.55591875 0.58222265625 0.5566515625 0.58653125 0.5560109375 0.59001484375 0.54273125 0.5912984375
1 0.652490625 0.571540625 0.64952109375 0.60615546875 0.642084375 0.6067390625 0.6397515625 0.60936640625 0.63348203125 0.60892890625 0.633190625 0.63359453125 0.59440625 0.63388671875 0.59571875 0.5740453125 0.60898671875 0.5746296875 0.60898671875 0.56995859375
3 0.78179453125 0.54813671875 0.78644140625 0.55161875 0.7760312500000001 0.5635078124999999 0.77192578125 0.5586640625
1 0.76243359375 0.5025929687499999 0.78761484375 0.529015625 0.73365625 0.5864046875 0.7066765625 0.56042578125
3 0.807 0.36165390625 0.8068328125 0.36776718750000004 0.792878125 0.36918984374999997 0.7923617187499999 0.36336953125
3 0.7883875 0.3492453125 0.80076015625 0.34642578125 0.8015351562499999 0.352634375 0.7904234375 0.35444453125000003
1 0.75523359375 0.4457984375 0.7917156249999999 0.43536875 0.7706546875 0.361946875 0.7315039062500001 0.3717765625
1 0.7914890625 0.26316171875 0.78627578125 0.29518984375 0.7937703125 0.29648359375 0.79234921875 0.30877109375 0.79441640625 0.30928828125 0.7924781249999999 0.32429140625 0.7502265625 0.3183421875 0.7538445312500001 0.2967421875 0.72386796875 0.29066328124999996 0.72981171875 0.25341328125