1 0.0522671875 0.0849484375 0.10436953125 0.0849859375 0.10436953125 0.0929140625 0.10001249999999999 0.0938796875 0.10101640625 0.10734765625 0.08605625 0.10825234375 0.08605625 0.1094578125 0.07661875 0.1103625 0.07671875 0.12302656249999999 0.053124218749999993 0.122725
1 0.01491875 0.18680234375 0.01453671875 0.20369921875000002 0.047121093749999995 0.20570624999999998 0.04699609375 0.18563359375
3 0 0.18718359375 0.0052499999999999995 0.18718359375 0.0052499999999999995 0.19855078125 0 0.19855078125
0 0.2898015625 0.179453125 0.29459296875 0.20008750000000003 0.2763671875 0.20544531250000003 0.26502421875 0.2062109375 0.25903359375 0.18554296875
0 0.2984953125 0.3307703125 0.26796796875 0.33041171875 0.26512734375 0.29710000000000003 0.29860859375 0.298521875
0 0.1399921875 0.66909375 0.14244765625 0.70526484375 0.18700234375 0.70105078125 0.1841953125 0.6668109375 0.139290625 0.66856640625
1 0.170909375 0.7104851562500001 0.22103203124999998 0.71053203125 0.22366250000000001 0.72545703125 0.22524140625000003 0.764578125 0.1775296875 0.76475390625 0.1775296875 0.74596640625 0.17103984375 0.74596640625
0 0.24506718749999998 0.7094171874999999 0.24631953125 0.72884375 0.27590078125 0.72826875 0.273746875 0.70871875
0 0.19766250000000002 0.88136640625 0.23195937500000002 0.8799640625 0.23124140624999998 0.8621390625 0.19720859375 0.8632890625
1 0.0007179687500000001 0.9565671874999999 0.03208359375 0.95545546875 0.03222734375 0.9724171875 0.0004921875 0.9748609374999999
1 0.0110609375 0.89451015625 0.04644375 0.8939609374999999 0.048597656249999996 0.935359375 0.00996953125 0.9372281250000001 0.00982578125 0.9227093749999999 0.019303124999999997 0.9221343750000001 0.019160156249999998 0.91624140625 0.01025703125 0.9163851562499999
0 0.37061484375 0.26022890625 0.40088203125 0.254646875 0.404184375 0.27705078125 0.3770328125 0.28256015625 0.37097890625 0.26033984375
1 0.225425 0.5977148437500001 0.2262171875 0.6362062500000001 0.24859843750000002 0.635471875 0.24749765625000003 0.62702421875 0.262540625 0.6229843749999999 0.25905546875 0.6103132812500001 0.24566328125 0.61123125 0.24401171875 0.59782578125