4 0.876090625 0.21178203125 0.9680781250000001 0.23958828125 0.9611492187499999 0.26163515625 0.86760703125 0.23215703125
3 0.8631851562499999 0.20288359374999998 0.8691984375 0.20625624999999997 0.8623531249999999 0.21956875 0.855703125 0.21721953125
1 0.90001328125 0.7318414062499999 0.9103382812499999 0.7659515625 0.855515625 0.78520234375 0.8475578125000001 0.7482492187500001
4 0.63763828125 0.81343984375 0.6121554687499999 0.9046203125 0.59093359375 0.89864609375 0.614365625 0.8070359375
3 0.6446046875 0.8495953125 0.64155546875 0.8656750000000001 0.63182890625 0.8639046875 0.6375765624999999 0.84642421875
1 0.53481171875 0.8097914062499999 0.547828125 0.85475859375 0.51400625 0.8649374999999999 0.498090625 0.82156640625
0 0.48638359375 0.0740796875 0.50066015625 0.1253328125 0.458659375 0.136396875 0.4456171875 0.08594531250000001
1 0.44657890624999996 0.11885937499999999 0.3881421875 0.13551171875 0.3835 0.11758828125000001 0.37996328125 0.10165546875 0.42527968749999995 0.08948515625 0.42771171875 0.09944296875 0.44075390625 0.0967875
1 0.16596093750000002 0.9235640625 0.14356640625 0.924053125 0.12168125 0.9282578125000001 0.12875546875 0.9946414062500001 0.171640625 0.9908796875
1 0.07905546875 0.289353125 0.08675468750000001 0.32534140625 0.00430078125 0.3412734375 0 0.3151625 0 0.30675390625
0 0.1317953125 0.261821875 0.14179765625000001 0.31538359374999997 0.09758671875 0.32401328125 0.08653359375 0.27112734375