1 0.96568359375 0.24934375000000003 0.9578085937499999 0.28175703125 0.9276687499999999 0.27735234375 0.9252484375 0.28175703125 0.90214921875 0.27735234375 0.9107289062499999 0.23859375
3 0.97129609375 0.23052734375 0.96748828125 0.23617109374999998 0.9564882812500001 0.23308828125 0.9604484375 0.22538046875
3 0.8688140625 0.679734375 0.86721484375 0.6724578125 0.8532953125 0.67484140625 0.853478125 0.68144140625
1 0.9045406249999999 0.6470296875 0.8935882812499999 0.6123234375 0.8364453125000001 0.62625703125 0.8357125 0.630840625 0.84468671875 0.66182421875
3 0.6822078125 0.7116140625 0.68123984375 0.7055453125 0.6665875 0.7082953125 0.6697015625 0.7147125
1 0.6816578125 0.654725 0.6839875 0.6967453124999999 0.62629453125 0.69821171875 0.624096875 0.68079453125 0.6251953125 0.66209453125 0.6545 0.66117734375 0.65504921875 0.65677734375
1 0.5783234375 0.37660234375 0.609078125 0.4040453125 0.59204453125 0.4225625 0.5885648437500001 0.41999531250000005 0.5691507812500001 0.4418125 0.5427765625000001 0.41907890625000005
3 0.5671359375 0.37269453124999996 0.558528125 0.38149453125 0.5526671875 0.37672812499999997 0.5634734375 0.36719453125
3 0.7495398437499999 0.27299296875 0.75266953125 0.28346953125 0.747175 0.28566953125 0.74277890625 0.2744859375
1 0.73882109375 0.29772734375 0.75120390625 0.33517109375 0.69699140625 0.35442109374999997 0.6856359375000001 0.31610390625
1 0.44943046875 0.12321328125 0.47264921875 0.1743875 0.43894921875000004 0.19088750000000002 0.41294140625000003 0.13991953125
3 0.47856171875 0.14355 0.48308906250000005 0.157153125 0.47612890625000004 0.15935390625 0.47173359374999996 0.14761953125
3 0.3480203125 0.66846640625 0.3391 0.6580812500000001 0.33378828125000004 0.6621140624999999 0.342396875 0.67293125
1 0.38292265625 0.6398843750000001 0.35979609375 0.620496875 0.3627265625 0.618296875 0.3440453125 0.60069609375 0.31510703125 0.6289304687499999 0.3599796875 0.66871484375
1 0.30294921874999997 0.4068328125 0.3130921875 0.435996875 0.317121875 0.434896875 0.3248140625 0.45616406249999997 0.3052171875 0.46478046875 0.289465625 0.47229765625000003 0.26968515625 0.41839609375000003
3 0.26529765625 0.43211640625000003 0.2674875 0.44663046875 0.26290859375000003 0.44773046875 0.26016093749999997 0.43067968749999996
1 0.1369546875 0.05588125000000001 0.1380265625 0.08120078124999999 0.13582890625 0.0815671875 0.13784375 0.113834375 0.102678125 0.11621796874999998 0.09828281250000001 0.060483593749999995
1 0.197690625 0.22269999999999998 0.2273140625 0.245284375 0.22969453125 0.2432671875 0.24764375 0.25573437499999996 0.22401718750000002 0.29130234375 0.17548125 0.25701796875
3 0.178453125 0.27326796875000003 0.19013359375 0.28158515624999997 0.18793593749999998 0.28598515625 0.18390625 0.28598515625 0.1743828125 0.27901875