1 0.9997875 0.8696070312499999 0.97570390625 0.8702578125 0.9744023437499999 0.9467390625000001 1 0.948040625
0 0.8165578124999999 0.7778296874999999 0.803865625 0.82501953125 0.8588671874999999 0.8409671875000001 0.8731867187500001 0.7918234375
0 0.90931171875 0.7804328125 0.9278625 0.7104609375 0.9786328125000001 0.72315390625 0.9633367187499999 0.79540390625
1 0.22098203125000002 0.952596875 0.22098203125000002 0.98579296875 0.24669218750000002 0.98774609375 0.24831953125 1 0.27403046875000003 1 0.26979921875 0.9529226562499999
1 0.38273125 0.81916171875 0.4175546875 0.82013828125 0.41885625 0.76611328125 0.3964 0.76513671875 0.39574921875 0.77978203125 0.38273125 0.7801078125
0 0.27630859375 0.64569609375 0.32122109375 0.646346875 0.31959375 0.709484375 0.2759828125 0.709159375
0 0.1477546875 0.71208828125 0.1477546875 0.7530953125 0.23530156249999998 0.7511421875 0.23530156249999998 0.7114375
0 0.14222265625 0.5721437500000001 0.14222265625 0.6180328125 0.1093515625 0.61640546875 0.11097890625 0.5708421875
3 0.12731874999999998 0.558915625 0.1386359375 0.5594296875 0.1378640625 0.5635453125 0.126546875 0.5635453125
3 0.2822390625 0.6120234375 0.2822390625 0.616565625 0.2692171875 0.61596015625 0.26982343750000004 0.61262890625
3 0.5301210937499999 0.6945421875 0.5332328125 0.7033976562500001 0.5291640625 0.7055515625 0.5246164062500001 0.6957390625000001
1 0.039171875 0.7116765625 0.07358359375 0.71240859375 0.0728515625 0.801734375 0.039537499999999996 0.8028328124999999 0.039537499999999996 0.75414296875 0.04649296875 0.7552414062499999 0.0453953125 0.74791953125 0.038439062499999996 0.74645546875