1 0 0.05490859375 0.02196953125 0.054390625000000005 0.0232890625 0.0761921875 0.0006296875 0.07751328125
4 0.0331890625 0.10107734374999999 0.0353890625 0.13851484375 0.0243890625 0.13873437500000002 0.0243890625 0.13433046875000001 0.01954921875 0.13433046875000001 0.01866953125 0.117153125 0.023509375 0.11583203125 0.022189062500000002 0.10129765625
0 0.02453828125 0.49857734374999996 0.0477359375 0.49687734375000003 0.047296093750000004 0.4803609375 0.02485625 0.4799203125
1 0.4208265625 0.52385859375 0.45954609375000005 0.52055546875 0.45712578125 0.46197734375 0.41708671875 0.46461953125 0.42148671875000004 0.5227578125 0.42126640625 0.52363828125 0.42060624999999996 0.52363828125 0.4208265625 0.52429921875 0.42038671875 0.52363828125 0.42038671875 0.52473984375
0 0.52696640625 0.498246875 0.5268867187499999 0.46352109375 0.504446875 0.46484218750000006 0.5042265625 0.49655390625000007
1 0.35596953125 0.29985078125000003 0.38375781249999996 0.28228125 0.39057734375000003 0.2904296875 0.40707734375 0.2814 0.4218171875 0.30628515625 0.4009171875 0.31707578125 0.4075171875 0.33161015625 0.38177734375 0.34504375 0.37737734375 0.33579453125000003 0.37231796875 0.337115625 0.35845781250000003 0.31399296875 0.36021796875 0.31068984374999997 0.355378125 0.30033906250000003
1 0.48834375 0.3421046875 0.53285859375 0.342165625 0.5343984374999999 0.37189453125 0.50469921875 0.37211484375000003 0.50469921875 0.36044375 0.48797968750000004 0.3595625
1 0.6087578125 0.37627734375 0.60787734375 0.40314453125 0.63625703125 0.4038046875 0.6366968749999999 0.3775984375
4 0.5533187500000001 0.35007109375 0.56761796875 0.35249375 0.56233828125 0.38596718750000003 0.54891875 0.38310390625
0 0.64217578125 0.485703125 0.641096875 0.50325703125 0.65803671875 0.50567890625 0.66023671875 0.48718046875 0.641096875 0.48497812500000004
0 0.69994453125 0.72569375 0.7197265625 0.7262 0.72060625 0.7532875 0.6992671875 0.7532875
0 0.68409921875 0.39228125 0.699046875 0.3927859375 0.6983867187499999 0.41546874999999994 0.68430703125 0.4145875
1 0.72698671875 0.38926249999999996 0.72786640625 0.42515859375 0.75052578125 0.42493828125000005 0.75052578125 0.3886015625 0.7272062499999999 0.38904218749999997
1 0.85542734375 0.39162109375 0.85414453125 0.42383671874999995 0.87614375 0.423396875 0.87460390625 0.39058359375 0.85524453125 0.39124453125
0 0.9379546875000001 0.389640625 0.93524765625 0.42073984375 0.9070882812500001 0.41809765624999995 0.9114882812499999 0.38770703125
1 0.95214921875 0.42892421875000003 0.9515273437499999 0.44716640625000004 0.9884867187499999 0.45091015624999997 0.9889265625 0.4608203125 0.999046875 0.46103984374999996 0.99970703125 0.43351249999999997 0.982546875 0.43219140625 0.9807867187499999 0.42272187499999997 0.9645070312499999 0.42118046875 0.96362734375 0.42976875000000003 0.9519671875 0.42932812499999995 0.9521875 0.42822734375
3 0.977765625 0.41639453125000003 0.9903281249999999 0.41639453125000003 0.9903281249999999 0.42316796874999996 0.977765625 0.42316796874999996