1 0.0047929687499999995 0.46054765625 0.05563125 0.44874375000000005 0.06267265625 0.484375 0.01397421875 0.49788359375
1 0.1095609375 0.69620234375 0.117825 0.73353125 0.16847890625 0.7229593750000001 0.16671875 0.70475234375 0.15948281250000002 0.68556640625
4 0.0191734375 0.6873984375 0.0370515625 0.6892859375 0.0286421875 0.7611351562500001 0.0092796875 0.75761171875
3 0.004 0.7151898437499999 0.0084234375 0.71653671875 0.006859374999999999 0.72889375 0.0012953125 0.7262828125
1 0.1923640625 0.87642109375 0.20106796875000002 0.89533671875 0.20437109375 0.91187109375 0.1829859375 0.9179625 0.186115625 0.9308414062500001 0.16890234375 0.9346703125 0.1647296875 0.9223132812499999 0.15290703125 0.92527265625 0.1450828125 0.88889765625
3 0.16131796874999998 0.85868046875 0.17052499999999998 0.85541640625 0.17035078125 0.85089140625 0.15904921875 0.8536765624999999
1 0.2795015625 0.4036859375 0.30996562499999997 0.39582656250000003 0.31083515625 0.39756640625 0.323875 0.39443359375 0.33187265625 0.4201921875 0.31848515625 0.42523984375 0.31848515625 0.42837265625 0.287884375 0.43585624999999995
4 0.3042859375 0.44803750000000003 0.32144062500000004 0.4407875 0.31744218750000003 0.43156328125 0.29953359375 0.43887265624999994
1 0.25836953125 0.32802734375 0.29466562500000004 0.3191890625 0.30648828125 0.36913984375000003 0.27171484375 0.37818984375000003
3 0.3408109375 0.32463593749999997 0.3449125 0.3244109375 0.347346875 0.33676796875 0.34456484375 0.33833437499999997 0.34178281250000003 0.33728984375 0.34021875 0.3244109375
4 0.28132812500000004 0.17018828125000002 0.28631953125 0.18465390625 0.222684375 0.21076015625000002 0.21572968750000002 0.19196328125
0 0.445428125 0.43368828125 0.47606953125 0.42746874999999995 0.48180703124999996 0.44469843750000004 0.44877265624999996 0.454096875
3 0.4047296875 0.55682890625 0.41712890625 0.5550421875 0.41904140625 0.562178125 0.4060015625 0.56461484375
1 0.4295140625 0.5709171875 0.46581171875000005 0.564325 0.46668125 0.5693718750000001 0.47728671875 0.56693515625 0.48667578125000005 0.6120125 0.42530078125 0.622803125 0.42147578125 0.5982632812500001 0.43329843749999997 0.596696875
3 0.49682421874999994 0.7217125 0.5070179687499999 0.7202671875 0.507365625 0.725140625 0.49762890625 0.7277515625000001
1 0.4821546875 0.73819375 0.4889359375 0.77021796875 0.54318203125 0.76621484375 0.54109609375 0.7456773437499999 0.5324023437500001 0.7287953125
1 0.38931015625 0.8599664062500001 0.43295078125 0.8427359375 0.42078046875 0.8168031250000001 0.37835703125000003 0.831596875
0 0.5054171875 0.5260875 0.5414078124999999 0.51912578125 0.5521874999999999 0.56489921875 0.5149796875 0.57273125
0 0.545928125 0.5264359375 0.5958281249999999 0.51634140625 0.6036515625 0.5514984375 0.5516656249999999 0.5622890625
1 0.69797109375 0.3160265625 0.74801015625 0.30811953124999997 0.75687734375 0.36120312499999996 0.70958515625 0.3716453125
0 0.63535703125 0.4010765625 0.70436953125 0.3885859375 0.71132421875 0.4200875 0.6414296875 0.43227031250000003
0 0.78693515625 0.9445132812500001 0.81923828125 0.9388085937499999 0.82514921875 0.95743125 0.8211507812500001 0.95934609375 0.8242804687499999 0.9711812500000001 0.7945492187500001 0.9762281249999999