1 0.26398984375 0.789409375 0.3002375 0.8142421875 0.32492578125 0.7789796875 0.294215625 0.755471875
3 0.2784171875 0.8141046875000001 0.28829531249999996 0.81994375 0.28486015625 0.8247046875 0.27547968749999996 0.8188859374999999
3 0.32501953125 0.49039687499999995 0.33662109375 0.48774453125 0.34031953125 0.4903359375 0.34031953125 0.49348281250000003 0.328484375 0.49681484375
1 0.3094375 0.515140625 0.35141484375 0.5057 0.36029062500000003 0.54679375 0.32182734375 0.55567890625
1 0.38777343750000004 0.26087109375 0.42031953125 0.28567578125000004 0.39313671875 0.320290625 0.36243984375 0.29567109375
3 0.40049375 0.3194703125 0.40423125000000004 0.3325078125 0.40016328124999995 0.33306328125 0.3960953125 0.3206609375
3 0.36580859375 0.32085703125 0.37815781249999997 0.32880546875 0.3761234375 0.332878125 0.3644734375 0.32602890625000003
1 0.45471484375 0 0.45342031250000003 0.035840625 0.41366250000000004 0.03417421875 0.41532656250000005 0
1 0.68463125 0.15187343749999999 0.69567265625 0.18984296875 0.6577640625 0.20372656249999999 0.645559375 0.16503828125
3 0.6599359375 0.21513828125 0.67181796875 0.21131562499999998 0.67089296875 0.20798359375 0.6577640625 0.21150078125
1 0.61720390625 0.40354609375 0.6376078125 0.414503125 0.64907265625 0.4267203125 0.62336875 0.46041015625000004 0.58860390625 0.43671640624999997
3 0.6235859375 0.395221875 0.63261484375 0.403396875 0.62891640625 0.407284375 0.6183757812499999 0.399509375
1 0.55504921875 0.6316328125 0.5941515625 0.6369421875 0.5880492187499999 0.6798875 0.546071875 0.6732234375
3 0.54478203125 0.6840765625 0.5462570312499999 0.6865515624999999 0.55679765625 0.68840234375 0.5571671874999999 0.683775 0.54736640625 0.6806281249999999