3 0.010978125 0.26641484375 0.034235156249999996 0.27047578125 0.03155859375 0.2793171875 0.00827265625 0.27583437499999997
1 0.00051015625 0.3192390625 0.03584140625 0.32513359375 0.02620546875 0.37416484375 0.0002421875 0.37014609374999996
0 0.26761953125 0.37204375 0.30434375 0.37840703124999997 0.29738515625 0.41966796874999995 0.26044765625 0.41296953125
3 0.30577421875 0.39011640625 0.30354140625000003 0.40439609374999996 0.30916171875 0.4057359375 0.31183828125 0.39153515625
1 0.31581484375 0.38690390625000004 0.37928828124999997 0.39823359375 0.37554140625 0.42904609374999997 0.37125859375000003 0.4311890625 0.31103515625 0.42288359375000006
1 0.33549531250000003 0.84074609375 0.28590234375 0.8353164062499999 0.28215546874999997 0.8527320312500001 0.28135234374999996 0.8696117187500001 0.33086953124999996 0.87872109375
3 0.72610859375 0.96443203125 0.731803125 0.9646507812499999 0.73065703125 0.9772718749999999 0.72459921875 0.9771078125000001
0 0.7293476562500001 0.9005093750000001 0.76455078125 0.90739375 0.7547265624999999 0.9429609375 0.7185406249999999 0.93509296875 0.7286921875 0.9005093750000001
1 0.9248749999999999 0.8956375 0.96921953125 0.9033585937499999 0.9631609375 0.9392539062499999 0.9164953125 0.9322062499999999 0.9178054687499999 0.91368515625
1 0.65177578125 0.40711718750000003 0.67088046875 0.4374109375 0.6232031250000001 0.46516640625 0.61187578125 0.4482421875 0.60426796875 0.43504140625
3 0.6944343749999999 0.17031093749999998 0.7007421875000001 0.1732140625 0.6956703125 0.18810703125 0.68924609375 0.18539921875
1 0.71574453125 0.15610390624999998 0.7472359375 0.17033671875 0.7137609375 0.255971875 0.6816382812499999 0.2436171875
0 0.719678125 0.2650546875 0.7499414062499999 0.2780859375 0.74131875 0.30753359375 0.706321875 0.296025
3 0.578271875 0.018349999999999998 0.5991531250000001 0.0181671875 0.59966640625 0.00943515625 0.57811640625 0.00917890625
1 0.47548828125 0.0035289062500000004 0.51606796875 0.0061109375 0.5129890625 0.053877343749999994 0.47014531249999997 0.051309375000000004
1 0.00053515625 0.6716593750000001 0.019528125 0.6759906250000001 0.0152453125 0.6966210937499999 0 0.692334375