1 0 0.20863125 0.022440625 0.20171718749999998 0.029046875 0.22380390625 0.017552343749999998 0.22790390624999998 0.02178046875 0.23822031250000003 0 0.24562656249999998
3 0.02048671875 0.19078828125 0.02204453125 0.19854296875 0.01054921875 0.20184921875 0.008303125 0.19483984375000002
3 0.41029921874999997 0.212196875 0.40916015625 0.2179125 0.3977953125 0.21900390625 0.39826171875 0.21121171875
1 0.44277109374999996 0.22831640625 0.44107578125 0.26373046875 0.40760312499999996 0.26326328125 0.40698046874999994 0.2701203125 0.378178125 0.26887343750000003 0.37771171875 0.2412890625 0.37989140625 0.2257046875
3 0.45421796875 0.5224328125000001 0.45494375 0.52955546875 0.43953046875 0.5323609375 0.43953046875 0.5248804687499999
1 0.47430859375 0.534346875 0.4778296875 0.55526953125 0.46506328124999996 0.55885390625 0.46926640624999993 0.57163359375 0.410884375 0.5825421875 0.4060578125 0.56508828125 0.4062140625 0.54747734375
3 0.68245625 0.8814929687499999 0.68332578125 0.8852640624999999 0.6690031249999999 0.8938359374999999 0.6677570312500001 0.8861992187500001
1 0.66984140625 0.8275289062500001 0.6892421875 0.8654203125000001 0.6356859375 0.89066640625 0.625721875 0.87570546875 0.62089609375 0.86136796875 0.6478296875 0.84687421875 0.64580546875 0.840640625
3 0.5191617187500001 0.51051796875 0.5181875 0.52504296875 0.5110257812500001 0.5248875 0.51196015625 0.5110171875
3 0.7429617187499999 0.2776078125 0.75399296875 0.28380390625 0.7493218749999999 0.29034921874999997 0.739046875 0.28286875
3 0.8347703125000001 0.21359843750000002 0.83884140625 0.228115625 0.83199140625 0.230453125 0.8282546875 0.21580390624999998
3 0.83991015625 0.00404921875 0.8450695312500001 0.007803124999999999 0.8508296874999999 0.0009460937500000001 0.8411773437500001 0
1 0.79015078125 0.00031171875000000004 0.78077109375 0.01341328125 0.81299765625 0.030712499999999997 0.83463828125 0.0001671875
1 0.81654921875 0.20425390625 0.8344828124999999 0.26208906249999997 0.804590625 0.27253046875 0.79836328125 0.27097265625 0.790734375 0.24136171874999998 0.7843515625 0.24338828124999998 0.7761 0.21705000000000002 0.7947828125 0.20910234375