1 0.904421875 0.88201328125 0.8984734375 0.9565 0.93652578125 0.9585875 0.9364984375 0.9577734375 0.941384375 0.88413515625 0.904421875 0.88201328125
1 0.59816875 0.97793359375 0.59795625 0.97984375 0.59094609375 0.9811171875 0.589884375 0.99873046875 0.6506390625 0.99921875 0.6508921875 0.99921875 0.65276328125 0.9577734375 0.625996875 0.95713671875 0.626209375 0.9787828125 0.59816875 0.97793359375
3 0.66555078125 0.9984546875 0.66495703125 0.989359375 0.65913984375 0.990134375 0.6578796875 0.99904453125 0.66555078125 0.9984546875
1 0.31344765625 0.64837109375 0.3675765625 0.64997109375 0.36773671875 0.64453125 0.38086796875 0.64421171875 0.3808109926757812 0.6129778188476562 0.38118828125 0.6126953125 0.36901796875 0.6126953125 0.36837734375 0.60805546875 0.313928125 0.6085359375 0.31344765625 0.64837109375
0 0.405584375 0.73908125 0.40961796875 0.680884375 0.38396484375 0.6794078125 0.38076171875 0.73716171875 0.405584375 0.73908125
1 0.0372765625 0.70063515625 0.03624375 0.73591015625 0.084128125 0.7393515625 0.084128125 0.7395234375 0.08619453125 0.70287265625 0.0372765625 0.70063515625
3 0.0832421875 0.75199921875 0.10023125 0.75199921875 0.101221875 0.74506875 0.082959375 0.74549296875 0.0832421875 0.75199921875
1 0.04029453125 0.37490546875 0.04007890625 0.43006640625 0.0814921875 0.42855859375 0.08084453125 0.42834296875 0.08019765625 0.37404375 0.04029453125 0.37490546875
3 0.02149296875 0.4153671875 0.0219875 0.4153296875 0.02225078125 0.43096015625 0.02952421875 0.4300515625 0.0287671875 0.41415625 0.02149296875 0.4153671875
3 0.560921875 0.31569296875 0.56167578125 0.30005859375 0.554321875 0.298175 0.55300234375 0.3145625 0.560921875 0.31569296875
1 0.502846875 0.36617421875 0.50303515625 0.3772875 0.52735859375 0.3782296875 0.5277359375 0.3667390625 0.54489453125 0.3659859375 0.54654453125 0.32796171875 0.47330625 0.32605234375 0.47236328125 0.36579765625 0.502846875 0.36617421875
0 0.5775140625 0.42965234375 0.61211796875 0.4348015625 0.616315625 0.39989140625 0.582228125 0.395746875 0.5775140625 0.42965234375