3 0.8051765625 0.93983046875 0.8002984375 0.953246875 0.80578671875 0.9556859375 0.81005546875 0.9428796875 0.8051765625 0.93983046875
1 0.786271875 0.9556859375 0.79846875 0.9262109375 0.76594453125 0.911575 0.76574140625 0.91035546875 0.75293515625 0.94226953125 0.786271875 0.9556859375
4 0.689715625 0.92295859375 0.693578125 0.91442109375 0.66715234375 0.89978515625 0.66349296875 0.91076171875 0.689715625 0.92295859375
4 0.59318359375 0.89746953125 0.6075046875 0.89975234375 0.6139390625 0.88439375 0.61082578125 0.88231796875 0.6174671875 0.85886484375 0.60563671875 0.85658125 0.5985796875 0.8831484375 0.59588203125 0.8827328125 0.59318359375 0.89746953125
4 0.5740890625 0.87505390625 0.577409375 0.87609140625 0.58425859375 0.86135546875 0.581353125 0.85865703125 0.58591953125 0.844128125 0.57554140625 0.8403921875 0.56329609375 0.87131796875 0.5626734375 0.87463828125 0.56931484375 0.878996875 0.5740890625 0.87505390625
4 0.46491640625 0.8080140625 0.46616171875 0.80988203125 0.46512421875 0.8129953125 0.46138828125 0.813203125 0.45267109375 0.83126015625 0.45495390625 0.83499609375 0.4545390625 0.837071875 0.4640859375 0.84143046875 0.465746875 0.83976953125 0.46865234375 0.84143046875 0.4730109375 0.83105234375 0.47238828125 0.82731640625 0.48359609375 0.8019953125 0.4740484375 0.79618359375 0.47238828125 0.799296875 0.46968984375 0.7970140625 0.46491640625 0.8080140625
4 0.45246328125 0.82108984375 0.45868984375 0.80469375 0.4555765625 0.80386328125 0.45723671875 0.7920328125 0.44768984375 0.7880890625 0.43274609375 0.829184375 0.442915625 0.83458125 0.44976484375 0.820675 0.45246328125 0.82108984375
4 0.420915625 0.8034484375 0.42444375 0.794315625 0.421953125 0.79244765625 0.422990625 0.78767421875 0.4132359375 0.784353125 0.40617890625 0.8059390625 0.41448125 0.81278828125 0.41904765625 0.80241015625 0.420915625 0.8034484375
4 0.388121875 0.78497578125 0.38521640625 0.78290078125 0.388121875 0.77688125 0.39144296875 0.77584375 0.39351875 0.767334375 0.39268828125 0.764428125 0.38272578125 0.7596546875 0.37525390625 0.7785421875 0.37297109375 0.777296875 0.36529140625 0.79369296875 0.3673671875 0.79493828125 0.36466875 0.8009578125 0.37276328125 0.80531640625 0.37670703125 0.80033515625 0.38065 0.8019953125 0.388121875 0.78497578125
4 0.29389375 0.77791953125 0.2961765625 0.78020234375 0.2941015625 0.78622109375 0.30385625 0.79037265625 0.30696953125 0.78165546875 0.3125734375 0.783315625 0.31568671875 0.77750390625 0.31568671875 0.77273046875 0.312365625 0.7696171875 0.31547890625 0.7606921875 0.3040640625 0.75695625 0.2990828125 0.77127734375 0.29679921875 0.77044765625 0.29389375 0.77791953125
4 0.1915703125 0.7696171875 0.195721875 0.769825 0.19530625 0.75405078125 0.1919859375 0.75405078125 0.191778125 0.7308046875 0.1803625 0.73163515625 0.18015546875 0.734540625 0.17849453125 0.73412578125 0.17870234375 0.744503125 0.17994765625 0.744503125 0.17994765625 0.75052265625 0.1755890625 0.75052265625 0.1755890625 0.76754140625 0.17994765625 0.76795703125 0.1803625 0.77293828125 0.1805703125 0.77293828125 0.1915703125 0.77376796875 0.1915703125 0.7696171875
4 0.237646875 0.69074765625 0.19987265625 0.68306796875 0.197796875 0.69531328125 0.235571875 0.70071015625 0.237646875 0.69074765625
0 0.002490625 0.3277390625 0.001453125 0.34185234375 0.02532109375 0.3437203125 0.02594375 0.32856953125 0.002490625 0.3277390625
4 0.7106609375 0.20050625 0.6893875 0.22149296875 0.69801171875 0.2332796875 0.72302265625 0.21056796875 0.7106609375 0.20050625
4 0.69226171875 0.19303203125 0.67070078125 0.21286796875 0.6807625 0.22436796875 0.70146171875 0.20251875 0.69226171875 0.19303203125
4 0.6540265625 0.22408046875 0.67645 0.20021875 0.66610078125 0.19044453125 0.64396484375 0.21373046875 0.6540265625 0.22408046875
4 0.627290625 0.1800953125 0.60687890625 0.20251875 0.61349140625 0.21171796875 0.63763984375 0.18929453125 0.627290625 0.1800953125
4 0.60659140625 0.1723328125 0.58618046875 0.19446953125 0.5982546875 0.20481875 0.61780390625 0.1815328125 0.60659140625 0.1723328125
4 0.58301796875 0.16514609375 0.58186796875 0.16572109375 0.56318125 0.19159453125 0.57410625 0.20021875 0.5948046875 0.1760703125 0.58301796875 0.16514609375
2 0.853125 0.36171875 0.853125 0.381640625 0.8671875 0.381640625 0.8671875 0.36171875 0.853125 0.36171875
2 0.8689453125 0.3619140625 0.8689453125 0.3810546875 0.8810546875 0.3810546875 0.8810546875 0.3619140625 0.8689453125 0.3619140625
2 0.88359375 0.36171875 0.88359375 0.381640625 0.894140625 0.381640625 0.894140625 0.36171875 0.88359375 0.36171875
2 0.92539140625 0.3601578125 0.9284421875 0.3796828125 0.93800078125 0.378259375 0.934746875 0.35792109375 0.92539140625 0.3601578125
2 0.9434921875 0.365853125 0.9481703125 0.37764921875 0.95752578125 0.37663203125 0.95040703125 0.36198828125 0.9434921875 0.365853125
2 0.95915234375 0.36768359375 0.96484765625 0.38049609375 0.97705078125 0.373784375 0.97135546875 0.36178515625 0.95915234375 0.36768359375
2 0.93433984375 0.30768515625 0.94166171875 0.3131765625 0.95366171875 0.2960921875 0.94735625 0.28917734375 0.93433984375 0.30768515625
2 0.92254375 0.29914296875 0.93230625 0.301990625 0.9371875 0.2883640625 0.927425 0.28490625 0.92254375 0.29914296875
2 0.9062734375 0.29792265625 0.91501875 0.29995703125 0.91908671875 0.2859234375 0.9111546875 0.2832796875 0.9062734375 0.29792265625
2 0.87129140625 0.284703125 0.8790203125 0.2934484375 0.8916296875 0.282059375 0.8845109375 0.2733140625 0.87129140625 0.284703125
2 0.89101953125 0.294465625 0.900375 0.29771953125 0.90525625 0.28409296875 0.89610390625 0.28022890625 0.89101953125 0.294465625
2 0.95772890625 0.316634375 0.97745703125 0.31480390625 0.97664375 0.304634375 0.95752578125 0.306871875 0.95772890625 0.316634375
2 0.78648046875 0.25175546875 0.79665 0.25704296875 0.8053953125 0.2413828125 0.79827734375 0.230603125 0.78648046875 0.25175546875
2 0.75760078125 0.2340609375 0.76532890625 0.2413828125 0.7783453125 0.22714609375 0.77143046875 0.2196203125 0.75760078125 0.2340609375
2 0.7340078125 0.2242984375 0.7447875 0.2293828125 0.7557703125 0.20660390625 0.74417734375 0.2019265625 0.7340078125 0.2242984375
2 0.7710234375 0.2417890625 0.77732890625 0.2487046875 0.7927859375 0.23345078125 0.78403984375 0.2245015625 0.7710234375 0.2417890625
2 0.830065625 0.9670046875 0.839253125 0.9702390625 0.84701640625 0.9551 0.83640625 0.95212421875 0.830065625 0.9670046875