1 0.965259375 0.00078125 0.94136171875 0.00078125 0.89999375 0.01821484375 0.913046875 0.04934140625 0.97469765625 0.0264484375 0.965259375 0.00078125
1 0.02243203125 0.66604453125 0.00078125 0.6754828125 0.00078125 0.71725234375 0.00656796875 0.73151015625 0.0433171875 0.71665 0.02243203125 0.66604453125
1 0.90119921875 0.02363671875 0.899190625 0.0180140625 0.9014 0.016809375 0.89437109375 0.00078125 0.87931015625 0.00078125 0.872884375 0.0017484375 0.885334375 0.030665625 0.90119921875 0.02363671875
1 0.80621328125 0.03930078125 0.8262953125 0.086090625 0.84958984375 0.07745546875 0.84738046875 0.07082890625 0.86003203125 0.06621015625 0.84356484375 0.02544453125 0.80621328125 0.03930078125
4 0.59716484375 0.1628015625 0.6037921875 0.1780640625 0.65921640625 0.15637578125 0.65258984375 0.1411140625 0.59716484375 0.1628015625
0 0.65961875 0.20035390625 0.66383515625 0.20959140625 0.6827125 0.20075625 0.67909765625 0.19111640625 0.65961875 0.20035390625
4 0.5477640625 0.09593046875 0.55137890625 0.0949265625 0.54595703125 0.0792625 0.5431453125 0.0802671875 0.54173984375 0.0730375 0.54354765625 0.07283671875 0.54093671875 0.0638 0.5385265625 0.06400078125 0.538125 0.061390625 0.52708046875 0.06359921875 0.5377234375 0.1027578125 0.5483671875 0.10014765625 0.5477640625 0.09593046875
1 0.384540625 0.21137109375 0.42097109375 0.1998265625 0.410965625 0.1708359375 0.3722265625 0.1826375 0.384540625 0.21137109375
4 0.27571796875 0.21835078125 0.27554453125 0.20032578125 0.27259765625 0.20049921875 0.27242421875 0.19339296875 0.25994609375 0.19321953125 0.2608125 0.23776171875 0.27277109375 0.23741484375 0.2722515625 0.21835078125 0.27571796875 0.21835078125
4 0.2436546875 0.24348125 0.2433078125 0.2474671875 0.227709375 0.2474671875 0.2282296875 0.2719046875 0.24261484375 0.2719046875 0.24226796875 0.2873296875 0.25353359375 0.28715625 0.254053125 0.2436546875 0.2436546875 0.24348125
1 0.29419609375 0.5708671875 0.29570546875 0.57259296875 0.30433125 0.5680640625 0.30433125 0.5643984375 0.3237390625 0.55728203125 0.31683828125 0.54153984375 0.303253125 0.548009375 0.302390625 0.54412734375 0.28406015625 0.550596875 0.2853546875 0.55383203125 0.27090625 0.55943828125 0.27866953125 0.57819921875 0.29419609375 0.5708671875
1 0.3921046875 0.55280078125 0.39031015625 0.546021875 0.37834765625 0.54981015625 0.3799421875 0.5571875 0.3721671875 0.55898125 0.3799421875 0.58191015625 0.4060609375 0.57273828125 0.40027890625 0.55120625 0.3921046875 0.55280078125
0 0.35242890625 0.52090078125 0.3576125 0.5412375 0.37376171875 0.53585390625 0.3669828125 0.51691328125 0.35242890625 0.52090078125
0 0.418421875 0.500365625 0.43018515625 0.53386015625 0.44733125 0.52688203125 0.43516953125 0.49797265625 0.418421875 0.500365625
1 0.43018515625 0.53705 0.44314453125 0.56715625 0.48660859375 0.55040859375 0.47464609375 0.52090078125 0.43018515625 0.53705
3 0.45371171875 0.51491953125 0.45650234375 0.51990390625 0.4648765625 0.5147203125 0.46268359375 0.5093375 0.45371171875 0.51491953125
1 0.50654609375 0.5412375 0.53725 0.529275 0.5276796875 0.50515 0.496378125 0.5157171875 0.50654609375 0.5412375
0 0.548015625 0.4858109375 0.53744921875 0.4608890625 0.5211 0.468265625 0.53106875 0.49199140625 0.548015625 0.4858109375
4 0.56276953125 0.44653359375 0.5496109375 0.4180234375 0.5410375 0.4210140625 0.5526015625 0.45052109375 0.56276953125 0.44653359375
1 0.60016875 0.4690265625 0.611940625 0.50021171875 0.6460171875 0.4867875 0.6361046875 0.4642765625 0.61958203125 0.4694390625 0.61462578125 0.46159140625 0.60016875 0.4690265625
0 0.70343125 0.4553953125 0.67555078125 0.46654765625 0.6860828125 0.4929828125 0.71355078125 0.479765625 0.70343125 0.4553953125
1 0.7329640625 0.4787328125 0.7517578125 0.4692328125 0.7327578125 0.43474296875 0.71210546875 0.44279765625 0.7329640625 0.4787328125
0 0.781084375 0.45374375 0.8069 0.4409390625 0.7943015625 0.4173953125 0.76869296875 0.427928125 0.781084375 0.45374375
4 0.8164 0.31557890625 0.8364328125 0.357296875 0.846759375 0.35233984375 0.82734609375 0.31124140625 0.8164 0.31557890625
1 0.93226015625 0.376503125 0.91573828125 0.34304609375 0.8862654614257812 0.35402218359375 0.88661796875 0.3541984375 0.8866574462890625 0.35429369580078124 0.886825 0.35440546875 0.8866927841796876 0.3543789658203125 0.90561875 0.400046875 0.92751015625 0.3915796875 0.9235859375 0.37939453125 0.93226015625 0.376503125
0 0.94279296875 0.31826328125 0.955390625 0.34635078125 0.978728125 0.33623125 0.9684015625 0.310621875 0.94279296875 0.31826328125
0 0.1250859375 0.7089734375 0.110940625 0.68042109375 0.0863171875 0.6911609375 0.09889140625 0.72102265625 0.1250859375 0.7089734375
1 0.110940625 0.6358890625 0.1305875 0.68330234375 0.1662125 0.66601328125 0.1444703125 0.62174375 0.110940625 0.6358890625
1 0.17773828125 0.6309125 0.19921796875 0.685921875 0.22908046875 0.673871875 0.20393359375 0.61833828125 0.17773828125 0.6309125
0 0.16647421875 0.581665625 0.18376328125 0.62383984375 0.2115296875 0.6104796875 0.19240703125 0.569615625 0.16647421875 0.581665625
2 0.577134375 0.33725078125 0.5731875 0.327821875 0.5450109375 0.33867578125 0.549725 0.34799453125 0.55345234375 0.35709453125 0.579984375 0.34613125 0.577134375 0.33725078125