1 0.98178515625 0.10000625 0.99921875 0.05863828125 0.99921875 0.034740625 0.9735515625 0.02530234375 0.95065859375 0.086953125 0.98178515625 0.10000625
1 0.28274765625 0.99921875 0.3245171875 0.99921875 0.33395546875 0.97756796875 0.28335 0.9566828125 0.26848984375 0.99343203125 0.28274765625 0.99921875
1 0.99921875 0.12068984375 0.99921875 0.10562890625 0.983190625 0.0986 0.9819859375 0.100809375 0.97636328125 0.09880078125 0.969334375 0.114665625 0.9982515625 0.127115625 0.99921875 0.12068984375
1 0.92917109375 0.15261953125 0.92254453125 0.15041015625 0.913909375 0.1737046875 0.96069921875 0.19378671875 0.97455546875 0.15643515625 0.93378984375 0.13996796875 0.92917109375 0.15261953125
4 0.8219359375 0.3962078125 0.8371984375 0.40283515625 0.8588859375 0.34741015625 0.84362421875 0.34078359375 0.8219359375 0.3962078125
0 0.79040859375 0.33616484375 0.79964609375 0.34038125 0.80888359375 0.32090234375 0.79924375 0.3172875 0.79040859375 0.33616484375
4 0.93640078125 0.47291953125 0.938609375 0.461875 0.93599921875 0.4614734375 0.9362 0.45906328125 0.92716328125 0.45645234375 0.9269625 0.45826015625 0.9197328125 0.4568546875 0.9207375 0.45404296875 0.9050734375 0.44862109375 0.90406953125 0.4522359375 0.89985234375 0.4516328125 0.8972421875 0.4622765625 0.93640078125 0.47291953125
1 0.8001734375 0.57902890625 0.78862890625 0.615459375 0.8173625 0.6277734375 0.8291640625 0.589034375 0.8001734375 0.57902890625
4 0.76223828125 0.7391875 0.80678046875 0.74005390625 0.80660703125 0.72757578125 0.79950078125 0.72740234375 0.79967421875 0.72445546875 0.78164921875 0.72428203125 0.78164921875 0.7277484375 0.76258515625 0.72722890625 0.76223828125 0.7391875
4 0.7126703125 0.75773203125 0.7280953125 0.75738515625 0.7280953125 0.7717703125 0.7525328125 0.772290625 0.7525328125 0.7566921875 0.75651875 0.7563453125 0.7563453125 0.745946875 0.71284375 0.74646640625 0.7126703125 0.75773203125
1 0.44616796875 0.7146453125 0.449403125 0.71593984375 0.45587265625 0.697609375 0.451990625 0.696746875 0.45846015625 0.68316171875 0.44271796875 0.6762609375 0.4356015625 0.69566875 0.4319359375 0.69566875 0.42740703125 0.70429453125 0.4291328125 0.70580390625 0.42180078125 0.72133046875 0.44056171875 0.72909375 0.44616796875 0.7146453125
1 0.41808984375 0.6200578125 0.44101875 0.6278328125 0.4428125 0.6200578125 0.45018984375 0.62165234375 0.453978125 0.60968984375 0.44719921875 0.6078953125 0.44879375 0.59972109375 0.42726171875 0.5939390625 0.41808984375 0.6200578125
0 0.4587625 0.6423875 0.47909921875 0.64757109375 0.48308671875 0.6330171875 0.46414609375 0.62623828125 0.4587625 0.6423875
0 0.46613984375 0.56981484375 0.499634375 0.581578125 0.50202734375 0.56483046875 0.47311796875 0.55266875 0.46613984375 0.56981484375
1 0.43284375 0.55685546875 0.46295 0.56981484375 0.47909921875 0.52535390625 0.44959140625 0.51339140625 0.43284375 0.55685546875
3 0.48009609375 0.54349765625 0.48508046875 0.54628828125 0.4906625 0.53731640625 0.4852796875 0.5351234375 0.48009609375 0.54349765625
1 0.470725 0.46275 0.4587625 0.49345390625 0.4842828125 0.503621875 0.49485 0.4723203125 0.470725 0.46275
0 0.5391109375 0.46255078125 0.5141890625 0.451984375 0.50800859375 0.46893125 0.531734375 0.4789 0.5391109375 0.46255078125
4 0.5819765625 0.4503890625 0.55346640625 0.43723046875 0.54947890625 0.4473984375 0.5789859375 0.4589625 0.5819765625 0.4503890625
1 0.5357234375 0.3638953125 0.5132125 0.3539828125 0.49978828125 0.388059375 0.5309734375 0.39983125 0.53840859375 0.38537421875 0.5305609375 0.38041796875 0.5357234375 0.3638953125
0 0.53345234375 0.32444921875 0.5446046875 0.29656875 0.520234375 0.28644921875 0.5070171875 0.3139171875 0.53345234375 0.32444921875
1 0.5307671875 0.2482421875 0.5212671875 0.2670359375 0.55720234375 0.28789453125 0.56525703125 0.2672421875 0.5307671875 0.2482421875
0 0.5590609375 0.1931 0.54625625 0.218915625 0.572071875 0.23130703125 0.5826046875 0.2056984375 0.5590609375 0.1931
4 0.642703125 0.1635671875 0.68442109375 0.1836 0.68875859375 0.17265390625 0.64766015625 0.153240625 0.642703125 0.1635671875
1 0.599953125 0.09438125 0.6456210341796875 0.1133072158203125 0.64559453125 0.113175 0.6457063041992187 0.1133425537109375 0.6458015625 0.11338203125 0.64597781640625 0.11373453857421875 0.65695390625 0.08426171875 0.623496875 0.06773984375 0.62060546875 0.0764140625 0.6084203125 0.07248984375 0.599953125 0.09438125
0 0.65364921875 0.044609375 0.68173671875 0.05720703125 0.689378125 0.0315984375 0.66376875 0.021271875 0.65364921875 0.044609375
0 0.31957890625 0.889059375 0.2910265625 0.8749140625 0.27897734375 0.90110859375 0.3088390625 0.9136828125 0.31957890625 0.889059375
1 0.31669765625 0.8694125 0.3641109375 0.889059375 0.37825625 0.8555296875 0.33398671875 0.8337875 0.31669765625 0.8694125
1 0.314078125 0.80078203125 0.3690875 0.82226171875 0.38166171875 0.79606640625 0.326128125 0.77091953125 0.314078125 0.80078203125
0 0.37616015625 0.81623671875 0.418334375 0.83352578125 0.430384375 0.80759296875 0.3895203125 0.7884703125 0.37616015625 0.81623671875
2 0.65200546875 0.450275 0.66132421875 0.4549890625 0.672178125 0.4268125 0.66274921875 0.422865625 0.65386875 0.420015625 0.64290546875 0.44654765625 0.65200546875 0.450275