1 0.7804359375 0.16388828125 0.795925 0.196575 0.8547515625 0.16701796875 0.8551 0.1671921875 0.85511796875 0.16714765625 0.84013203125 0.13624375 0.7804359375 0.16388828125
3 0.79244453125 0.15050078125 0.80601953125 0.14180703125 0.80293984375 0.13558046875 0.7882671875 0.14302421875 0.79244453125 0.15050078125
3 0.62267734375 0.286615625 0.6342578125 0.2947140625 0.6381953125 0.2896234375 0.62631328125 0.2808640625 0.62267734375 0.286615625
1 0.574734375 0.37245625 0.6203609375 0.33682421875 0.61295 0.32826328125 0.62267734375 0.320396875 0.60721796875 0.30134765625 0.55157265625 0.343534375 0.574734375 0.37245625
3 0.18588515625 0.55068359375 0.191675 0.55346015625 0.19978125 0.54304765625 0.19441484375 0.53743359375 0.18588515625 0.55068359375
1 0.185653125 0.5733578125 0.213678125 0.598115625 0.25629453125 0.54744375 0.230175 0.52285234375 0.185653125 0.5733578125
3 0.08174375 0.77253671875 0.08614453125 0.77554453125 0.09401875 0.7625875 0.08748203125 0.75789609375 0.08174375 0.77253671875
1 0.09749296875 0.79151015625 0.12737109375 0.80909453125 0.1570171875 0.76189375 0.128065625 0.74268984375 0.09749296875 0.79151015625
1 0.5562015625 0.830909375 0.5465703125 0.8242359375 0.5068015625 0.86520546875 0.53243359375 0.88832890625 0.5816984375 0.83924609375 0.56396875 0.8228390625 0.5562015625 0.830909375
3 0.580590625 0.85930859375 0.58509609375 0.8634984375 0.593484375 0.85434296875 0.58742578125 0.84968671875 0.57960234375 0.858340625 0.580590625 0.85930859375
1 0.804184375 0.58646953125 0.8377390625 0.60229921875 0.86043671875 0.5488640625 0.82981640625 0.5354125 0.804184375 0.58646953125