1 0.9252484375 0.28175703125 0.92766875 0.27735234375 0.95780859375 0.28175703125 0.96568359375 0.24934375 0.91072890625 0.23859375 0.90214921875 0.27735234375 0.9252484375 0.28175703125
3 0.96748828125 0.23617109375 0.97129609375 0.23052734375 0.9604484375 0.22538046875 0.95648828125 0.23308828125 0.96748828125 0.23617109375
3 0.8688140625 0.679734375 0.86721484375 0.6724578125 0.8532953125 0.67484140625 0.853478125 0.68144140625 0.8688140625 0.679734375
1 0.84468671875 0.66182421875 0.904540625 0.6470296875 0.89358828125 0.6123234375 0.8364453125 0.62625703125 0.8357125 0.630840625 0.84468671875 0.66182421875
3 0.6822078125 0.7116140625 0.68123984375 0.7055453125 0.6665875 0.7082953125 0.6697015625 0.7147125 0.6822078125 0.7116140625
1 0.6251953125 0.66209453125 0.624096875 0.68079453125 0.62629453125 0.69821171875 0.6839875 0.6967453125 0.6816578125 0.654725 0.65504921875 0.65677734375 0.6545 0.66117734375 0.6251953125 0.66209453125
1 0.58856484375 0.4199953125 0.59204453125 0.4225625 0.609078125 0.4040453125 0.5783234375 0.37660234375 0.5427765625 0.41907890625 0.56915078125 0.4418125 0.58856484375 0.4199953125
3 0.558528125 0.38149453125 0.5671359375 0.37269453125 0.5634734375 0.36719453125 0.5526671875 0.376728125 0.558528125 0.38149453125
3 0.75266953125 0.28346953125 0.74953984375 0.27299296875 0.74277890625 0.2744859375 0.747175 0.28566953125 0.75266953125 0.28346953125
1 0.75120390625 0.33517109375 0.73882109375 0.29772734375 0.6856359375 0.31610390625 0.69699140625 0.35442109375 0.75120390625 0.33517109375
1 0.47264921875 0.1743875 0.44943046875 0.12321328125 0.41294140625 0.13991953125 0.43894921875 0.1908875 0.47264921875 0.1743875
3 0.4830890625 0.157153125 0.47856171875 0.14355 0.47173359375 0.14761953125 0.47612890625 0.15935390625 0.4830890625 0.157153125
3 0.3480203125 0.66846640625 0.3391 0.65808125 0.33378828125 0.6621140625 0.342396875 0.67293125 0.3480203125 0.66846640625
1 0.31510703125 0.62893046875 0.3599796875 0.66871484375 0.38292265625 0.639884375 0.35979609375 0.620496875 0.3627265625 0.618296875 0.3440453125 0.60069609375 0.31510703125 0.62893046875
1 0.3052171875 0.46478046875 0.3248140625 0.4561640625 0.317121875 0.434896875 0.3130921875 0.435996875 0.30294921875 0.4068328125 0.26968515625 0.41839609375 0.289465625 0.47229765625 0.3052171875 0.46478046875
3 0.2674875 0.44663046875 0.26529765625 0.43211640625 0.2601609375 0.4306796875 0.26290859375 0.44773046875 0.2674875 0.44663046875
1 0.13784375 0.113834375 0.13582890625 0.0815671875 0.1380265625 0.08120078125 0.1369546875 0.05588125 0.0982828125 0.06048359375 0.102678125 0.11621796875 0.13784375 0.113834375
1 0.24764375 0.255734375 0.22969453125 0.2432671875 0.2273140625 0.245284375 0.197690625 0.2227 0.17548125 0.25701796875 0.2240171875 0.29130234375 0.24764375 0.255734375
3 0.1879359375 0.28598515625 0.19013359375 0.28158515625 0.178453125 0.27326796875 0.1743828125 0.27901875 0.18390625 0.28598515625 0.1879359375 0.28598515625