2 0.18771640625 0.10252109375 0.21071796875 0.0864203125 0.2383203125 0.09200625 0.2557359375 0.0207015625 0.1749015625 0.00032890625 0.1532140625 0.07163359375 0.1749015625 0.0778765625 0.18771640625 0.10252109375
2 0.00206171875 0.27766171875 0.029334375 0.284890625 0.03163515625 0.27798984375 0.1663578125 0.30953515625 0.19494609375 0.19945625 0.04740703125 0.162325 0.04510703125 0.16955390625 0.03294921875 0.16626796875 0.00206171875 0.27766171875
2 0.36187109375 0.26813203125 0.3940734375 0.2770046875 0.37238671875 0.359153125 0.4663640625 0.38281171875 0.52156796875 0.17349765625 0.42956171875 0.14983828125 0.40688828125 0.232315625 0.3740296875 0.223771875 0.36187109375 0.26813203125
0 0.28548046875 0.48676875 0.2170234375 0.4686671875 0.19760546875 0.54469375 0.26441640625 0.56411171875 0.28548046875 0.48676875
0 0.357859375 0.5656015625 0.37127109375 0.51218671875 0.3345046875 0.50339921875 0.32109296875 0.55797109375 0.34791640625 0.5656015625 0.357859375 0.5656015625
2 0.16500859375 0.57716328125 0.14072890625 0.5711515625 0.1337921875 0.59820625 0.157840625 0.60398671875 0.16500859375 0.57716328125
2 0.0831515625 0.58178828125 0.02418671875 0.5653703125 0.02349296875 0.62988515625 0.06603984375 0.642834375 0.0831515625 0.58178828125
1 0.04985390625 0.7649265625 0.0318171875 0.76076484375 0.0348234375 0.750128125 0.02349296875 0.746659375 0.02372421875 0.8190359375 0.0334359375 0.8215796875 0.04985390625 0.7649265625
2 0.1254671875 0.78180703125 0.11413671875 0.82666640625 0.10280625 0.82504765625 0.09517578125 0.85163984375 0.1076625 0.85441484375 0.09679453125 0.8914125 0.0854640625 0.89095 0.0782953125 0.9175421875 0.09078203125 0.9189296875 0.07343984375 0.98806875 0.12246171875 0.99921875 0.1365671875 0.99921875 0.154371875 0.92956640625 0.19830703125 0.75359609375 0.1809640625 0.747353125 0.1256984375 0.73625390625 0.11483046875 0.77926328125 0.1254671875 0.78180703125
1 0.09489453125 0.063075 0.11317109375 0.0004078125 0.00078125 0.00170078125 0.00098515625 0.03825703125 0.09489453125 0.063075
2 0.09055078125 0.700875 0.0868515625 0.7147484375 0.10905 0.7205296875 0.12084296875 0.68237578125 0.1011875 0.67636328125 0.09378828125 0.70249296875 0.09055078125 0.700875