1 0.93103671875 0.75981796875 0.9331171875 0.768140625 0.91617421875 0.77497734375 0.92955078125 0.80143359375 0.9450078125 0.79400234375 0.94827734375 0.802325 0.997325 0.782409375 0.97978671875 0.7399015625 0.93103671875 0.75981796875
0 0.81362109375 0.836509375 0.82878125 0.8617765625 0.87247734375 0.8374015625 0.85791171875 0.80767578125 0.81362109375 0.836509375
1 0.77319375 0.89774453125 0.77111328125 0.887934375 0.78478671875 0.88347578125 0.7788421875 0.85999296875 0.76397890625 0.86385703125 0.74911640625 0.81718828125 0.716715625 0.82580859375 0.72949765625 0.86861328125 0.7425765625 0.86504609375 0.75298046875 0.9033921875 0.77319375 0.89774453125
1 0.44413203125 0.8011359375 0.46464296875 0.84661640625 0.4982328125 0.83145625 0.48039765625 0.787759375 0.44413203125 0.8011359375
1 0.21911015625 0.9134984375 0.235459375 0.9598703125 0.27677734375 0.94471015625 0.26013125 0.89774453125 0.21911015625 0.9134984375
0 0.1022890625 0.93460390625 0.11774609375 0.98811015625 0.16055078125 0.97592265625 0.14331015625 0.9206328125 0.1022890625 0.93460390625
0 0.03332578125 0.892690625 0.047890625 0.9256859375 0.0832640625 0.91052578125 0.07018515625 0.87723359375 0.03332578125 0.892690625
1 0.74911640625 0.71017578125 0.716715625 0.6519140625 0.69144921875 0.66380390625 0.72474140625 0.7253359375 0.74911640625 0.71017578125
0 0.80529765625 0.6593453125 0.81897109375 0.6837203125 0.8475078125 0.6691546875 0.831753125 0.643590625 0.80529765625 0.6593453125
1 0.8876375 0.61000078125 0.89833828125 0.6412125 0.948871875 0.62218828125 0.936684375 0.59157109375 0.8876375 0.61000078125
0 0.948575 0.4319453125 0.96789609375 0.4714796875 1 0.45513046875 0.9815703125 0.41678515625 0.948575 0.4319453125
0 0.54407890625 0.9537046875 0.5751375 0.939346875 0.56517578125 0.91209765625 0.53294453125 0.92674765625 0.54407890625 0.9537046875