1 0.9072125 0.096559375 0.8699515625 0.141271875 0.89928515625 0.16541796875 0.9382640625 0.11987890625 0.9072125 0.096559375
3 0.8699953125 0.1139390625 0.8626890625 0.12344609375 0.8675734375 0.127578125 0.8750609375 0.11745859375 0.8699953125 0.1139390625
3 0.2955140625 0.144078125 0.28928671875 0.14160234375 0.28362265625 0.15551796875 0.28934765625 0.15793828125 0.2955140625 0.144078125
1 0.25675546875 0.18719765625 0.28318203125 0.13725859375 0.24538203125 0.11882421875 0.23517421875 0.1409984375 0.23847734375 0.14363828125 0.225484375 0.1733375 0.25675546875 0.18719765625
1 0.24225234375 0.3938625 0.22221171875 0.4090421875 0.22595546875 0.4145421875 0.213403125 0.42488203125 0.21538515625 0.43016171875 0.1971859375 0.445634375 0.22419375 0.4774609375 0.27484453125 0.43456171875 0.24225234375 0.3938625
3 0.27572578125 0.45018125 0.26683984375 0.4614796875 0.27176171875 0.4653609375 0.28035 0.4548015625 0.27572578125 0.45018125
1 0.16145859375 0.6722109375 0.19845625 0.66649140625 0.18854609375 0.61875234375 0.14998046875 0.62554453125 0.15551328125 0.64779140625 0.1599171875 0.64823125 0.16145859375 0.6722109375
3 0.20741953125 0.61696171875 0.19955703125 0.61743203125 0.2015390625 0.632171875 0.207925 0.632171875 0.20741953125 0.61696171875
3 0.708559375 0.539553125 0.7025859375 0.538725 0.7015125 0.55187265625 0.708559375 0.55121328125 0.708559375 0.539553125
1 0.76009140625 0.50699375 0.72221328125 0.5028140625 0.7162671875 0.5688125 0.7495203125 0.57365234375 0.76009140625 0.50699375
1 0.64102734375 0.85433828125 0.60619375 0.860253125 0.6203265625 0.9258375 0.65468125 0.91747734375 0.64102734375 0.85433828125
3 0.5910375 0.877878125 0.59034765625 0.8787390625 0.591478125 0.89349765625 0.5956625 0.8941578125 0.59654296875 0.8769984375 0.5910375 0.877878125
1 0.089109375 0.914771875 0.07035390625 0.92895 0.0659609375 0.92675625 0.0484609375 0.9411546875 0.07525390625 0.9711484375 0.11208828125 0.940934375 0.089109375 0.914771875