1 0.9382640625 0.88012109375 0.89928515625 0.83458203125 0.8699515625 0.858728125 0.9072125 0.903440625 0.9382640625 0.88012109375
3 0.8750609375 0.88254140625 0.8675734375 0.872421875 0.8626890625 0.87655390625 0.8699953125 0.8860609375 0.8750609375 0.88254140625
3 0.28934765625 0.84206171875 0.28362265625 0.84448203125 0.28928671875 0.85839765625 0.2955140625 0.855921875 0.28934765625 0.84206171875
1 0.28318203125 0.86274140625 0.25675546875 0.81280234375 0.225484375 0.8266625 0.23847734375 0.85636171875 0.23517421875 0.8590015625 0.24538203125 0.88117578125 0.28318203125 0.86274140625
1 0.213403125 0.57511796875 0.22595546875 0.5854578125 0.22221171875 0.5909578125 0.24225234375 0.6061375 0.27484453125 0.56543828125 0.22419375 0.5225390625 0.1971859375 0.554365625 0.21538515625 0.56983828125 0.213403125 0.57511796875
3 0.28035 0.5451984375 0.27176171875 0.5346390625 0.26683984375 0.5385203125 0.27572578125 0.54981875 0.28035 0.5451984375
1 0.19845625 0.33350859375 0.16145859375 0.3277890625 0.1599171875 0.35176875 0.15551328125 0.35220859375 0.14998046875 0.37445546875 0.18854609375 0.38124765625 0.19845625 0.33350859375
3 0.207925 0.367828125 0.2015390625 0.367828125 0.19955703125 0.38256796875 0.20741953125 0.38303828125 0.207925 0.367828125
3 0.708559375 0.44878671875 0.7015125 0.44812734375 0.7025859375 0.461275 0.708559375 0.460446875 0.708559375 0.44878671875
1 0.7495203125 0.42634765625 0.7162671875 0.4311875 0.72221328125 0.4971859375 0.76009140625 0.49300625 0.7495203125 0.42634765625
1 0.65468125 0.08252265625 0.6203265625 0.0741625 0.60619375 0.139746875 0.64102734375 0.14566171875 0.65468125 0.08252265625
3 0.5910375 0.122121875 0.59654296875 0.1230015625 0.5956625 0.1058421875 0.591478125 0.10650234375 0.59034765625 0.1212609375 0.5910375 0.122121875
1 0.07035390625 0.07105 0.089109375 0.085228125 0.11208828125 0.059065625 0.07525390625 0.0288515625 0.0484609375 0.0588453125 0.0659609375 0.07324375 0.07035390625 0.07105