4 0.9386921875 0.78271171875 0.971790625 0.771428125 0.96727734375 0.75901640625 0.934178125 0.771428125 0.9386921875 0.78271171875
1 0.89656640625 0.7541265625 0.86572421875 0.75337421875 0.86196328125 0.794371875 0.85368828125 0.7939953125 0.8540640625 0.82558984375 0.90296015625 0.82671796875 0.90408828125 0.796628125 0.8954375 0.79587578125 0.89656640625 0.7541265625
1 0.79049921875 0.65821484375 0.79614140625 0.62737265625 0.7596578125 0.618721875 0.75213515625 0.65182109375 0.79049921875 0.65821484375
4 0.00139375 0.34302421875 0.0228328125 0.3490421875 0.044271875 0.293 0.021328125 0.28510078125 0 0.33098828125 0.00139375 0.34302421875
1 0.1202484375 0.501371875 0.1416875 0.507765625 0.1537234375 0.47541953125 0.1334125 0.46714453125 0.142815625 0.44721015625 0.1085890625 0.434421875 0.08526875 0.49911484375 0.11573515625 0.5081421875 0.1202484375 0.501371875
1 0.40846171875 0.4649078125 0.39746328125 0.4982 0.42926953125 0.50830703125 0.426296875 0.5199 0.4616703125 0.5308984375 0.48039765625 0.4750140625 0.44234921875 0.46431328125 0.43878203125 0.473825 0.40846171875 0.4649078125
0 0.4735609375 0.598375 0.4857484375 0.5582453125 0.433728125 0.54368046875 0.42213515625 0.5826203125 0.4735609375 0.598375
3 0.491565625 0.57714140625 0.4948640625 0.56449921875 0.4888171875 0.56257578125 0.48524453125 0.57411875 0.491565625 0.57714140625
0 0.92480390625 0.9598828125 0.94843671875 0.9457984375 0.93745625 0.92908828125 0.9157328125 0.946753125 0.92480390625 0.9598828125
3 0.91935390625 0.96013046875 0.92254453125 0.95729453125 0.91598671875 0.94861015625 0.91315078125 0.95109140625 0.91935390625 0.96013046875
4 0.30975859375 0.389115625 0.30767734375 0.39208828125 0.29221953125 0.3852515625 0.2877609375 0.39476328125 0.31867578125 0.41111328125 0.3237296875 0.40100625 0.31629765625 0.3977359375 0.31867578125 0.393871875 0.30975859375 0.389115625
4 0.33480625 0.41290078125 0.32874921875 0.43357734375 0.33856484375 0.43691875 0.34503984375 0.4162421875 0.33480625 0.41290078125