4 0.0613078125 0.21728828125 0.028209375 0.228571875 0.03272265625 0.24098359375 0.065821875 0.228571875 0.0613078125 0.21728828125
1 0.10343359375 0.2458734375 0.13427578125 0.24662578125 0.13803671875 0.205628125 0.14631171875 0.2060046875 0.1459359375 0.17441015625 0.09703984375 0.17328203125 0.09591171875 0.203371875 0.1045625 0.20412421875 0.10343359375 0.2458734375
1 0.20950078125 0.34178515625 0.20385859375 0.37262734375 0.2403421875 0.381278125 0.24786484375 0.34817890625 0.20950078125 0.34178515625
4 0.99860625 0.65697578125 0.9771671875 0.6509578125 0.955728125 0.707 0.978671875 0.71489921875 1 0.66901171875 0.99860625 0.65697578125
1 0.8797515625 0.498628125 0.8583125 0.492234375 0.8462765625 0.52458046875 0.8665875 0.53285546875 0.857184375 0.55278984375 0.8914109375 0.565578125 0.91473125 0.50088515625 0.88426484375 0.4918578125 0.8797515625 0.498628125
1 0.59153828125 0.5350921875 0.60253671875 0.5018 0.57073046875 0.49169296875 0.573703125 0.4801 0.5383296875 0.4691015625 0.51960234375 0.5249859375 0.55765078125 0.53568671875 0.56121796875 0.526175 0.59153828125 0.5350921875
0 0.5264390625 0.401625 0.5142515625 0.4417546875 0.566271875 0.45631953125 0.57786484375 0.4173796875 0.5264390625 0.401625
3 0.508434375 0.42285859375 0.5051359375 0.43550078125 0.5111828125 0.43742421875 0.51475546875 0.42588125 0.508434375 0.42285859375
0 0.07519609375 0.0401171875 0.05156328125 0.0542015625 0.06254375 0.07091171875 0.0842671875 0.053246875 0.07519609375 0.0401171875
3 0.08064609375 0.03986953125 0.07745546875 0.04270546875 0.08401328125 0.05138984375 0.08684921875 0.04890859375 0.08064609375 0.03986953125
4 0.69024140625 0.610884375 0.69232265625 0.60791171875 0.70778046875 0.6147484375 0.7122390625 0.60523671875 0.68132421875 0.58888671875 0.6762703125 0.59899375 0.68370234375 0.6022640625 0.68132421875 0.606128125 0.69024140625 0.610884375
4 0.66519375 0.58709921875 0.67125078125 0.56642265625 0.66143515625 0.56308125 0.65496015625 0.5837578125 0.66519375 0.58709921875