3 0.74922265625 0.52040078125 0.75231796875 0.433525 0.73312265625 0.4339046875 0.7328609375 0.4339671875 0.73175546875 0.5201796875 0.74922265625 0.52040078125
3 0.76094140625 0.43463046875 0.75364453125 0.43463046875 0.75320234375 0.4450203125 0.76049921875 0.44524140625 0.76094140625 0.43463046875
3 0.754109375 0.45983984375 0.753865625 0.51863203125 0.7715546875 0.51863203125 0.77266015625 0.45961015625 0.754109375 0.45983984375
3 0.77727265625 0.460434375 0.77619765625 0.52084296875 0.793665625 0.520621875 0.79432890625 0.46005234375 0.77727265625 0.460434375
3 0.780440625 0.4507328125 0.77995625 0.4585046875 0.79742421875 0.45828359375 0.7967609375 0.4516515625 0.780440625 0.4507328125
3 0.80320859375 0.45469296875 0.8038359375 0.47132578125 0.81400703125 0.4711046875 0.81400703125 0.4538625 0.80320859375 0.45469296875
3 0.80518828125 0.473303125 0.8049421875 0.483484375 0.81268046875 0.4830421875 0.812459375 0.47353671875 0.80518828125 0.473303125
3 0.80439609375 0.486765625 0.80449921875 0.50227421875 0.81334375 0.5024953125 0.8129015625 0.48702109375 0.80439609375 0.486765625
3 0.7891515625 0.43905234375 0.78990625 0.4454625 0.8002984375 0.4450203125 0.79963515625 0.43971484375 0.7891515625 0.43905234375
3 0.7885578125 0.44518984375 0.78990625 0.450546875 0.801625 0.44944140625 0.8011828125 0.444578125 0.7885578125 0.44518984375
3 0.889528125 0.44162578125 0.8894046875 0.52548515625 0.90598828125 0.52592734375 0.90643046875 0.4423671875 0.889528125 0.44162578125
3 0.76915546875 0.43093515625 0.77044921875 0.4390515625 0.7912328125 0.4381671875 0.7903484375 0.43175703125 0.76915546875 0.43093515625
3 0.79113125 0.43133125 0.79145390625 0.43794609375 0.81179609375 0.43794609375 0.81091171875 0.4324203125 0.79113125 0.43133125
3 0.7697859375 0.42291484375 0.76974921875 0.423609375 0.7706703125 0.43087265625 0.79189609375 0.43109375 0.79145390625 0.425125 0.7697859375 0.42291484375
3 0.79101171875 0.4315359375 0.81223828125 0.43131484375 0.8111328125 0.4246828125 0.791675 0.42490390625 0.7911291352539063 0.42472195166015625 0.79101171875 0.4315359375
3 0.76807890625 0.41668046875 0.7685359375 0.4233390625 0.7897625 0.4248140625 0.79021640625 0.41811875 0.76807890625 0.41668046875
3 0.7902359375 0.41861171875 0.78987578125 0.4245875 0.8099671875 0.4248140625 0.809740625 0.41959375 0.7902359375 0.41861171875
3 0.78953515625 0.41153671875 0.790103125 0.4174375 0.81053515625 0.41857265625 0.8099671875 0.41244453125 0.78953515625 0.41153671875
3 0.7697046875 0.40987109375 0.76967109375 0.4159625 0.78987578125 0.4172109375 0.7897625 0.4114234375 0.7697046875 0.40987109375
3 0.77001171875 0.4046140625 0.77023828125 0.40938046875 0.79078359375 0.41176328125 0.7906703125 0.40506796875 0.77001171875 0.4046140625
3 0.7904390625 0.40509375 0.7903296875 0.411990625 0.8106484375 0.4125578125 0.81076171875 0.40563515625 0.7904390625 0.40509375
3 0.7832921875 0.39837265625 0.782725 0.4039328125 0.79668671875 0.40472734375 0.79634609375 0.399053125 0.7832921875 0.39837265625
3 0.76848515625 0.39574296875 0.77001171875 0.40325234375 0.782725 0.40359296875 0.7832921875 0.39735078125 0.76848515625 0.39574296875
3 0.75293515625 0.37927734375 0.75060078125 0.387715625 0.7706921875 0.39407109375 0.77375703125 0.38760234375 0.75293515625 0.37927734375
3 0.7712296875 0.388425 0.77091953125 0.39668125 0.78703828125 0.397021875 0.78567578125 0.38907734375 0.7712296875 0.388425
3 0.78545859375 0.383953125 0.7874921875 0.39236875 0.80236171875 0.3925953125 0.80168125 0.385559375 0.78545859375 0.383953125
3 0.77681953125 0.37693984375 0.776821875 0.38374375 0.789421875 0.383403125 0.78964921875 0.376140625 0.77681953125 0.37693984375
3 0.75517109375 0.3718578125 0.75605 0.37965859375 0.77602734375 0.381246875 0.7762546875 0.37353046875 0.75517109375 0.3718578125
3 0.76980703125 0.36992734375 0.770125 0.3745515625 0.78351953125 0.37443828125 0.78283828125 0.3698984375 0.76980703125 0.36992734375
3 0.769784375 0.366834375 0.769784375 0.37046640625 0.78340546875 0.3702390625 0.78204375 0.36649375 0.769784375 0.366834375
3 0.7695015625 0.3629140625 0.769784375 0.366834375 0.7839734375 0.367175 0.7832921875 0.36308984375 0.7695015625 0.3629140625
3 0.7839734375 0.36308984375 0.7829515625 0.3594578125 0.7692360693359375 0.3595717177734375 0.76944375 0.36331640625 0.7839734375 0.36308984375
3 0.76933046875 0.354578125 0.76933046875 0.3565078125 0.77001171875 0.3601390625 0.78351953125 0.36002578125 0.7826109375 0.35446484375 0.76933046875 0.354578125
3 0.78283828125 0.35537265625 0.78317890625 0.360365625 0.795778125 0.36059296875 0.7945296875 0.35480546875 0.78283828125 0.35537265625
3 0.76942890625 0.342290625 0.7701265625 0.34822265625 0.7845234375 0.3488328125 0.7843484375 0.34255234375 0.76942890625 0.342290625
3 0.769690625 0.335225 0.769609375 0.33544140625 0.7700390625 0.34063359375 0.78609375 0.34098203125 0.78591953125 0.3356609375 0.769690625 0.335225
3 0.769609375 0.32887890625 0.77047578125 0.3347890625 0.78687890625 0.33539921875 0.7865296875 0.32929296875 0.769609375 0.32887890625
3 0.76921875 0.32317578125 0.76942890625 0.32885703125 0.7853953125 0.32876953125 0.78478515625 0.322925 0.76921875 0.32317578125
3 0.76759609375 0.31673203125 0.76820703125 0.32336171875 0.78190546875 0.3224890625 0.78138203125 0.31664453125 0.76759609375 0.31673203125
3 0.783671875 0.31645703125 0.78408671875 0.32275078125 0.79796015625 0.32336171875 0.79796015625 0.3165578125 0.783671875 0.31645703125
3 0.76489140625 0.309840625 0.76489140625 0.31577265625 0.77955 0.31559765625 0.77955 0.3094046875 0.76489140625 0.309840625
3 0.760703125 0.30348828125 0.76227421875 0.309928125 0.77736875 0.3093171875 0.77701953125 0.3032984375 0.760703125 0.30348828125
3 0.762421875 0.29661328125 0.762971875 0.30294921875 0.77719375 0.30251328125 0.77719375 0.29658125 0.762421875 0.29661328125
3 0.77734375 0.29637890625 0.77736875 0.303734375 0.7909796875 0.30390859375 0.79063046875 0.29745390625 0.77734375 0.29637890625
3 0.790859375 0.29661328125 0.79124140625 0.3028625 0.8030203125 0.30294921875 0.80284609375 0.2960578125 0.790859375 0.29661328125
3 0.78484375 0.30481640625 0.78461015625 0.31062578125 0.798221875 0.3108875 0.798221875 0.30451953125 0.78484375 0.30481640625
3 0.821328125 0.24903515625 0.82143046875 0.2733953125 0.83224921875 0.27348203125 0.83504140625 0.250365625 0.821328125 0.24903515625
3 0.83765625 0.24942578125 0.835390625 0.274703125 0.84559921875 0.274703125 0.8469078125 0.25071484375 0.83765625 0.24942578125
3 0.84559921875 0.27762109375 0.8453125 0.27762890625 0.84612265625 0.3002140625 0.852840625 0.30012734375 0.85310234375 0.27779609375 0.84559921875 0.27762109375
3 0.85214296875 0.2830296875 0.85161953125 0.29864453125 0.85694140625 0.2982078125 0.85755234375 0.28294296875 0.85214296875 0.2830296875
3 0.9039375 0.24019453125 0.89442109375 0.24640234375 0.90583359375 0.26819375 0.91574921875 0.26146015625 0.9039375 0.24019453125
3 0.92001953125 0.2568625 0.91631015625 0.28203515625 0.92613203125 0.28315703125 0.93062265625 0.25949609375 0.92001953125 0.2568625
3 0.94766015625 0.24723046875 0.94390546875 0.27417890625 0.9558796875 0.27595625 0.96111796875 0.25005 0.94766015625 0.24723046875
3 0.88400234375 0.3009203125 0.8832890625 0.327265625 0.8918953125 0.32735859375 0.89554375 0.30285546875 0.88400234375 0.3009203125
3 0.87019296875 0.32344765625 0.87009921875 0.32326015625 0.86111875 0.3456125 0.87215703125 0.3501953125 0.88235390625 0.327375 0.87019296875 0.32344765625