0 0.94441328125 0.786240625 0.94471015625 0.77078359375 0.9158765625 0.769 0.91528203125 0.78475390625 0.94441328125 0.786240625
1 0.77051875 0.62066953125 0.7910296875 0.58916015625 0.7657625 0.57191953125 0.7128515625 0.64890859375 0.73960390625 0.6652578125 0.7595203125 0.63523515625 0.7630875 0.6376125 0.743765625 0.6679328125 0.7764640625 0.69022734375 0.809459375 0.639990625 0.77705859375 0.617696875 0.772896875 0.62334453125 0.77051875 0.62066953125
4 0.328203125 0.40129453125 0.3543609375 0.34243828125 0.3380125 0.3356015625 0.309178125 0.3920796875 0.328203125 0.40129453125
1 0.186709375 0.2990390625 0.2024640625 0.27139453125 0.16322578125 0.25207265625 0.1489578125 0.28031171875 0.186709375 0.2990390625
1 0.06186171875 0.2039171875 0.04432421875 0.23899296875 0.08950703125 0.25712578125 0.103775 0.22502265625 0.06186171875 0.2039171875
1 0.23367578125 0.9806453125 0.21673203125 0.9928328125 0.22148828125 0.9999671875 0.2405125 0.99966953125 0.24526875 0.9964 0.23367578125 0.9806453125
0 0.28183125 0.93843515625 0.2491328125 0.95062265625 0.262509375 0.9827265625 0.2931265625 0.9684578125 0.28183125 0.93843515625
0 0.39359921875 0.96459375 0.4105421875 0.94319140625 0.3858703125 0.92238359375 0.37071015625 0.9423 0.39359921875 0.96459375
1 0.431053125 0.9999671875 0.43313359375 0.983915625 0.3933015625 0.97975390625 0.3906265625 1 0.431053125 0.9999671875
4 0.51606796875 0.4215078125 0.5139875 0.422696875 0.511609375 0.42091328125 0.5029890625 0.42923671875 0.52914765625 0.45480078125 0.5347953125 0.44528828125 0.52409375 0.4333984375 0.526175 0.43042578125 0.51606796875 0.4215078125
0 0.3418765625 0.46639375 0.35079453125 0.44231640625 0.33385078125 0.43666796875 0.3249328125 0.4616375 0.3418765625 0.46639375
3 0.5914 0.45654453125 0.58424453125 0.46823203125 0.58829921875 0.471571875 0.59569375 0.458690625 0.5914 0.45654453125
1 0.6088125 0.46131484375 0.5887765625 0.4916078125 0.6185921875 0.5111671875 0.618115625 0.51236015625 0.637675 0.48087421875 0.6088125 0.46131484375