2 0.0853765625 0.1719265625 0.20127578125 0.14104609375 0.20449453125 0.14495546875 0.2219671875 0.14035625 0.22288671875 0.14771484375 0.249784375 0.14104609375 0.2175984375 0.0304390625 0.20656328125 0.03365859375 0.204034375 0.0260703125 0.17713671875 0.03411796875 0.17437734375 0.02974921875 0.055059375 0.06263203125 0.0853765625 0.1719265625
2 0.2080703125 0.0001953125 0.24557421875 0.1259546875 0.39497421875 0.08641171875 0.38165 0.0383484375 0.42992109375 0.0280796875 0.4224953125 0 0.2080703125 0.0001953125
1 0.37021171875 0.2107578125 0.34403203125 0.21997734375 0.376584375 0.33505546875 0.50085390625 0.30185625 0.49209140625 0.274234375 0.484390625 0.249534375 0.41853828125 0.26759453125 0.40048203125 0.20411796875 0.37021171875 0.2107578125
1 0.64579765625 0.13634765625 0.6142984375 0.1450390625 0.6258953125 0.176434375 0.69909765625 0.15693671875 0.685875 0.1242125 0.6565671875 0.13307578125 0.6601109375 0.1434375 0.65029609375 0.1464375 0.64579765625 0.13634765625
1 0.6627671875 0.1952171875 0.6755390625 0.2308375 0.71438984375 0.2195203125 0.70239375 0.18447890625 0.663134375 0.19484140625 0.6627671875 0.1952171875
2 0.99921875 0.01684765625 0.8350171875 0.061171875 0.865971875 0.1757359375 0.845503125 0.18174453125 0.85907421875 0.23292734375 0.99921875 0.1957640625 0.99921875 0.01684765625
2 0.96516171875 0.3159859375 0.90535859375 0.3316828125 0.9269515625 0.4086703125 0.985890625 0.39381640625 0.96516171875 0.3159859375
2 0.78419921875 0.33666484375 0.70174375 0.35842265625 0.73446328125 0.47394375 0.815678125 0.4521140625 0.78419921875 0.33666484375
1 0.12535703125 0.59885234375 0.0531328125 0.61588046875 0.11572578125 0.8655921875 0.1795359375 0.8505390625 0.1624796875 0.78149609375 0.173315625 0.77948828125 0.16890078125 0.7654390625 0.16689375 0.75319609375 0.15385078125 0.75419921875 0.1436171875 0.71706875 0.15505546875 0.714459375 0.15144296875 0.70141328125 0.14803203125 0.687765625 0.137396875 0.68937109375 0.12616015625 0.64361015625 0.13579140625 0.64140234375 0.12535703125 0.59885234375
1 0.03548046875 0.33097890625 0.00045703125 0.3397953125 0.00045703125 0.42261875 0.05426875 0.4091625 0.03548046875 0.33097890625
1 0.3076765625 0.48781015625 0.22614765625 0.50998359375 0.23183046875 0.5316578125 0.2369328125 0.55416171875 0.3202015625 0.53305 0.31277890625 0.51008203125 0.3076765625 0.48781015625
1 0.28401796875 0.41287421875 0.16860625 0.44413203125 0.18497734375 0.50428203125 0.3014140625 0.472034375 0.29283203125 0.44233828125 0.28401796875 0.41287421875
1 0.42124140625 0.444890625 0.39461875 0.45327265625 0.4214734375 0.55045 0.4469875 0.5423296875 0.47273359375 0.5365296875 0.46971796875 0.52145 0.47806796875 0.5191296875 0.4757484375 0.510778125 0.474125 0.50474609375 0.46507890625 0.5075296875 0.4465234375 0.4386265625 0.42124140625 0.444890625
1 0.220225 0.62284375 0.20258671875 0.62689296875 0.2186578125 0.6826078125 0.30328828125 0.65831015625 0.2942765625 0.62950546875 0.287615625 0.60383671875 0.23903203125 0.61794453125 0.23609296875 0.60677578125 0.217090625 0.61245859375 0.220225 0.62284375
1 0.4429640625 0.633425 0.41874453125 0.64022734375 0.4580484375 0.781953125 0.5052609375 0.77000078125 0.46882265625 0.6277421875 0.4429640625 0.633425
1 0.59446640625 0.59913359375 0.56384375 0.611453125 0.59074453125 0.710628125 0.60641640625 0.7071015625 0.60994296875 0.7202296875 0.6277703125 0.7163109375 0.6440296875 0.71141171875 0.6408953125 0.69789140625 0.65617578125 0.69534453125 0.6289453125 0.59482265625 0.59446640625 0.59913359375
1 0.79061640625 0.5399578125 0.720090625 0.55955234375 0.7334125 0.60971484375 0.742228125 0.64459375 0.75221875 0.68025625 0.82725 0.66026953125 0.80785546875 0.58796484375 0.80472109375 0.589140625 0.79061640625 0.5399578125
0 0.66538828125 0.8543578125 0.62445859375 0.86481484375 0.6415953125 0.92703359375 0.6825921875 0.9197109375 0.66538828125 0.8543578125
1 0.7018921875 0.7891875 0.677403125 0.7962984375 0.71104296875 0.913853125 0.7339203125 0.9045171875 0.758628125 0.898659375 0.72733203125 0.7833296875 0.7018921875 0.7891875
0 0.54609296875 0.03901328125 0.533790625 0.0434640625 0.54334453125 0.07043046875 0.56651015625 0.06375390625 0.5595734375 0.03665703125 0.54609296875 0.03901328125
3 0.8853046875 0.29328046875 0.87634921875 0.29506953125 0.88058984375 0.31174921875 0.88943046875 0.31037421875 0.8853046875 0.29328046875
3 0.52567890625 0.0072140625 0.52782734375 0.01350703125 0.54098984375 0.01036328125 0.53922109375 0.00368359375 0.52567890625 0.0072140625
3 0.0816875 0.58062109375 0.0577375 0.58761015625 0.0600859375 0.59820625 0.084953125 0.59066953125 0.0816875 0.58062109375
3 0.05682109375 0.58614765625 0.0464890625 0.58536015625 0.04627109375 0.60951015625 0.05631875 0.6090078125 0.05682109375 0.58614765625
3 0.7140375 0.6028765625 0.70666171875 0.6047734375 0.71183359375 0.62540390625 0.71844375 0.624425 0.7140375 0.6028765625
3 0.70504296875 0.38542421875 0.6972328125 0.38790546875 0.700390625 0.40329921875 0.70896015625 0.401340625 0.70504296875 0.38542421875
3 0.85017421875 0.793328125 0.82843671875 0.79791875 0.8306359375 0.805575 0.85086171875 0.80075859375 0.85017421875 0.793328125
3 0.84935078125 0.8667390625 0.82568515625 0.8710046875 0.8271984375 0.87843515625 0.8504515625 0.87348125 0.84935078125 0.8667390625
3 0.63299609375 0.846765625 0.61905625 0.8512375 0.62110078125 0.85765703125 0.63534140625 0.85346796875 0.63299609375 0.846765625
3 0.62885703125 0.72029765625 0.61635546875 0.72414453125 0.6186375 0.7303515625 0.63120234375 0.7268328125 0.62885703125 0.72029765625
3 0.3837046875 0.75819296875 0.3763796875 0.76035078125 0.38278046875 0.7836 0.39017109375 0.78128984375 0.3837046875 0.75819296875