3 0.4632421875 0.68704609375 0.466778125 0.67884921875 0.4529546875 0.67370546875 0.4503828125 0.68270625 0.4632421875 0.68704609375
3 0.55711171875 0.76725390625 0.560165625 0.75873515625 0.5466640625 0.75455546875 0.5440921875 0.763878125 0.55711171875 0.76725390625
1 0.5039046875 0.60969765625 0.4940046875 0.6079125 0.48361796875 0.64864609375 0.49351796875 0.65108046875 0.488325 0.6708796875 0.5895921875 0.69700859375 0.5994921875 0.65708515625 0.612475 0.61667578125 0.50893515625 0.59006015625 0.5039046875 0.60969765625
1 0.55160234375 0.8318015625 0.49491171875 0.81509140625 0.4906953125 0.83430078125 0.48491640625 0.85366640625 0.56940625 0.87506171875 0.57424765625 0.8571015625 0.58174375 0.83633125 0.555975 0.828521875 0.55160234375 0.8318015625
0 0.59283203125 0.80868828125 0.59939140625 0.81134296875 0.60704375 0.8130609375 0.61172890625 0.79635078125 0.6047015625 0.7951015625 0.5982984375 0.79228984375 0.59283203125 0.80868828125
1 0.651240625 0.8774046875 0.6454625 0.89692578125 0.7432265625 0.92253828125 0.7490046875 0.90348515625 0.75400234375 0.88443203125 0.65545703125 0.85897578125 0.651240625 0.8774046875
3 0.8137453125 0.31920703125 0.80588046875 0.319509375 0.8061828125 0.33508828125 0.81419921875 0.3349375 0.8137453125 0.31920703125
1 0.83159296875 0.3125515625 0.83189609375 0.360953125 0.8710703125 0.360196875 0.87212890625 0.3264671875 0.86849921875 0.3264671875 0.868196875 0.3133078125 0.83159296875 0.3125515625
1 0.85781640625 0.00078125 0.811525 0.00078125 0.811225 0.02862734375 0.8573671875 0.0293765625 0.85781640625 0.00078125
3 0.80568203125 0.00078125 0.799090625 0.00078125 0.798790625 0.01244765625 0.80583203125 0.0119984375 0.80568203125 0.00078125
1 0.99921875 0.09888828125 0.99893828125 0.06652890625 0.952646875 0.06548046875 0.952196875 0.09903828125 0.99921875 0.09888828125