2 0.182646875 0.05949375 0.19746640625 0.00106328125 0.0202578125 0.0004375 0.016709375 0.01567109375 0.182646875 0.05949375
1 0.20494140625 0.17127578125 0.23520703125 0.18066640625 0.2690203125 0.18943125 0.2750734375 0.16480703125 0.2861359375 0.16689375 0.29156328125 0.144565625 0.28154453125 0.14185234375 0.2861359375 0.12077578125 0.34729296875 0.1364265625 0.359190625 0.11889765625 0.360234375 0.09302109375 0.30721796875 0.07862265625 0.31118359375 0.06213671875 0.3022078125 0.05942421875 0.3063828125 0.04544296875 0.27277734375 0.03688671875 0.24240234375 0.02871640625 0.23478984375 0.06109375 0.226440625 0.08091796875 0.22351796875 0.103246875 0.20494140625 0.17127578125
1 0.50938671875 0.12809921875 0.48492578125 0.12195078125 0.46356875 0.11547265625 0.4499828125 0.16481328125 0.47136796875 0.17193984375 0.497365625 0.18022265625 0.50938671875 0.12809921875
1 0.4569265625 0.2825125 0.4712640625 0.2856234375 0.480596875 0.25235625 0.47613359375 0.25073359375 0.49236484375 0.1952890625 0.4774859375 0.18920390625 0.45901953125 0.1838078125 0.44326484375 0.24180859375 0.45232734375 0.24478359375 0.442859375 0.27845625 0.4569265625 0.2825125
1 0.55727734375 0.06321015625 0.5671890625 0.0253609375 0.51583984375 0.01077109375 0.51389375 0.01906328125 0.50634140625 0.01723984375 0.50276171875 0.02825078125 0.4994578125 0.0450421875 0.55727734375 0.06321015625
0 0.52252265625 0.07256015625 0.516253125 0.09980703125 0.5645734375 0.11288203125 0.5698046875 0.08618125 0.52252265625 0.07256015625
0 0.61722421875 0.098740625 0.5721765625 0.08700625 0.5691625 0.0954109375 0.56836953125 0.103815625 0.6127828125 0.11459921875 0.61722421875 0.098740625
2 0.0201 0.50385234375 0.0008109375 0.50483046875 0.00053203125 0.54046484375 0.0194015625 0.54032578125 0.0201 0.50385234375
1 0.08873046875 0.56128671875 0.088590625 0.5470328125 0.0312890625 0.5465140625 0.0307234375 0.56184609375 0.0312828125 0.57568046875 0.08956953125 0.5763796875 0.08873046875 0.56128671875
1 0.23643203125 0.7736125 0.16561796875 0.773590625 0.16444453125 0.7902078125 0.1658 0.83626953125 0.23693984375 0.83677734375 0.23643203125 0.7736125
1 0.02976796875 0.911690625 0.0295984375 0.87341875 0.0001515625 0.873840625 0.000803125 0.911690625 0.0111359375 0.91118203125 0.02976796875 0.911690625
4 0.0598234375 0.7432515625 0.0601640625 0.75092109375 0.056584375 0.750409375 0.0567546875 0.76523671875 0.0598234375 0.7654078125 0.05999375 0.77120234375 0.0719265625 0.7701796875 0.07175625 0.76694140625 0.07431328125 0.76677109375 0.0746546875 0.75807890625 0.072096875 0.75807890625 0.0715859375 0.73098046875 0.05999375 0.73234375 0.05999375 0.73575234375 0.05726640625 0.73558203125 0.05726640625 0.7432515625 0.0598234375 0.7432515625
1 0.07601796875 0.77392890625 0.0582890625 0.774440625 0.04258671875 0.77398203125 0.04226484375 0.81193515625 0.05743671875 0.810571875 0.076359375 0.81193515625 0.07601796875 0.77392890625
0 0.20524765625 0.61528671875 0.20558359375 0.6136078125 0.2069265625 0.6136078125 0.20761484375 0.59437890625 0.16915 0.593296875 0.16948515625 0.6035359375 0.169653125 0.61427890625 0.20524765625 0.61528671875
1 0.22069453125 0.5906109375 0.21263515625 0.59111484375 0.21146015625 0.64701171875 0.23177578125 0.6478515625 0.2537703125 0.64852265625 0.25528125 0.59245703125 0.2389953125 0.59161796875 0.24101015625 0.5340421875 0.222709375 0.53387421875 0.205059375 0.53304140625 0.2045765625 0.57902890625 0.22069453125 0.57986796875 0.22069453125 0.5906109375
1 0.2333171875 0.501834375 0.24706953125 0.502565625 0.26096875 0.50271171875 0.26345546875 0.45458828125 0.24867890625 0.45502734375 0.2255625 0.45385703125 0.22497734375 0.46438828125 0.22497734375 0.47448125 0.2340484375 0.47462734375 0.2333171875 0.501834375
1 0.21699296875 0.437225 0.17344609375 0.435665625 0.17324765625 0.4458546875 0.17339453125 0.45506953125 0.2164078125 0.45609375 0.21699296875 0.437225
0 0.19480546875 0.3348671875 0.177925 0.3309171875 0.16143828125 0.32539296875 0.14883359375 0.37310859375 0.1646359375 0.3777765625 0.18421015625 0.3833421875 0.19480546875 0.3348671875
1 0.2887953125 0.3741859375 0.26976015625 0.36969765625 0.2710171875 0.35964296875 0.2527 0.35443671875 0.24982734375 0.36413125 0.22929375 0.35835625 0.22228046875 0.37903359375 0.22109453125 0.384778125 0.28322890625 0.40093671875 0.2887953125 0.3741859375
1 0.46030234375 0.4778953125 0.46938046875 0.43958984375 0.43598984375 0.4274359375 0.42152578125 0.4671265625 0.46030234375 0.4778953125
0 0.53048671875 0.43871953125 0.5181765625 0.43625859375 0.50771328125 0.4327203125 0.50001953125 0.46225703125 0.508790625 0.46671875 0.5226390625 0.4694875 0.53048671875 0.43871953125
1 0.66512734375 0.474871875 0.56510859375 0.44841171875 0.556953125 0.4734875 0.5520296875 0.49717890625 0.652509375 0.52471640625 0.66512734375 0.474871875
4 0.4935734375 0.85721875 0.4922453125 0.839290625 0.49955078125 0.838959375 0.49905234375 0.816715625 0.45339296875 0.81721328125 0.453559375 0.80791796875 0.4401109375 0.8077515625 0.440775 0.81704765625 0.39813125 0.8164296875 0.3984359375 0.83663515625 0.4630234375 0.83663515625 0.4631890625 0.855890625 0.4935734375 0.85721875
0 0.37627734375 0.88793828125 0.37784765625 0.9105328125 0.40889609375 0.9106984375 0.4090625 0.8894515625 0.37627734375 0.88793828125
1 0.58559765625 0.78168671875 0.58444609375 0.8405921875 0.6811734375 0.840784375 0.68059765625 0.78245390625 0.58559765625 0.78168671875
0 0.60705546875 0.9234921875 0.5963171875 0.9237671875 0.5869171875 0.92292421875 0.5865421875 0.95281015625 0.5964546875 0.9546 0.6065046875 0.95391171875 0.60705546875 0.9234921875
1 0.6052109375 0.98021640625 0.60556875 0.99921875 0.68063359375 0.99921875 0.6804546875 0.98057421875 0.6052109375 0.98021640625
1 0.85535703125 0.85207421875 0.8474984375 0.88942578125 0.92820703125 0.90762421875 0.9357625 0.870540625 0.85535703125 0.85207421875
1 0.96191171875 0.8762140625 0.95379296875 0.9132890625 0.99921875 0.9242765625 0.99921875 0.8858203125 0.96191171875 0.8762140625
1 0.70665546875 0.36681953125 0.7211171875 0.37104296875 0.7219296875 0.36568203125 0.7476046875 0.37201796875 0.75605390625 0.34634921875 0.7386671875 0.34228828125 0.75069140625 0.29777421875 0.7313546875 0.29420078125 0.71445546875 0.2881890625 0.7034875 0.33226875 0.68683125 0.32799140625 0.68081875 0.35382265625 0.70811796875 0.3616203125 0.70665546875 0.36681953125
0 0.64114375 0.2554453125 0.62911953125 0.30093359375 0.66389296875 0.31051875 0.67559296875 0.2653546875 0.64114375 0.2554453125
1 0.98887421875 0.08721484375 0.96582734375 0.08186640625 0.94502890625 0.07492578125 0.93166875 0.12568671875 0.9538921875 0.13226953125 0.97591015625 0.1370015625 0.98887421875 0.08721484375
4 0.91666640625 0.2972703125 0.9124890625 0.31415703125 0.9931296875 0.33394921875 0.9962171875 0.31506484375 0.91666640625 0.2972703125
3 0.6619453125 0.17098984375 0.65940859375 0.179684375 0.68198046875 0.18613203125 0.685584375 0.1777875 0.6619453125 0.17098984375
3 0.57538203125 0.20623515625 0.5732953125 0.21571796875 0.5888484375 0.219890625 0.59150390625 0.2098390625 0.57538203125 0.20623515625
3 0.57451796875 0.93182265625 0.56699375 0.931371875 0.56710625 0.9472140625 0.57380546875 0.9476421875 0.57451796875 0.93182265625
3 0.533040625 0.87809375 0.5249984375 0.87725078125 0.52534375 0.89191796875 0.5324703125 0.8941984375 0.533040625 0.87809375
3 0.12056171875 0.2048046875 0.1190515625 0.21347578125 0.14194296875 0.21891796875 0.1445046875 0.20867421875 0.12056171875 0.2048046875
3 0.063321875 0.34739921875 0.05712109375 0.34504296875 0.05600546875 0.36116171875 0.06146171875 0.3624015625 0.063321875 0.34739921875
3 0.1703109375 0.46931875 0.17004609375 0.4694515625 0.16872109375 0.479521875 0.1848890625 0.48045 0.187009375 0.47170390625 0.1703109375 0.46931875
3 0.07861640625 0.50204765625 0.07081171875 0.5016296875 0.07011953125 0.51813203125 0.07861640625 0.5186984375 0.07861640625 0.50204765625
3 0.16223203125 0.5834421875 0.16153359375 0.59048828125 0.17681640625 0.59123359375 0.17793515625 0.584525 0.16223203125 0.5834421875