0 0.01881484375 0.20317734375 0.04398359375 0.22251796875 0.0740796875 0.179440625 0.04803125 0.16062734375 0.01881484375 0.20317734375
1 0.1470046875 0.1884078125 0.1376765625 0.183309375 0.13556484375 0.1862984375 0.1199 0.17522109375 0.0977234375 0.20616640625 0.14049296875 0.23939765625 0.16442890625 0.2075734375 0.1441890625 0.1922765625 0.1470046875 0.1884078125
3 0.155453125 0.24731015625 0.14770859375 0.24768910009765624 0.14770859375 0.24977109375 0.14946875 0.263134375 0.156509375 0.264540625 0.155453125 0.24731015625
3 0.83097109375 0.51229296875 0.8258 0.5160234375 0.83407578125 0.52835078125 0.84016328125 0.5246328125 0.83097109375 0.51229296875
1 0.81976796875 0.47383984375 0.844471875 0.50224921875 0.8891921875 0.46031640625 0.8648671875 0.4348125 0.81976796875 0.47383984375
1 0.56650234375 0.37799375 0.56678984375 0.3742625 0.5455328125 0.372828125 0.54696953125 0.35101875 0.51134921875 0.34814921875 0.5104875 0.41328984375 0.58088359375 0.41596484375 0.58201484375 0.37914140625 0.56650234375 0.37799375
3 0.499571875 0.38832421875 0.499859375 0.39980234375 0.5084765625 0.4003765625 0.507328125 0.38775 0.499859375 0.3871765625 0.499571875 0.38832421875
1 0.5869484375 0.76123515625 0.610790625 0.7925140625 0.68035234375 0.737621875 0.6579 0.71015546875 0.5869484375 0.76123515625
1 0.5474984375 0.76955703125 0.52336875 0.77300078125 0.526528125 0.7925140625 0.53112421875 0.8346984375 0.5983421875 0.82723671875 0.5914484375 0.77873984375 0.55209453125 0.7859140625 0.5474984375 0.76955703125
0 0.4339359375 0.768121875 0.45433125 0.8527765625 0.49519453125 0.8439796875 0.4778859375 0.75951328125 0.4339359375 0.768121875
3 0.4614015625 0.7622953125 0.4723484375 0.75987265625 0.47175859375 0.75476484375 0.46180625 0.75795703125 0.4614015625 0.7622953125
3 0.44855390625 0.7596109375 0.45012734375 0.7645875 0.45964453125 0.7619859375 0.4588453125 0.75764609375 0.44855390625 0.7596109375
3 0.4361 0.76347421875 0.4374765625 0.76694453125 0.447046875 0.76498046875 0.44593203125 0.7611171875 0.4361 0.76347421875