1 0.4254796875 1 0.44102734375 0.9419796875 0.40083046875 0.9336375 0.383765625 0.994690625 0.39855546875 1 0.4254796875 1
1 0.519525 0.96169921875 0.47060625 0.9472890625 0.45392109375 1 0.45467890625 0.9984828125 0.50663203125 1 0.519525 0.96169921875
1 0.97306640625 0.6147171875 0.9677578125 0.634815625 0.99240625 0.64429609375 0.999990625 0.648846875 1 0.62533515625 0.97306640625 0.6147171875
1 0.92793984375 0.50853671875 0.9764796875 0.52256796875 0.97572109375 0.48350859375 0.9396953125 0.47364921875 0.92793984375 0.50853671875
1 0.9624484375 0.031484375 0.95410546875 0.0311046875 0.9537265625 0.05044453125 0.9776171875 0.050065625 0.9787546875 0.0159359375 0.9635859375 0.0159359375 0.9624484375 0.031484375
1 0.90177421875 0.1494203125 0.97685859375 0.1581421875 0.97685859375 0.0788859375 0.910875 0.0724390625 0.90177421875 0.1494203125
3 0.31698984375 0.6204765625 0.30575078125 0.61817109375 0.30431015625 0.62191796875 0.316125 0.6245109375 0.31698984375 0.6204765625
3 0.22679140625 0.54094140625 0.21267109375 0.5371953125 0.20978984375 0.5426703125 0.22333359375 0.54555234375 0.22679140625 0.54094140625
3 0.6976125 0.2464890625 0.69224609375 0.2464890625 0.69202265625 0.25677421875 0.69671796875 0.2558796875 0.6976125 0.2464890625
3 0.56748125 0.1814234375 0.56748125 0.195509375 0.571953125 0.19595703125 0.5721765625 0.1812 0.56748125 0.1814234375
1 0.2436140625 0.71385 0.32825625 0.7357625 0.34157578125 0.69752265625 0.25392578125 0.67475078125 0.2436140625 0.71385
1 0.26251953125 0.47023515625 0.25435546875 0.46937578125 0.24404375 0.50933359375 0.25091875 0.51062265625 0.24748125 0.53167578125 0.349309375 0.55874453125 0.3716515625 0.4775390625 0.26939375 0.45047109375 0.26251953125 0.47023515625
1 0.51257890625 0.74435546875 0.4137578125 0.71986484375 0.40516484375 0.75810390625 0.50441484375 0.78474296875 0.51257890625 0.74435546875
0 0.684440625 0.84790234375 0.63674921875 0.835871875 0.62944453125 0.86895546875 0.67369921875 0.88227421875 0.684440625 0.84790234375
0 0.88251171875 0.88485234375 0.83438984375 0.8719625 0.82150078125 0.9162171875 0.8717703125 0.92996640625 0.88251171875 0.88485234375
1 0.9577015625 0.67775859375 0.96758359375 0.68291484375 0.9727390625 0.6678765625 0.96242734375 0.66486875 0.96328671875 0.65584609375 0.9271953125 0.6459640625 0.91860234375 0.67689921875 0.9542640625 0.685921875 0.9577015625 0.67775859375
1 0.9340703125 0.749940625 0.94051484375 0.72158359375 0.9095796875 0.71385 0.90227578125 0.74005859375 0.9340703125 0.749940625
1 0.58948671875 0.1711953125 0.59163515625 0.22275390625 0.63073359375 0.22103515625 0.62944453125 0.18494453125 0.620421875 0.18623359375 0.6199921875 0.170765625 0.58948671875 0.1711953125
1 0.7428734375 0.1497125 0.743303125 0.18580390625 0.7690828125 0.18623359375 0.768653125 0.20084140625 0.803884375 0.20170078125 0.80173671875 0.1497125 0.7428734375 0.1497125
1 0.7480296875 0.12049609375 0.750178125 0.13983046875 0.803025 0.13768203125 0.80173671875 0.11533984375 0.75791171875 0.11705859375 0.75748203125 0.12049609375 0.7480296875 0.12049609375