1 0 0.4254796875 0.0580203125 0.44102734375 0.0663625 0.40083046875 0.005309375 0.383765625 0 0.39855546875 0 0.4254796875
1 0.0015171875 0.45467890625 0 0.50663203125 0.03830078125 0.519525 0.0527109375 0.47060625 0 0.45392109375 0.0015171875 0.45467890625
1 0.351153125 0.999990625 0.37466484375 1 0.3852828125 0.97306640625 0.365184375 0.9677578125 0.35570390625 0.99240625 0.351153125 0.999990625
1 0.51649140625 0.97572109375 0.52635078125 0.9396953125 0.49146328125 0.92793984375 0.47743203125 0.9764796875 0.51649140625 0.97572109375
1 0.9840640625 0.9787546875 0.9840640625 0.9635859375 0.968515625 0.9624484375 0.9688953125 0.95410546875 0.94955546875 0.9537265625 0.949934375 0.9776171875 0.9840640625 0.9787546875
1 0.9211140625 0.97685859375 0.9275609375 0.910875 0.8505796875 0.90177421875 0.8418578125 0.97685859375 0.9211140625 0.97685859375
3 0.37808203125 0.30431015625 0.3754890625 0.316125 0.3795234375 0.31698984375 0.38182890625 0.30575078125 0.37808203125 0.30431015625
3 0.4573296875 0.20978984375 0.45444765625 0.22333359375 0.45905859375 0.22679140625 0.4628046875 0.21267109375 0.4573296875 0.20978984375
3 0.74322578125 0.69202265625 0.7441203125 0.69671796875 0.7535109375 0.6976125 0.7535109375 0.69224609375 0.74322578125 0.69202265625
3 0.80404296875 0.571953125 0.8188 0.5721765625 0.8185765625 0.56748125 0.804490625 0.56748125 0.80404296875 0.571953125
1 0.30247734375 0.34157578125 0.32524921875 0.25392578125 0.28615 0.2436140625 0.2642375 0.32825625 0.30247734375 0.34157578125
1 0.5224609375 0.3716515625 0.54952890625 0.26939375 0.52976484375 0.26251953125 0.53062421875 0.25435546875 0.49066640625 0.24404375 0.48937734375 0.25091875 0.46832421875 0.24748125 0.44125546875 0.349309375 0.5224609375 0.3716515625
1 0.24189609375 0.40516484375 0.21525703125 0.50441484375 0.25564453125 0.51257890625 0.28013515625 0.4137578125 0.24189609375 0.40516484375
0 0.13104453125 0.62944453125 0.11772578125 0.67369921875 0.15209765625 0.684440625 0.164128125 0.63674921875 0.13104453125 0.62944453125
0 0.0837828125 0.82150078125 0.07003359375 0.8717703125 0.11514765625 0.88251171875 0.1280375 0.83438984375 0.0837828125 0.82150078125
1 0.32310078125 0.91860234375 0.314078125 0.9542640625 0.32224140625 0.9577015625 0.31708515625 0.96758359375 0.3321234375 0.9727390625 0.33513125 0.96242734375 0.34415390625 0.96328671875 0.3540359375 0.9271953125 0.32310078125 0.91860234375
1 0.28615 0.9095796875 0.25994140625 0.90227578125 0.250059375 0.9340703125 0.27841640625 0.94051484375 0.28615 0.9095796875
1 0.81376640625 0.620421875 0.829234375 0.6199921875 0.8288046875 0.58948671875 0.77724609375 0.59163515625 0.77896484375 0.63073359375 0.81505546875 0.62944453125 0.81376640625 0.620421875
1 0.79829921875 0.803884375 0.8502875 0.80173671875 0.8502875 0.7428734375 0.81419609375 0.743303125 0.81376640625 0.7690828125 0.79915859375 0.768653125 0.79829921875 0.803884375
1 0.88294140625 0.75791171875 0.87950390625 0.75748203125 0.87950390625 0.7480296875 0.86016953125 0.750178125 0.86231796875 0.803025 0.88466015625 0.80173671875 0.88294140625 0.75791171875