1 0.1286203125 0.0410203125 0.138109375 0.0262921875 0.14923515625 0.00894609375 0.12829296875 0.00078125 0.06085390625 0.00078125 0.1286203125 0.0410203125
4 0.11737578125 0.51800703125 0.13891328125 0.51856640625 0.13975234375 0.458415625 0.15457734375 0.458975 0.154296875 0.42428359375 0.12101171875 0.42400390625 0.11737578125 0.51800703125
4 0.08465 0.421765625 0.0633921875 0.42036640625 0.05828125 0.51601640625 0.07989453125 0.51716796875 0.08465 0.421765625
4 0.17180390625 0.67791953125 0.15194453125 0.6795984375 0.15082578125 0.77388125 0.17068515625 0.7741609375 0.17068515625 0.71960546875 0.1863484375 0.71876640625 0.185509375 0.6961046875 0.17180390625 0.695265625 0.17180390625 0.67791953125
4 0.1057921875 0.68379453125 0.085653125 0.68351484375 0.084534375 0.779196875 0.10439375 0.78059609375 0.1046734375 0.73723125 0.11502265625 0.7386296875 0.11502265625 0.72520078125 0.1055125 0.72520078125 0.1057921875 0.68379453125
1 0.02287265625 0.769125 0.04329140625 0.769125 0.04357109375 0.72408203125 0.0583953125 0.72464140625 0.058115625 0.70337890625 0.02287265625 0.7019796875 0.02287265625 0.769125
4 0.1976953125 0.89514140625 0.1800734375 0.89402265625 0.18027890625 0.96643203125 0.197975 0.96564453125 0.1976953125 0.9340296875 0.21140078125 0.9340296875 0.21140078125 0.9169640625 0.1988140625 0.91724375 0.1976953125 0.89514140625
4 0.1386765625 0.9010171875 0.121334375 0.90017734375 0.11439453125 0.9852203125 0.1330828125 0.98634765625 0.1386765625 0.9010171875
4 0.08029453125 0.9063328125 0.06407109375 0.9063328125 0.063040625 0.96868671875 0.07945546875 0.9690015625 0.08029453125 0.9063328125
4 0.02071640625 0.913046875 0.00309453125 0.91388671875 0.00116484375 0.98046015625 0.02043671875 0.9801921875 0.02071640625 0.913046875
3 0.08209140625 0.398190625 0.08347265625 0.3908921875 0.0686796875 0.3895109375 0.06749609375 0.3974015625 0.08209140625 0.398190625
3 0.1383046875 0.4039109375 0.13968515625 0.3956265625 0.1229203125 0.3940484375 0.1214765625 0.40273046875 0.1383046875 0.4039109375
3 0.03784296875 0.787234375 0.0380953125 0.7776578125 0.023228125 0.77916953125 0.0233921875 0.7887609375 0.03784296875 0.787234375
3 0.0922703125 0.7995828125 0.0922703125 0.792778125 0.07664765625 0.7925265625 0.07597578125 0.8009484375 0.0922703125 0.7995828125
3 0.01970078125 0.90341171875 0.02070859375 0.89559921875 0.004078125 0.8950953125 0.00308046875 0.903859375 0.01970078125 0.90341171875
3 0.13842109375 0.8859890625 0.14043671875 0.8774203125 0.12330234375 0.87666484375 0.12246640625 0.88490234375 0.13842109375 0.8859890625