1 0.8713796875 0.9589796875 0.861890625 0.9737078125 0.85076484375 0.99105390625 0.87170703125 0.99921875 0.93914609375 0.99921875 0.8713796875 0.9589796875
4 0.88262421875 0.48199296875 0.86108671875 0.48143359375 0.86024765625 0.541584375 0.84542265625 0.541025 0.845703125 0.57571640625 0.87898828125 0.57599609375 0.88262421875 0.48199296875
4 0.91535 0.578234375 0.9366078125 0.57963359375 0.94171875 0.48398359375 0.92010546875 0.48283203125 0.91535 0.578234375
4 0.82819609375 0.32208046875 0.84805546875 0.3204015625 0.84917421875 0.22611875 0.82931484375 0.2258390625 0.82931484375 0.28039453125 0.8136515625 0.28123359375 0.814490625 0.3038953125 0.82819609375 0.304734375 0.82819609375 0.32208046875
4 0.8942078125 0.31620546875 0.914346875 0.31648515625 0.915465625 0.220803125 0.89560625 0.21940390625 0.8953265625 0.26276875 0.88497734375 0.2613703125 0.88497734375 0.27479921875 0.8944875 0.27479921875 0.8942078125 0.31620546875
1 0.97712734375 0.230875 0.95670859375 0.230875 0.95642890625 0.27591796875 0.9416046875 0.27535859375 0.941884375 0.29662109375 0.97712734375 0.2980203125 0.97712734375 0.230875
4 0.8023046875 0.10485859375 0.8199265625 0.10597734375 0.81972109375 0.03356796875 0.802025 0.03435546875 0.8023046875 0.0659703125 0.78859921875 0.0659703125 0.78859921875 0.0830359375 0.8011859375 0.08275625 0.8023046875 0.10485859375
4 0.8613234375 0.0989828125 0.878665625 0.09982265625 0.88560546875 0.0147796875 0.8669171875 0.01365234375 0.8613234375 0.0989828125
4 0.91970546875 0.0936671875 0.93592890625 0.0936671875 0.936959375 0.03131328125 0.92054453125 0.0309984375 0.91970546875 0.0936671875
4 0.97928359375 0.086953125 0.99690546875 0.08611328125 0.99883515625 0.01953984375 0.97956328125 0.0198078125 0.97928359375 0.086953125
3 0.91790859375 0.601809375 0.91652734375 0.6091078125 0.9313203125 0.6104890625 0.93250390625 0.6025984375 0.91790859375 0.601809375
3 0.8616953125 0.5960890625 0.86031484375 0.6043734375 0.8770796875 0.6059515625 0.8785234375 0.59726953125 0.8616953125 0.5960890625
3 0.96215703125 0.212765625 0.9619046875 0.2223421875 0.976771875 0.22083046875 0.9766078125 0.2112390625 0.96215703125 0.212765625
3 0.9077296875 0.2004171875 0.9077296875 0.207221875 0.92335234375 0.2074734375 0.92402421875 0.1990515625 0.9077296875 0.2004171875
3 0.98029921875 0.09658828125 0.97929140625 0.10440078125 0.995921875 0.1049046875 0.99691953125 0.096140625 0.98029921875 0.09658828125
3 0.86157890625 0.1140109375 0.85956328125 0.1225796875 0.87669765625 0.12333515625 0.87753359375 0.11509765625 0.86157890625 0.1140109375