3 0.31390546875 0.6739765625 0.31331875 0.68765859375 0.319378125 0.6872671875 0.31879140625 0.67338984375 0.31390546875 0.6739765625
3 0.25266328125 0.1169359375 0.25302265625 0.1311328125 0.2594921875 0.129875 0.258953125 0.116396875 0.25266328125 0.1169359375
3 0.24169921875 0.23500390625 0.23397265625 0.23500390625 0.23397265625 0.25027734375 0.24169921875 0.25027734375 0.24169921875 0.23500390625
3 0.27530859375 0.30293359375 0.26937890625 0.30293359375 0.26937890625 0.31676953125 0.27530859375 0.31676953125 0.27530859375 0.30293359375
3 0.34554296875 0.4053515625 0.33841015625 0.4053515625 0.33841015625 0.4197734375 0.34554296875 0.4197734375 0.34554296875 0.4053515625
3 0.35121875 0.341 0.344734375 0.341 0.344734375 0.3549375 0.35121875 0.3549375 0.35121875 0.341
3 0.3575390625 0.21847265625 0.3510546875 0.21847265625 0.3510546875 0.22965234375 0.3575390625 0.22965234375 0.3575390625 0.21847265625
3 0.34408203125 0.163046875 0.33776171875 0.163046875 0.33776171875 0.17746875 0.34408203125 0.17746875 0.34408203125 0.163046875
3 0.8203984375 0.33112890625 0.8014296875 0.33112890625 0.8014296875 0.33829296875 0.8203984375 0.33829296875 0.8203984375 0.33112890625
3 0.74648828125 0.1717265625 0.73910546875 0.1717265625 0.73910546875 0.1870390625 0.74648828125 0.1870390625 0.74648828125 0.1717265625
3 0.74216796875 0.1166015625 0.73478515625 0.1166015625 0.73478515625 0.1315546875 0.74216796875 0.1315546875 0.74216796875 0.1166015625
3 0.66906640625 0.8819375 0.65644921875 0.8819375 0.65644921875 0.8876875 0.66906640625 0.8876875 0.66906640625 0.8819375
3 0.696390625 0.77729296875 0.681375 0.77729296875 0.681375 0.78320703125 0.696390625 0.78320703125 0.696390625 0.77729296875
3 0.867653125 0.8622875 0.8539140625 0.8667609375 0.8555109375 0.871553125 0.86941015625 0.868678125 0.867653125 0.8622875
4 0.24206484375 0.0549984375 0.219790625 0.0549984375 0.21946328125 0.04353359375 0.20111953125 0.04386171875 0.2027578125 0.05565390625 0.169346875 0.05761875 0.17065703125 0.073996875 0.2423921875 0.073996875 0.24206484375 0.0549984375
4 0.1523140625 0.1395078125 0.2371515625 0.13393984375 0.23616875 0.11559609375 0.15133125 0.12214765625 0.1523140625 0.1395078125
4 0.2322375 0.1739015625 0.16738125 0.176521875 0.16967421875 0.19224453125 0.2322375 0.190934375 0.2322375 0.1739015625
4 0.22404921875 0.23384453125 0.156571875 0.23449921875 0.15722734375 0.25349765625 0.22372109375 0.2521875 0.22404921875 0.23384453125
4 0.24239453125 0.29837109375 0.14707421875 0.29837109375 0.14707421875 0.31998828125 0.24239453125 0.31998828125 0.24239453125 0.29837109375
4 0.2453359375 0.35930078125 0.1483828125 0.35930078125 0.1483828125 0.38091796875 0.2453359375 0.38091796875 0.2453359375 0.35930078125
0 0.1473984375 0.360609375 0.1218515625 0.360609375 0.1218515625 0.386484375 0.1473984375 0.386484375 0.1473984375 0.360609375
0 0.24173671875 0.7648140625 0.2188078125 0.76874453125 0.221428125 0.80215546875 0.24533984375 0.79855234375 0.24173671875 0.7648140625
0 0.34887890625 0.62083984375 0.30980859375 0.62083984375 0.30980859375 0.66233203125 0.34887890625 0.66233203125 0.34887890625 0.62083984375
1 0.45245 0.94336796875 0.44790703125 0.91823203125 0.46638125 0.91278046875 0.4575984375 0.8703828125 0.402178125 0.8837078125 0.4200453125 0.9509390625 0.45245 0.94336796875
1 0.4100515625 0.81435625 0.45154140625 0.81526484375 0.4506328125 0.7280453125 0.41308046875 0.7280453125 0.4106578125 0.81435625 0.4100515625 0.81435625
1 0.442759375 0.67353359375 0.45033046875 0.672321875 0.44821015625 0.611753125 0.4200453125 0.6132671875 0.42125703125 0.63204375 0.39581796875 0.63204375 0.39612109375 0.672625 0.40914296875 0.672625 0.4100515625 0.70836015625 0.44457578125 0.70714921875 0.442759375 0.67353359375
4 0.4512421875 0.40158203125 0.3688671875 0.40158203125 0.3688671875 0.42035546875 0.4512421875 0.42035546875 0.4512421875 0.40158203125
4 0.4403359375 0.3385859375 0.3728046875 0.3385859375 0.3728046875 0.3558515625 0.4403359375 0.3558515625 0.4403359375 0.3385859375
4 0.43518828125 0.1944328125 0.41247421875 0.19685546875 0.41308046875 0.2135125 0.36886484375 0.21260390625 0.36795625 0.233803125 0.43609609375 0.23228828125 0.43518828125 0.1944328125
4 0.453359375 0.14809375 0.358875 0.14809375 0.358875 0.17171875 0.453359375 0.17171875 0.453359375 0.14809375
4 0.459109375 0.08147265625 0.364015625 0.08147265625 0.364015625 0.10569921875 0.459109375 0.10569921875 0.459109375 0.08147265625
4 0.7171328125 0.16899609375 0.6220390625 0.16899609375 0.6220390625 0.19412890625 0.7171328125 0.19412890625 0.7171328125 0.16899609375
4 0.71350234375 0.1002484375 0.67776640625 0.1002484375 0.67776640625 0.1150875 0.61810625 0.11629921875 0.62022578125 0.1371953125 0.7141078125 0.13507578125 0.71350234375 0.1002484375
4 0.7216796875 0.288921875 0.6250703125 0.288921875 0.6250703125 0.313453125 0.7216796875 0.313453125 0.7216796875 0.288921875
1 0.66656640625 0.64415625 0.62355859375 0.64415625 0.62355859375 0.729859375 0.66656640625 0.729859375 0.66656640625 0.64415625
0 0.66807578125 0.827378125 0.63567109375 0.83555546875 0.6462703125 0.867959375 0.675646875 0.8594796875 0.66807578125 0.827378125
1 0.71138203125 0.999696875 0.7010859375 0.97244140625 0.66928671875 0.98061796875 0.67655546875 1 0.71138203125 0.999696875
1 0.8049609375 1 0.80041875 0.9827375 0.739546875 0.99909140625 0.8049609375 1
1 0.82101171875 0.97274375 0.82646328125 1 0.89611796875 0.99939453125 0.88551796875 0.95699609375 0.82101171875 0.97274375
0 0.82283203125 0.60145703125 0.78830859375 0.60145703125 0.78830859375 0.65415234375 0.82283203125 0.65415234375 0.82283203125 0.60145703125
0 0.881278125 0.8331328125 0.84039453125 0.8443375 0.84645078125 0.8631140625 0.88703203125 0.851303125 0.881278125 0.8331328125
1 0.94305859375 0.8803765625 0.9403328125 0.871290625 0.9469953125 0.8682625 0.9436640625 0.85917734375 0.93821328125 0.8600859375 0.9373046875 0.8531203125 0.89066640625 0.864628125 0.89611796875 0.89158125 0.94305859375 0.8803765625
1 0.9115625 0.77589453125 0.91277421875 0.7486390625 0.92579609375 0.7480328125 0.92640234375 0.70018359375 0.8864265625 0.70048671875 0.88703203125 0.74288515625 0.87552421875 0.7431875 0.87673515625 0.7755921875 0.9115625 0.77589453125
1 0.93821328125 0.449428125 0.91973984375 0.44973125 0.9170140625 0.43004609375 0.88218671875 0.42974296875 0.88370078125 0.44670234375 0.84826796875 0.45003359375 0.8488734375 0.46881015625 0.93942421875 0.4651765625 0.93821328125 0.449428125
0 0.84433203125 0.3473671875 0.82404296875 0.3473671875 0.82404296875 0.3743203125 0.84433203125 0.3743203125 0.84433203125 0.3473671875
0 0.6738859375 0.43305078125 0.67412109375 0.42621953125 0.687546875 0.42586640625 0.68672265625 0.41255859375 0.66776171875 0.41350078125 0.667290625 0.40984921875 0.64444296875 0.4099671875 0.64385390625 0.43411015625 0.6738859375 0.43305078125