3 0.8090390625 0.10883984375 0.7876953125 0.10883984375 0.7876953125 0.11616015625 0.8090390625 0.11616015625 0.8090390625 0.10883984375
3 0.71065234375 0.29524609375 0.70373828125 0.29524609375 0.70373828125 0.30926953125 0.71065234375 0.30926953125 0.71065234375 0.29524609375
3 0.67019921875 0.35012890625 0.66369140625 0.35012890625 0.66369140625 0.36313671875 0.67019921875 0.36313671875 0.67019921875 0.35012890625
3 0.32232421875 0.763390625 0.30748828125 0.763390625 0.30748828125 0.77103125 0.32232421875 0.77103125 0.32232421875 0.763390625
3 0.21502734375 0.72533203125 0.20798828125 0.72533203125 0.20798828125 0.74016796875 0.21502734375 0.74016796875 0.21502734375 0.72533203125
3 0.19974609375 0.8810234375 0.19255078125 0.8810234375 0.19255078125 0.8960078125 0.19974609375 0.8960078125 0.19974609375 0.8810234375
3 0.20603125 0.221140625 0.200375 0.221140625 0.200375 0.23546875 0.20603125 0.23546875 0.20603125 0.221140625
1 1 0.08805546875 0.9855265625 0.08805546875 0.98688984375 0.1446046875 0.99676875 0.1452859375 0.99745 0.16504453125 0.98791171875 0.16538515625 0.98961484375 0.22159375 1 0.22159375 1 0.08805546875
1 0.999834375 0.348659375 0.9848453125 0.35274765625 0.994725 0.3902203125 0.999834375 0.3888578125 0.999834375 0.348659375
1 0.782153125 0.99182421875 0.78624140625 1 0.81519765625 0.998978125 0.809065625 0.9846703125 0.782153125 0.99182421875
1 0.5777578125 0.94924140625 0.5903625 1 0.62068125 0.99931875 0.60364765625 0.941065625 0.5777578125 0.94924140625
1 0.14682421875 0.2049015625 0.17646171875 0.186846875 0.126725 0.10679140625 0.09640625 0.12586875 0.14682421875 0.2049015625
0 0.1900859375 0.207625 0.1539765625 0.207625 0.1539765625 0.2416875 0.1900859375 0.2416875 0.1900859375 0.207625
0 0.30795625 0.09997890625 0.2677578125 0.09997890625 0.2687796875 0.15107734375 0.31068125 0.15039609375 0.30795625 0.09997890625
1 0.3883515625 0.19740703125 0.3876703125 0.13813203125 0.39516484375 0.13745078125 0.39448359375 0.10611015625 0.3590546875 0.10474765625 0.3590546875 0.19706640625 0.3883515625 0.19740703125
1 0.1066265625 0.3312859375 0.1069671875 0.32242890625 0.12468125 0.32413203125 0.126384375 0.27746171875 0.0916375 0.27712109375 0.091296875 0.3299234375 0.1066265625 0.3312859375
0 0.16760546875 0.329921875 0.13047265625 0.329921875 0.13047265625 0.36978125 0.16760546875 0.36978125 0.16760546875 0.329921875
1 0.112759375 0.4842453125 0.11309921875 0.468571875 0.121615625 0.46823125 0.123659375 0.43416484375 0.08686796875 0.43484609375 0.08448359375 0.4835609375 0.112759375 0.4842453125
0 0.2128203125 0.43023046875 0.1809609375 0.43023046875 0.1809609375 0.46831640625 0.2128203125 0.46831640625 0.2128203125 0.43023046875
0 0.226765625 0.6649609375 0.168765625 0.6649609375 0.168765625 0.6940859375 0.226765625 0.6940859375 0.226765625 0.6649609375
1 0.15656640625 0.70130078125 0.09433984375 0.70130078125 0.09433984375 0.73888671875 0.15656640625 0.73888671875 0.15656640625 0.70130078125
1 0.12644921875 0.9537015625 0.16528046875 0.946234375 0.147109375 0.8536375 0.10827890625 0.862846875 0.12644921875 0.9537015625
0 0.33180546875 0.90665625 0.3198578125 0.8596109375 0.28700078125 0.86956796875 0.29944609375 0.91736015625 0.33180546875 0.90665625
0 0.35371015625 0.80335625 0.35395859375 0.7864296875 0.31089609375 0.78667890625 0.31164296875 0.80559609375 0.35371015625 0.80335625
1 0.38955390625 0.88674296875 0.412703125 0.883009375 0.40996484375 0.8718078125 0.41768125 0.8690703125 0.412703125 0.8439296875 0.3589375 0.85513046875 0.3664046875 0.883009375 0.38806015625 0.87778203125 0.38955390625 0.88674296875
1 0.3713828125 0.76726328125 0.3614265625 0.76726328125 0.36267109375 0.78916796875 0.40050625 0.78767421875 0.39826640625 0.7398828125 0.3721296875 0.7391359375 0.3713828125 0.76726328125
1 0.3761125 0.6500234375 0.39204296875 0.649775 0.3907984375 0.59426640625 0.3499765625 0.59376875 0.3507234375 0.6500234375 0.358190625 0.6515171875 0.35744375 0.661971875 0.3420109375 0.661971875 0.34400234375 0.70876796875 0.37885078125 0.70851875 0.3761125 0.6500234375
3 0.3143828125 0.65201953125 0.2999453125 0.65201953125 0.2999453125 0.65674609375 0.3143828125 0.65674609375 0.3143828125 0.65201953125
0 0.345 0.626875 0.306171875 0.626875 0.306171875 0.64903125 0.345 0.64903125 0.345 0.626875
1 0.37387265625 0.45935390625 0.38059296875 0.4583578125 0.3815890625 0.44641015625 0.37337421875 0.4459125 0.3736234375 0.4068328125 0.3039265625 0.4055875 0.30268203125 0.46831484375 0.3743703125 0.468065625 0.37387265625 0.45935390625
4 0.5321828125 0.2064546875 0.59291875 0.1519421875 0.58146875 0.13775390625 0.52098203125 0.19226640625 0.5321828125 0.2064546875
0 0.560559375 0.08498359375 0.52820078125 0.0837390625 0.52770234375 0.10863046875 0.55931484375 0.10912890625 0.560559375 0.08498359375
0 0.54711796875 0.3339 0.5140125 0.33414921875 0.51451015625 0.35306640625 0.54686875 0.35281796875 0.54711796875 0.3339
1 0.57848125 0.4347109375 0.59167421875 0.4347109375 0.59192265625 0.4247546875 0.63573203125 0.42450546875 0.635234375 0.403596875 0.62901171875 0.4045921875 0.629509375 0.38393203125 0.59988828125 0.38617265625 0.59988828125 0.40434296875 0.53541875 0.4060859375 0.53566796875 0.4247546875 0.57873046875 0.425003125 0.57848125 0.4347109375
1 0.56155546875 0.77124609375 0.563546875 0.78518515625 0.572009375 0.80708984375 0.573503125 0.8123171875 0.60785390625 0.80335625 0.59715 0.764525 0.56155546875 0.77124609375
0 0.66012578125 0.7734859375 0.6377234375 0.7799578125 0.64618671875 0.80783671875 0.66759375 0.80385390625 0.66012578125 0.7734859375
2 0.788815625 0.7174796875 0.6894984375 0.7441140625 0.70194375 0.79315078125 0.80225703125 0.76801015625 0.788815625 0.7174796875
1 0.7661640625 0.94125546875 0.77960625 0.9868078125 0.81271171875 0.9773484375 0.800265625 0.931796875 0.7661640625 0.94125546875
1 0.87718125 0.900184375 0.8928625 0.89470859375 0.8861421875 0.8690703125 0.8595078125 0.87703515625 0.8585125 0.87205703125 0.84183515625 0.87678671875 0.843328125 0.881515625 0.81843671875 0.888734375 0.82490859375 0.913875 0.84108828125 0.91038984375 0.85253828125 0.95345234375 0.88888046875 0.94274921875 0.87718125 0.900184375
2 0.81744140625 0.40110703125 0.7238484375 0.40285 0.7231015625 0.4613453125 0.8179390625 0.4591046875 0.81744140625 0.40110703125
2 0.81768984375 0.26196328125 0.81744140625 0.20521015625 0.808978125 0.2047125 0.80823125 0.18330546875 0.816196875 0.1843015625 0.81744140625 0.1268015625 0.74127265625 0.12655234375 0.74102421875 0.18405234375 0.7504828125 0.18455 0.7512296875 0.20521015625 0.7425171875 0.20595703125 0.74276640625 0.26221171875 0.81768984375 0.26196328125