3 0.86346953125 0.12732109375 0.883275 0.12886484375 0.88430390625 0.122434375 0.8637265625 0.1211484375 0.86346953125 0.12732109375
3 0.86063984375 0.13349453125 0.88378984375 0.13555234375 0.884046875 0.12937890625 0.86063984375 0.1270640625 0.86063984375 0.13349453125
3 0.932784375 0.01093046875 0.932784375 0.02268515625 0.93938359375 0.02268515625 0.93958984375 0.01196171875 0.932784375 0.01093046875
3 0.55680390625 0.15324921875 0.57019140625 0.15818125 0.57301015625 0.1527203125 0.55891796875 0.14902109375 0.55680390625 0.15324921875
3 0.5236953125 0.87386796875 0.520775 0.88658984375 0.5284921875 0.8884671875 0.5307859375 0.87553671875 0.5236953125 0.87386796875
3 0.40982109375 0.82151953125 0.40502421875 0.8331984375 0.41232421875 0.83674453125 0.41670390625 0.8244390625 0.40982109375 0.82151953125
3 0.15571796875 0.7351734375 0.16524453125 0.73993671875 0.1709234375 0.71850234375 0.162496875 0.71630390625 0.15571796875 0.7351734375
3 0.15993203125 0.79104921875 0.1811828125 0.79123203125 0.1811828125 0.78463671875 0.16084765625 0.78445390625 0.15993203125 0.79104921875
1 0 0.6509671875 0.0681 0.66633359375 0.0757828125 0.62931484375 0 0.61080546875 0 0.6509671875
1 0 0.9149859375 0.06076640625 0.91463671875 0.06425859375 0.85701328125 0.0548296875 0.8580609375 0.0544796875 0.83710703125 0.06530625 0.8367578125 0.066703125 0.78053203125 0 0.7787859375 0 0.9149859375
1 0.8406 0 0.8325671875 0.0736875 0.90904921875 0.08241875 0.91673203125 0 0.8406 0
1 0.9488609375 0 0.94921015625 0.0062859375 0.9701640625 0.0055875 0.9708625 0 0.9488609375 0
1 0.53711796875 0.092196875 0.5486421875 0.05378125 0.49940078125 0.04086015625 0.50987734375 0.00104765625 0.4749546875 0 0.45714375 0.07089375 0.53711796875 0.092196875
0 0.058321875 0.0150171875 0.09988046875 0.02793828125 0.10511875 0.01117578125 0.06425859375 0.00034921875 0.058321875 0.0150171875
1 0.13445390625 0.07263984375 0.0544796875 0.05413046875 0.0516859375 0.07124296875 0.1299140625 0.0901015625 0.13445390625 0.07263984375
0 0.22455546875 0.16343984375 0.234334375 0.12781875 0.1938234375 0.11629375 0.19068046875 0.114896875 0.17985390625 0.1498203125 0.22455546875 0.16343984375
1 0.2434140625 0.18718828125 0.305228125 0.20534765625 0.316403125 0.16588515625 0.25319296875 0.14947109375 0.2434140625 0.18718828125
0 0.407553125 0.03946328125 0.39917109375 0.07543359375 0.43130078125 0.0852125 0.4407296875 0.05133671875 0.407553125 0.03946328125
0 0.39078984375 0.2081421875 0.4309515625 0.2207140625 0.43444375 0.20849140625 0.4250140625 0.2043 0.43165 0.1816 0.40056796875 0.17426640625 0.39078984375 0.2081421875
4 0.427459375 0.23188984375 0.44771484375 0.237128125 0.46238203125 0.1767109375 0.44387265625 0.171821875 0.427459375 0.23188984375
0 0.53641953125 0.16378984375 0.52698984375 0.2151265625 0.577628125 0.22455546875 0.58880390625 0.1753140625 0.53641953125 0.16378984375
1 0.8681890625 0.3073234375 0.8681890625 0.2783375 0.85456875 0.27868671875 0.8566640625 0.24131875 0.81301015625 0.2392234375 0.8112640625 0.306625 0.8681890625 0.3073234375
0 0.81650234375 0.4721609375 0.816153125 0.4379359375 0.80323203125 0.43828515625 0.80393046875 0.3967265625 0.76691171875 0.39777421875 0.76621328125 0.47181171875 0.81650234375 0.4721609375
1 0.53048203125 0.4407296875 0.512321875 0.52489453125 0.55772265625 0.53502265625 0.5671515625 0.4934640625 0.57448515625 0.4948609375 0.58251796875 0.45050859375 0.53048203125 0.4407296875
1 0.40441015625 0.42920546875 0.397425 0.46308046875 0.382059375 0.46028671875 0.376121875 0.49171796875 0.4337453125 0.5004484375 0.44247578125 0.43444375 0.40441015625 0.42920546875
0 0.24236640625 0.50289296875 0.28148046875 0.51511640625 0.29405234375 0.46238203125 0.25668515625 0.45190546875 0.24236640625 0.50289296875
1 0.2276984375 0.3555171875 0.2249046875 0.3726296875 0.26786015625 0.38345625 0.274146875 0.35726328125 0.237128125 0.34818359375 0.23538203125 0.35656484375 0.2276984375 0.3555171875
4 0.1327078125 0.32338828125 0.12118359375 0.401615625 0.14143828125 0.40510859375 0.1533125 0.325134375 0.1327078125 0.32338828125
1 0.09045078125 0.67192109375 0.157503125 0.68833515625 0.1669328125 0.64782421875 0.1002296875 0.63315625 0.09045078125 0.67192109375
1 0.397425 0.7417671875 0.39637734375 0.748053125 0.41733125 0.75189453125 0.42396640625 0.7075421875 0.362153125 0.6935734375 0.353421875 0.72989296875 0.397425 0.7417671875
1 0.47809765625 0.753990625 0.46308046875 0.8283765625 0.4934640625 0.83501171875 0.50079765625 0.8014859375 0.5346734375 0.80916875 0.5430546875 0.76761015625 0.47809765625 0.753990625
0 0.42326796875 0.81755 0.415934375 0.8496796875 0.4393328125 0.85421953125 0.44596796875 0.82453515625 0.42326796875 0.81755
1 0.16169375 0.86574453125 0.17217109375 0.8667921875 0.17217109375 0.870284375 0.2193171875 0.8723796875 0.220015625 0.86644296875 0.22874609375 0.8653953125 0.2290953125 0.8793640625 0.30068828125 0.87761796875 0.30068828125 0.830471875 0.2336359375 0.830471875 0.234334375 0.82104296875 0.16169375 0.82034453125 0.16169375 0.86574453125