0 0.84507421875 0.13081484375 0.84482578125 0.17135546875 0.89406015625 0.17235078125 0.8950546875 0.15145859375 0.896521875 0.13206171875 0.84507421875 0.13081484375
1 0.94279765625 0.2332859375 0.94284375 0.21980625 0.8510421875 0.22109921875 0.851290625 0.2581578125 0.8823734375 0.2581578125 0.88311953125 0.2497015625 0.94279765625 0.24895546875 0.94279765625 0.2332859375
0 0.95389453125 0.01704453125 0.95364609375 0.0543515625 0.9874640625 0.054103125 0.98649296875 0.0164796875 0.95389453125 0.01704453125
1 0.86487421875 0 0.93126640625 0.04116953125 0.95397890625 0.0055671875 0.938975 0 0.86487421875 0
4 0.8829765625 0.44319296875 0.89756171875 0.45575 0.95227109375 0.39486171875 0.93836484375 0.38225234375 0.8829765625 0.44319296875
0 0.83040859375 0.42380234375 0.85459453125 0.4230640625 0.854878125 0.39023203125 0.82930078125 0.39037734375 0.83040859375 0.42380234375
1 0.87112734375 0.6801703125 0.93083125 0.6792828125 0.930609375 0.671290625 0.949475 0.670846875 0.949475 0.68105859375 1 0.68083671875 0.99987109375 0.60487890625 0.949696875 0.60424765625 0.949696875 0.61290546875 0.931053125 0.61268359375 0.930609375 0.602471875 0.87090546875 0.603359375 0.87112734375 0.6801703125
1 0.83195859375 0.9246984375 0.88990546875 0.92604140625 0.88968125 0.91708984375 0.90936953125 0.91731328125 0.90892265625 0.9267125 0.9648546875 0.92827890625 0.96720859375 0.85179375 0.90959375 0.85085078125 0.90936953125 0.85913046875 0.8916953125 0.85913046875 0.89191875 0.8495078125 0.83240625 0.84794140625 0.83195859375 0.9246984375
0 0.52918046875 0.33830625 0.6530125 0.33785234375 0.65293359375 0.26101328125 0.5285 0.26253828125 0.52918046875 0.33830625
2 0.57744296875 0.9093453125 0.57767265625 0.9488984375 0.62020625 0.9484390625 0.62089609375 0.909575 0.62037578125 0.90949921875 0.57744296875 0.9093453125
2 0.35155 0.94774921875 0.3943125 0.94820859375 0.3936234375 0.89554765625 0.35131953125 0.89439765625 0.35155 0.94774921875
4 0.05564375 0.8836890625 0.0767703125 0.88138046875 0.06943125 0.7856171875 0.048009375 0.786734375 0.05156015625 0.8474640625 0.04410390625 0.84835234375 0.04516953125 0.87729609375 0.05564375 0.87623125 0.05564375 0.8836890625
3 0.85231484375 0.67254140625 0.86058203125 0.67400078125 0.862984375 0.6516453125 0.85344921875 0.650490625 0.85231484375 0.67254140625
3 0.66263046875 0.23750625 0.66168671875 0.24637890625 0.684525 0.24675625 0.68490234375 0.2376953125 0.66263046875 0.23750625
3 0.9665703125 0.0697296875 0.981171875 0.07020078125 0.98164296875 0.06234921875 0.96625625 0.06125 0.9665703125 0.0697296875
3 0.9717515625 0.05418359375 0.969553125 0.060621875 0.98289921875 0.0634484375 0.9843125 0.056225 0.9717515625 0.05418359375