1 0.9492640625 1 0.9533375 0.999678125 0.94331640625 0.965546875 0.9061828125 0.976328125 0.91406015625 1 0.9492640625 1
1 0.92852734375 0.89493828125 0.88833984375 0.90539765625 0.89930625 0.95433125 0.9394578125 0.9424078125 0.92852734375 0.89493828125
1 0.8703359375 0.8354484375 0.88303515625 0.88404453125 0.92032890625 0.87261953125 0.90827265625 0.8259546875 0.8703359375 0.8354484375
1 0.89878828125 0.76194375 0.85120703125 0.77658671875 0.8626203125 0.8145625 0.9119703125 0.79927578125 0.89878828125 0.76194375
3 0.8931625 0.74105703125 0.87130078125 0.74089609375 0.872290625 0.74737421875 0.8931625 0.747815625 0.8931625 0.74105703125
1 0.904896875 0.55438203125 0.90055703125 0.5384515625 0.88014140625 0.54440546875 0.878534375 0.53265859375 0.84863515625 0.54295703125 0.84815234375 0.55132421875 0.8534765625 0.56936171875 0.904896875 0.55438203125
1 0.9997390625 0.10265078125 0.9781984375 0.105546875 0.97900234375 0.115040625 0.97916328125 0.116328125 0.97932421875 0.115684375 0.9997390625 0.11343203125 0.9997390625 0.10265078125
1 0.696271875 0.04106328125 0.69836171875 0.04862578125 0.71974140625 0.04122421875 0.715240625 0.02400625 0.68968125 0.023684375 0.67601796875 0.03044296875 0.67667109375 0.0302609375 0.68228671875 0.0460515625 0.696271875 0.04106328125
0 0.69836171875 0.1270875 0.6695875 0.13658125 0.68405546875 0.18051015625 0.71357578125 0.17064375 0.69836171875 0.1270875
1 0.74369296875 0.16551328125 0.7194203125 0.17001875 0.72906484375 0.2023625 0.695146875 0.212821875 0.7018984375 0.23792421875 0.75864296875 0.2200625 0.74369296875 0.16551328125
1 0.78903125 0.29522421875 0.80671328125 0.32611953125 0.84127421875 0.30503984375 0.82552109375 0.27398359375 0.78903125 0.29522421875