1 0.91406015625 0 0.9061828125 0.023671875 0.94331640625 0.034453125 0.9533375 0.000321875 0.9492640625 0 0.91406015625 0
1 0.88833984375 0.09460234375 0.92852734375 0.10506171875 0.9394578125 0.0575921875 0.89930625 0.04566875 0.88833984375 0.09460234375
1 0.88303515625 0.11595546875 0.8703359375 0.1645515625 0.90827265625 0.1740453125 0.92032890625 0.12738046875 0.88303515625 0.11595546875
1 0.85120703125 0.22341328125 0.89878828125 0.23805625 0.9119703125 0.20072421875 0.8626203125 0.1854375 0.85120703125 0.22341328125
3 0.87130078125 0.25910390625 0.8931625 0.25894296875 0.8931625 0.252184375 0.872290625 0.25262578125 0.87130078125 0.25910390625
1 0.84863515625 0.45704296875 0.878534375 0.46734140625 0.88014140625 0.45559453125 0.90055703125 0.4615484375 0.904896875 0.44561796875 0.8534765625 0.43063828125 0.84815234375 0.44867578125 0.84863515625 0.45704296875
1 0.97916328125 0.883671875 0.97900234375 0.884959375 0.9781984375 0.894453125 0.9997390625 0.89734921875 0.9997390625 0.88656796875 0.97932421875 0.884315625 0.97916328125 0.883671875
1 0.67601796875 0.96955703125 0.68968125 0.976315625 0.715240625 0.97599375 0.71974140625 0.95877578125 0.69836171875 0.95137421875 0.696271875 0.95893671875 0.68228671875 0.9539484375 0.67667109375 0.9697390625 0.67601796875 0.96955703125
0 0.6695875 0.86341875 0.69836171875 0.8729125 0.71357578125 0.82935625 0.68405546875 0.81948984375 0.6695875 0.86341875
1 0.695146875 0.787178125 0.72906484375 0.7976375 0.7194203125 0.82998125 0.74369296875 0.83448671875 0.75864296875 0.7799375 0.7018984375 0.76207578125 0.695146875 0.787178125
1 0.80671328125 0.67388046875 0.78903125 0.70477578125 0.82552109375 0.72601640625 0.84127421875 0.69496015625 0.80671328125 0.67388046875