1 0.1593953125 0.5162171875 0.17095625 0.4666203125 0.13525703125 0.4598796875 0.1247125 0.50795078125 0.1593953125 0.5162171875
0 0.16879609375 0.4940890625 0.19903203125 0.50108359375 0.20830625 0.4574640625 0.178959375 0.4507234375 0.16879609375 0.4940890625
4 0.217121875 0.9156671875 0.22227734375 0.90018359375 0.218996875 0.89807265625 0.22649609375 0.88024296875 0.21446246923828124 0.877615103515625 0.19954453125 0.91801328125 0.210325 0.92293984375 0.214309375 0.914259375 0.217121875 0.9156671875
4 0.33004453125 0.9050984375 0.32655546875 0.9037734375 0.32426953125 0.91027734375 0.32691640625 0.91196328125 0.31837421875 0.9327984375 0.31500546875 0.931353125 0.31151640625 0.93990390625 0.31416328125 0.94086796875 0.31464453125 0.943878125 0.32535234375 0.94881640625 0.34412109375 0.9035328125 0.34456171875 0.9031140625 0.3333125 0.89889140625 0.33004453125 0.9050984375
4 0.350859375 0.87431484375 0.360725 0.8769640625 0.36216875 0.8720265625 0.371553125 0.87286953125 0.3770875 0.852275 0.3695078125 0.85010703125 0.3721546875 0.8354140625 0.361229984375 0.8338518315429687 0.3555515625 0.8534796875 0.3511 0.85275703125 0.34748984375 0.86745 0.350378125 0.86841328125 0.350859375 0.87431484375
0 0.42199921875 0.95048515625 0.4476265625 0.9512078125 0.4499125 0.91519765625 0.4266609375 0.913559375 0.42199921875 0.95048515625
0 0.46098125 0.88838828125 0.4856453125 0.8891109375 0.4864875 0.8679140625 0.46186484375 0.86643984375 0.46098125 0.88838828125
4 0.29133671875 0.56013828125 0.31772890625 0.4778203125 0.29768125 0.47330546875 0.27049140625 0.55228984375 0.29133671875 0.56013828125
1 0.41615625 0.62978359375 0.43145546875 0.57694609375 0.39668515625 0.56484765625 0.3800109375 0.61504296875 0.41615625 0.62978359375
0 0.45727421875 0.606428125 0.490359375 0.61982890625 0.50183359375 0.5844125 0.46893984375 0.57139453125 0.45727421875 0.606428125
4 0.55430078125 0.614165625 0.57074765625 0.57090078125 0.56083046875 0.5680046875 0.5447390625 0.60995390625 0.55430078125 0.614165625
1 0.644759375 0.97556484375 0.68205234375 0.9753734375 0.647628125 0.95316640625 0.63572890625 0.96861171875 0.644759375 0.97556484375
1 0.70901796875 0.92477109375 0.7164765625 0.90466953125 0.71437265625 0.9037125 0.7183890625 0.88992890625 0.69312265625 0.87907734375 0.67975703125 0.911753125 0.70901796875 0.92477109375
1 0.70808515625 0.84574140625 0.7354328125 0.85722734375 0.73963984375 0.839615625 0.7126359375 0.8291453125 0.70808515625 0.84574140625
4 0.754175 0.70225625 0.75685234375 0.7114453125 0.75991171875 0.710296875 0.76698828125 0.73556640625 0.77999296875 0.7311640625 0.77463828125 0.7150828125 0.77769765625 0.71297734375 0.7711953125 0.6938328125 0.75797734375 0.698575 0.754175 0.70225625
4 0.95553046875 0.2873796875 0.95361796875 0.3497890625 0.9727421875 0.3505546875 0.97446328125 0.28642265625 0.95553046875 0.2873796875
4 0.94596796875 0.4743390625 0.93774453125 0.42743671875 0.9267140625 0.43026015625 0.93353671875 0.476828125 0.94596796875 0.4743390625
0 0.91861953125 0.44964375 0.9207234375 0.42188515625 0.90159921875 0.4228421875 0.9031828125 0.42279921875 0.901790625 0.44868671875 0.91861953125 0.44964375
4 0.98842421875 0.675771875 0.994353125 0.6650515625 0.9515140625 0.64399296875 0.946228125 0.65610390625 0.98842421875 0.675771875
4 0.894140625 0.82968203125 0.949984375 0.87160703125 0.95992890625 0.857440625 0.90346953125 0.81623125 0.894140625 0.82968203125
3 0.89203671875 0.84691171875 0.89643515625 0.85322890625 0.90006953125 0.8513140625 0.89600859375 0.84320625 0.89203671875 0.84691171875