1 0.4598796875 0.86474296875 0.50795078125 0.8752875 0.5162171875 0.8406046875 0.4666203125 0.82904375 0.4598796875 0.86474296875
0 0.4574640625 0.79169375 0.4507234375 0.821040625 0.4940890625 0.83120390625 0.50108359375 0.80096796875 0.4574640625 0.79169375
4 0.89807265625 0.781003125 0.88024296875 0.77350390625 0.877615103515625 0.7855375307617187 0.91801328125 0.80045546875 0.92293984375 0.789675 0.914259375 0.785690625 0.9156671875 0.782878125 0.90018359375 0.77772265625 0.89807265625 0.781003125
4 0.91027734375 0.67573046875 0.91196328125 0.67308359375 0.9327984375 0.68162578125 0.931353125 0.68499453125 0.93990390625 0.68848359375 0.94086796875 0.68583671875 0.943878125 0.68535546875 0.94881640625 0.67464765625 0.9035328125 0.65587890625 0.9031140625 0.65543828125 0.89889140625 0.6666875 0.9050984375 0.66995546875 0.9037734375 0.67344453125 0.91027734375 0.67573046875
4 0.8720265625 0.63783125 0.87286953125 0.628446875 0.852275 0.6229125 0.85010703125 0.6304921875 0.8354140625 0.6278453125 0.8338518315429687 0.638770015625 0.8534796875 0.6444484375 0.85275703125 0.6489 0.86745 0.65251015625 0.86841328125 0.649621875 0.87431484375 0.649140625 0.8769640625 0.639275 0.8720265625 0.63783125
0 0.91519765625 0.5500875 0.913559375 0.5733390625 0.95048515625 0.57800078125 0.9512078125 0.5523734375 0.91519765625 0.5500875
0 0.8679140625 0.5135125 0.86643984375 0.53813515625 0.88838828125 0.53901875 0.8891109375 0.5143546875 0.8679140625 0.5135125
4 0.47330546875 0.70231875 0.55228984375 0.72950859375 0.56013828125 0.70866328125 0.4778203125 0.68227109375 0.47330546875 0.70231875
1 0.56484765625 0.60331484375 0.61504296875 0.6199890625 0.62978359375 0.58384375 0.57694609375 0.56854453125 0.56484765625 0.60331484375
0 0.5844125 0.49816640625 0.57139453125 0.53106015625 0.606428125 0.54272578125 0.61982890625 0.509640625 0.5844125 0.49816640625
4 0.5680046875 0.43916953125 0.60995390625 0.4552609375 0.614165625 0.44569921875 0.57090078125 0.42925234375 0.5680046875 0.43916953125
1 0.95316640625 0.352371875 0.96861171875 0.36427109375 0.97556484375 0.355240625 0.9753734375 0.31794765625 0.95316640625 0.352371875
1 0.9037125 0.28562734375 0.88992890625 0.2816109375 0.87907734375 0.30687734375 0.911753125 0.32024296875 0.92477109375 0.29098203125 0.90466953125 0.2835234375 0.9037125 0.28562734375
1 0.839615625 0.26036015625 0.8291453125 0.2873640625 0.84574140625 0.29191484375 0.85722734375 0.2645671875 0.839615625 0.26036015625
4 0.710296875 0.24008828125 0.73556640625 0.23301171875 0.7311640625 0.22000703125 0.7150828125 0.22536171875 0.71297734375 0.22230234375 0.6938328125 0.2288046875 0.698575 0.24202265625 0.70225625 0.245825 0.7114453125 0.24314765625 0.710296875 0.24008828125
4 0.3505546875 0.0272578125 0.28642265625 0.02553671875 0.2873796875 0.04446953125 0.3497890625 0.04638203125 0.3505546875 0.0272578125
4 0.43026015625 0.0732859375 0.476828125 0.06646328125 0.4743390625 0.05403203125 0.42743671875 0.06225546875 0.43026015625 0.0732859375
0 0.4228421875 0.09840078125 0.42279921875 0.0968171875 0.44868671875 0.098209375 0.44964375 0.08138046875 0.42188515625 0.0792765625 0.4228421875 0.09840078125
4 0.64399296875 0.0484859375 0.65610390625 0.053771875 0.675771875 0.01157578125 0.6650515625 0.005646875 0.64399296875 0.0484859375
4 0.857440625 0.04007109375 0.81623125 0.09653046875 0.82968203125 0.105859375 0.87160703125 0.050015625 0.857440625 0.04007109375
3 0.8513140625 0.09993046875 0.84320625 0.10399140625 0.84691171875 0.10796328125 0.85322890625 0.10356484375 0.8513140625 0.09993046875