3 0.04303203125 0.90731875 0.03781796875 0.921928125 0.0429046875 0.9239609375 0.04850078125 0.909478125 0.04303203125 0.90731875
1 0.0979703125 0.927771875 0.10280234375 0.92955078125 0.0970796875 0.9503859375 0.1634125 0.96842578125 0.17333203125 0.93221875 0.1590890625 0.92523125 0.160996875 0.915703125 0.14103046875 0.91100234375 0.13746953125 0.91887890625 0.10860234375 0.9116375 0.10788984375 0.9144328125 0.1019125 0.91265390625 0.10865234375 0.8922 0.09059453125 0.8850859375 0.06884765625 0.882290625 0.057784375 0.928153125 0.09453671875 0.93526796875 0.0979703125 0.927771875
0 0.30932734375 0.9200203125 0.3320890625 0.91413984375 0.32410078125 0.88989296875 0.30489921875 0.8966453125 0.30932734375 0.9200203125
4 0.4456875 0.97920625 0.4785609375 0.917515625 0.467346875 0.91045625 0.43186171875 0.97107265625 0.4456875 0.97920625
1 0.5421671875 0.976375 0.53003125 0.97499375 0.5294171875 0.96793515625 0.51851015625 0.9670140625 0.5175890625 0.97391953125 0.50361015625 0.97223125 0.50115234375 0.99402265625 0.54170625 0.9986265625 0.543703125 0.98819140625 0.539709375 0.9871171875 0.5421671875 0.976375
3 0.5772484375 0.95209453125 0.57094921875 0.98055546875 0.57624609375 0.98241484375 0.58283203125 0.953525 0.5772484375 0.95209453125
0 0.59614609375 0.9849890625 0.59628984375 0.98456015625 0.60445 0.94708828125 0.58655390625 0.94322734375 0.57739140625 0.98241484375 0.59614609375 0.9849890625
4 0.3818890625 0.77398046875 0.38117265625 0.785421875 0.41882578125 0.7918578125 0.42054375 0.7795578125 0.3818890625 0.77398046875
0 0.3698890625 0.65657109375 0.38578046875 0.65385390625 0.40410546875 0.59707421875 0.38348984375 0.58720625 0.35471328125 0.58291484375 0.3361015625 0.63883671875 0.34512109375 0.64741796875 0.35628828125 0.65299609375 0.3698890625 0.65657109375
0 0.222834375 0.4056796875 0.2265296875 0.342778125 0.1666859375 0.341490625 0.1636796875 0.4037046875 0.222834375 0.4056796875
1 0.01726953125 0.0247296875 0.00050078125 0.024321875 0 0.05161796875 0.01583828125 0.05133203125 0.01726953125 0.0247296875
1 0.077228125 0.0002734375 0.077654970703125 0.00000180859375 0.055753125 0.0002734375 0.05561015625 0.00585078125 0.07780078125 0.00527890625 0.077536283203125 0.00051649609375 0.07751484375 0.000559375 0.077228125 0.0002734375
1 0.3855390625 0.00928359375 0.36964765625 0.02401484375 0.3871140625 0.0377453125 0.39985546875 0.02272734375 0.3855390625 0.00928359375