3 0.0760390625 0.0429046875 0.090521875 0.04850078125 0.09268125 0.04303203125 0.078071875 0.03781796875 0.0760390625 0.0429046875
1 0.071846875 0.057784375 0.06473203125 0.09453671875 0.072228125 0.0979703125 0.07044921875 0.10280234375 0.0496140625 0.0970796875 0.03157421875 0.1634125 0.06778125 0.17333203125 0.07476875 0.1590890625 0.084296875 0.160996875 0.08899765625 0.14103046875 0.08112109375 0.13746953125 0.0883625 0.10860234375 0.0855671875 0.10788984375 0.08734609375 0.1019125 0.1078 0.10865234375 0.1149140625 0.09059453125 0.117709375 0.06884765625 0.071846875 0.057784375
0 0.11010703125 0.32410078125 0.1033546875 0.30489921875 0.0799796875 0.30932734375 0.08586015625 0.3320890625 0.11010703125 0.32410078125
4 0.08954375 0.467346875 0.02892734375 0.43186171875 0.02079375 0.4456875 0.082484375 0.4785609375 0.08954375 0.467346875
1 0.01180859375 0.543703125 0.0128828125 0.539709375 0.023625 0.5421671875 0.02500625 0.53003125 0.03206484375 0.5294171875 0.0329859375 0.51851015625 0.02608046875 0.5175890625 0.02776875 0.50361015625 0.00597734375 0.50115234375 0.0013734375 0.54170625 0.01180859375 0.543703125
3 0.01758515625 0.57624609375 0.046475 0.58283203125 0.04790546875 0.5772484375 0.01944453125 0.57094921875 0.01758515625 0.57624609375
0 0.05677265625 0.58655390625 0.01758515625 0.57739140625 0.0150109375 0.59614609375 0.01543984375 0.59628984375 0.05291171875 0.60445 0.05677265625 0.58655390625
4 0.2081421875 0.41882578125 0.2204421875 0.42054375 0.22601953125 0.3818890625 0.214578125 0.38117265625 0.2081421875 0.41882578125
0 0.35258203125 0.34512109375 0.34700390625 0.35628828125 0.34342890625 0.3698890625 0.34614609375 0.38578046875 0.40292578125 0.40410546875 0.41279375 0.38348984375 0.41708515625 0.35471328125 0.36116328125 0.3361015625 0.35258203125 0.34512109375
0 0.658509375 0.1666859375 0.5962953125 0.1636796875 0.5943203125 0.222834375 0.657221875 0.2265296875 0.658509375 0.1666859375
1 0.94838203125 0 0.94866796875 0.01583828125 0.9752703125 0.01726953125 0.975678125 0.00050078125 0.94838203125 0
1 0.99948350390625 0.077536283203125 0.999440625 0.07751484375 0.9997265625 0.077228125 0.99999819140625 0.077654970703125 0.9997265625 0.055753125 0.99414921875 0.05561015625 0.99472109375 0.07780078125 0.99948350390625 0.077536283203125
1 0.9622546875 0.3871140625 0.97727265625 0.39985546875 0.99071640625 0.3855390625 0.97598515625 0.36964765625 0.9622546875 0.3871140625