1 0.02196953125 0.054390625 0 0.05490859375 0.0006296875 0.07751328125 0.0232890625 0.0761921875 0.02196953125 0.054390625
4 0.01866953125 0.117153125 0.01954921875 0.13433046875 0.0243890625 0.13433046875 0.0243890625 0.138734375 0.0353890625 0.13851484375 0.0331890625 0.10107734375 0.0221890625 0.10129765625 0.023509375 0.11583203125 0.01866953125 0.117153125
0 0.02453828125 0.49857734375 0.0477359375 0.49687734375 0.04729609375 0.4803609375 0.02485625 0.4799203125 0.02453828125 0.49857734375
1 0.42060625 0.52363828125 0.4207385 0.52403503125 0.4208265625 0.52385859375 0.45954609375 0.52055546875 0.45712578125 0.46197734375 0.41708671875 0.46461953125 0.42148671875 0.5227578125 0.42126640625 0.52363828125 0.42060625 0.52363828125
0 0.52696640625 0.498246875 0.52688671875 0.46352109375 0.504446875 0.4648421875 0.5042265625 0.49655390625 0.52696640625 0.498246875
1 0.3584578125 0.31399296875 0.37231796875 0.337115625 0.37737734375 0.33579453125 0.38177734375 0.34504375 0.4075171875 0.33161015625 0.4009171875 0.31707578125 0.4218171875 0.30628515625 0.40707734375 0.2814 0.39057734375 0.2904296875 0.3837578125 0.28228125 0.35596953125 0.29985078125 0.355378125 0.3003390625 0.36021796875 0.31068984375 0.3584578125 0.31399296875
1 0.50469921875 0.37211484375 0.5343984375 0.37189453125 0.53285859375 0.342165625 0.48834375 0.3421046875 0.4879796875 0.3595625 0.50469921875 0.36044375 0.50469921875 0.37211484375
1 0.6087578125 0.37627734375 0.60787734375 0.40314453125 0.63625703125 0.4038046875 0.636696875 0.3775984375 0.6087578125 0.37627734375
4 0.56761796875 0.35249375 0.55331875 0.35007109375 0.54891875 0.38310390625 0.56233828125 0.3859671875 0.56761796875 0.35249375
0 0.641096875 0.484978125 0.64217578125 0.485703125 0.641096875 0.50325703125 0.65803671875 0.50567890625 0.66023671875 0.48718046875 0.641096875 0.484978125
0 0.7197265625 0.7262 0.69994453125 0.72569375 0.6992671875 0.7532875 0.72060625 0.7532875 0.7197265625 0.7262
0 0.699046875 0.3927859375 0.68409921875 0.39228125 0.68430703125 0.4145875 0.69838671875 0.41546875 0.699046875 0.3927859375
1 0.72720625 0.3890421875 0.72698671875 0.3892625 0.72786640625 0.42515859375 0.75052578125 0.42493828125 0.75052578125 0.3886015625 0.72720625 0.3890421875
1 0.85524453125 0.39124453125 0.85542734375 0.39162109375 0.85414453125 0.42383671875 0.87614375 0.423396875 0.87460390625 0.39058359375 0.85524453125 0.39124453125
0 0.93524765625 0.42073984375 0.9379546875 0.389640625 0.91148828125 0.38770703125 0.90708828125 0.41809765625 0.93524765625 0.42073984375
1 0.982546875 0.43219140625 0.98078671875 0.422721875 0.96450703125 0.42118046875 0.96362734375 0.42976875 0.9521352329101562 0.42933447509765627 0.95152734375 0.44716640625 0.98848671875 0.45091015625 0.9889265625 0.4608203125 0.999046875 0.46103984375 0.99970703125 0.4335125 0.982546875 0.43219140625
3 0.990328125 0.41639453125 0.977765625 0.41639453125 0.977765625 0.42316796875 0.990328125 0.42316796875 0.990328125 0.41639453125