1 0.054390625 0.97803046875 0.05490859375 1 0.07751328125 0.9993703125 0.0761921875 0.9767109375 0.054390625 0.97803046875
4 0.117153125 0.98133046875 0.13433046875 0.98045078125 0.13433046875 0.9756109375 0.138734375 0.9756109375 0.13851484375 0.9646109375 0.10107734375 0.9668109375 0.10129765625 0.9778109375 0.11583203125 0.976490625 0.117153125 0.98133046875
0 0.49857734375 0.97546171875 0.49687734375 0.9522640625 0.4803609375 0.95270390625 0.4799203125 0.97514375 0.49857734375 0.97546171875
1 0.52363828125 0.57939375 0.52403503125 0.5792615 0.52385859375 0.5791734375 0.52055546875 0.54045390625 0.46197734375 0.54287421875 0.46461953125 0.58291328125 0.5227578125 0.57851328125 0.52363828125 0.57873359375 0.52363828125 0.57939375
0 0.498246875 0.47303359375 0.46352109375 0.47311328125 0.4648421875 0.495553125 0.49655390625 0.4957734375 0.498246875 0.47303359375
1 0.31399296875 0.6415421875 0.337115625 0.62768203125 0.33579453125 0.62262265625 0.34504375 0.61822265625 0.33161015625 0.5924828125 0.31707578125 0.5990828125 0.30628515625 0.5781828125 0.2814 0.59292265625 0.2904296875 0.60942265625 0.28228125 0.6162421875 0.29985078125 0.64403046875 0.3003390625 0.644621875 0.31068984375 0.63978203125 0.31399296875 0.6415421875
1 0.37211484375 0.49530078125 0.37189453125 0.4656015625 0.342165625 0.46714140625 0.3421046875 0.51165625 0.3595625 0.5120203125 0.36044375 0.49530078125 0.37211484375 0.49530078125
1 0.37627734375 0.3912421875 0.40314453125 0.39212265625 0.4038046875 0.36374296875 0.3775984375 0.363303125 0.37627734375 0.3912421875
4 0.35249375 0.43238203125 0.35007109375 0.44668125 0.38310390625 0.45108125 0.3859671875 0.43766171875 0.35249375 0.43238203125
0 0.484978125 0.358903125 0.485703125 0.35782421875 0.50325703125 0.358903125 0.50567890625 0.34196328125 0.48718046875 0.33976328125 0.484978125 0.358903125
0 0.7262 0.2802734375 0.72569375 0.30005546875 0.7532875 0.3007328125 0.7532875 0.27939375 0.7262 0.2802734375
0 0.3927859375 0.300953125 0.39228125 0.31590078125 0.4145875 0.31569296875 0.41546875 0.30161328125 0.3927859375 0.300953125
1 0.3890421875 0.27279375 0.3892625 0.27301328125 0.42515859375 0.27213359375 0.42493828125 0.24947421875 0.3886015625 0.24947421875 0.3890421875 0.27279375
1 0.39124453125 0.14475546875 0.39162109375 0.14457265625 0.42383671875 0.14585546875 0.423396875 0.12385625 0.39058359375 0.12539609375 0.39124453125 0.14475546875
0 0.42073984375 0.06475234375 0.389640625 0.0620453125 0.38770703125 0.08851171875 0.41809765625 0.09291171875 0.42073984375 0.06475234375
1 0.43219140625 0.017453125 0.422721875 0.01921328125 0.42118046875 0.03549296875 0.42976875 0.03637265625 0.42933447509765627 0.04786476708984375 0.44716640625 0.04847265625 0.45091015625 0.01151328125 0.4608203125 0.0110734375 0.46103984375 0.000953125 0.4335125 0.00029296875 0.43219140625 0.017453125
3 0.41639453125 0.009671875 0.41639453125 0.022234375 0.42316796875 0.022234375 0.42316796875 0.009671875 0.41639453125 0.009671875