1 0.97970234375 0.06988359375 0.964103125 0.07383046875 0.96485546875 0.13453515625 0.99642890625 0.135475 0.99624140625 0.07307890625 0.97970234375 0.06988359375
4 0.5136109375 0.12513828125 0.513046875 0.15990703125 0.52206796875 0.15859140625 0.523571875 0.1253265625 0.5136109375 0.12513828125
4 0.5002671875 0.13434765625 0.4976359375 0.17325078125 0.5083484375 0.1734390625 0.51079140625 0.13321953125 0.5002671875 0.13434765625
0 0.37585078125 0.06988359375 0.374159375 0.10972734375 0.3922015625 0.11386171875 0.39408046875 0.071575 0.37585078125 0.06988359375
1 0.36231875 0.02571796875 0.35987578125 0.0572921875 0.39314140625 0.05823125 0.39520859375 0.02628203125 0.36231875 0.02571796875
3 0.18509140625 0.04244453125 0.1841515625 0.05015 0.18433984375 0.0535328125 0.19035390625 0.05108984375 0.19110546875 0.04188046875 0.18509140625 0.04244453125
1 0.158215625 0.01895234375 0.139609375 0.0200796875 0.14036171875 0.06518515625 0.174190625 0.0655609375 0.1749421875 0.022146875 0.158215625 0.01895234375
1 0.1988109375 0.36739296875 0.16235078125 0.36720546875 0.1615984375 0.44407265625 0.19655546875 0.44275703125 0.19899921875 0.37190390625 0.1988109375 0.36739296875
3 0.179453125 0.4577921875 0.17907734375 0.4630546875 0.192984375 0.46343046875 0.1935484375 0.45835625 0.179453125 0.4577921875
1 0.4175734375 0.3508546875 0.39727578125 0.35404921875 0.40009453125 0.40873984375 0.432984375 0.4081765625 0.43693125 0.40460546875 0.43599140625 0.355553125 0.4175734375 0.3508546875
1 0.77841875 0.35386171875 0.76150390625 0.35404921875 0.755865625 0.41719765625 0.78950703125 0.41870078125 0.79627265625 0.36043984375 0.77841875 0.35386171875
4 0.12495 0.5457484375 0.12588984375 0.566234375 0.20783203125 0.561159375 0.2067046875 0.54349296875 0.12495 0.5457484375
1 0.79213828125 0.530525 0.78292890625 0.5912296875 0.8186375 0.59592890625 0.8272828125 0.53541171875 0.79213828125 0.530525
1 0.3630703125 0.6124671875 0.34465234375 0.61585 0.34540390625 0.67166875 0.3841203125 0.66678203125 0.382240625 0.61340703125 0.3630703125 0.6124671875
0 0.3221 0.70831640625 0.3521703125 0.70888046875 0.3523578125 0.68482421875 0.32003203125 0.68613984375 0.3221 0.70831640625
0 0.20635859375 0.588975 0.1740328125 0.60870859375 0.20429140625 0.65137109375 0.23436171875 0.63069765625 0.22158203125 0.60495 0.20635859375 0.588975
1 0.15182578125 0.673171875 0.12908515625 0.66960078125 0.104653125 0.67336015625 0.10502890625 0.70079921875 0.11442578125 0.7009875 0.11592890625 0.72692265625 0.1495703125 0.72748671875 0.15182578125 0.673171875
0 0.123446875 0.7710890625 0.12513828125 0.79345390625 0.15370546875 0.79213828125 0.15370546875 0.770525 0.123446875 0.7710890625
1 0.1773859375 0.80021953125 0.158215625 0.80003125 0.15840390625 0.8058578125 0.14656328125 0.8058578125 0.14581171875 0.80811328125 0.1414890625 0.8111203125 0.12213125 0.80942890625 0.12250703125 0.8285984375 0.13284375 0.82878671875 0.13378359375 0.835928125 0.14393203125 0.835928125 0.144871875 0.83085390625 0.1762578125 0.8312296875 0.1773859375 0.80021953125
1 0.771840625 0.699671875 0.7618796875 0.699671875 0.7459046875 0.70023515625 0.74684453125 0.76676640625 0.7812375 0.76808203125 0.78142578125 0.7032421875 0.771840625 0.699671875
1 0.79007109375 0.89174609375 0.77278046875 0.88967890625 0.75548984375 0.88967890625 0.75492578125 0.9626 0.75812109375 0.96692265625 0.787815625 0.966546875 0.7917625 0.96297578125 0.79007109375 0.89174609375
3 0.4983875 0.89494140625 0.49801171875 0.90696953125 0.50477734375 0.90659375 0.50477734375 0.89437734375 0.4983875 0.89494140625
1 0.4664375 0.8725765625 0.4654984375 0.86487109375 0.45309375 0.86487109375 0.45309375 0.8738921875 0.43072890625 0.87483203125 0.4348640625 0.9300859375 0.45591328125 0.92895859375 0.4564765625 0.92444765625 0.457040625 0.90828515625 0.48654765625 0.90884921875 0.48523203125 0.873328125 0.4664375 0.8725765625
0 0.23921796875 0.87689921875 0.21929609375 0.87708671875 0.21986015625 0.93065 0.2536890625 0.9298984375 0.2548171875 0.87896640625 0.23921796875 0.87689921875
1 0.11517734375 0.85171484375 0.112921875 0.88629609375 0.13171640625 0.88516875 0.13190390625 0.89606875 0.16328984375 0.8951296875 0.1627265625 0.8550984375 0.11517734375 0.85171484375