1 0.86546484375 0.03514453125 0.92616953125 0.035896875 0.93011640625 0.02029765625 0.92692109375 0.00375859375 0.864525 0.00357109375 0.86546484375 0.03514453125
4 0.84009296875 0.486953125 0.87486171875 0.4863890625 0.8746734375 0.476428125 0.84140859375 0.47793203125 0.84009296875 0.486953125
4 0.82674921875 0.5023640625 0.86565234375 0.4997328125 0.86678046875 0.48920859375 0.8265609375 0.4916515625 0.82674921875 0.5023640625
0 0.89027265625 0.625840625 0.93011640625 0.62414921875 0.928425 0.60591953125 0.88613828125 0.6077984375 0.89027265625 0.625840625
1 0.9427078125 0.64012421875 0.97428203125 0.63768125 0.97371796875 0.60479140625 0.94176875 0.60685859375 0.9427078125 0.64012421875
3 0.9464671875 0.81566015625 0.94985 0.8158484375 0.95755546875 0.81490859375 0.95811953125 0.80889453125 0.94891015625 0.80964609375 0.9464671875 0.81566015625
1 0.93481484375 0.85963828125 0.9799203125 0.860390625 0.98104765625 0.841784375 0.977853125 0.8250578125 0.9344390625 0.825809375 0.93481484375 0.85963828125
1 0.55592734375 0.8384015625 0.63279453125 0.83764921875 0.63260703125 0.8011890625 0.62809609375 0.80100078125 0.55724296875 0.80344453125 0.55592734375 0.8384015625
3 0.5369453125 0.82092265625 0.5422078125 0.820546875 0.54164375 0.8064515625 0.53656953125 0.807015625 0.5369453125 0.82092265625
1 0.5918234375 0.567015625 0.59126015625 0.59990546875 0.64595078125 0.60272421875 0.6491453125 0.5824265625 0.644446875 0.56400859375 0.59539453125 0.56306875 0.5918234375 0.567015625
1 0.58280234375 0.244134375 0.64595078125 0.23849609375 0.64613828125 0.22158125 0.63956015625 0.20372734375 0.58129921875 0.21049296875 0.58280234375 0.244134375
4 0.433765625 0.87411015625 0.4542515625 0.87505 0.45650703125 0.7932953125 0.438840625 0.79216796875 0.433765625 0.87411015625
1 0.4087703125 0.21707109375 0.469475 0.20786171875 0.46458828125 0.1727171875 0.40407109375 0.1813625 0.4087703125 0.21707109375
1 0.32833125 0.65459609375 0.38415 0.65534765625 0.3875328125 0.6369296875 0.38659296875 0.617759375 0.33321796875 0.6158796875 0.32833125 0.65459609375
0 0.29111953125 0.6478296875 0.29168359375 0.6779 0.31386015625 0.67996796875 0.31517578125 0.6476421875 0.29111953125 0.6478296875
0 0.34862890625 0.79570859375 0.39129140625 0.8259671875 0.411025 0.79364140625 0.39505 0.77841796875 0.36930234375 0.76563828125 0.34862890625 0.79570859375
1 0.2990125 0.88557421875 0.29920078125 0.89497109375 0.32663984375 0.895346875 0.33039921875 0.87091484375 0.326828125 0.84817421875 0.27251328125 0.8504296875 0.27307734375 0.88407109375 0.2990125 0.88557421875
0 0.20654609375 0.87486171875 0.2289109375 0.876553125 0.229475 0.84629453125 0.20786171875 0.84629453125 0.20654609375 0.87486171875
1 0.164071875 0.85606796875 0.164071875 0.86621640625 0.17121328125 0.86715625 0.1714015625 0.87749296875 0.19057109375 0.87786875 0.1888796875 0.8585109375 0.19188671875 0.85418828125 0.1941421875 0.85343671875 0.1941421875 0.84159609375 0.19996875 0.841784375 0.19978046875 0.8226140625 0.1687703125 0.8237421875 0.16914609375 0.855128125 0.164071875 0.85606796875
1 0.23323359375 0.25315546875 0.29976484375 0.2540953125 0.300328125 0.2381203125 0.300328125 0.228159375 0.2967578125 0.21857421875 0.23191796875 0.2187625 0.23323359375 0.25315546875
1 0.03307734375 0.24187890625 0.0374 0.24507421875 0.11032109375 0.24451015625 0.11032109375 0.22721953125 0.10825390625 0.20992890625 0.03702421875 0.2082375 0.033453125 0.212184375 0.03307734375 0.24187890625
3 0.09303046875 0.50198828125 0.10505859375 0.5016125 0.10562265625 0.49522265625 0.09340625 0.49522265625 0.09303046875 0.50198828125
1 0.09171484375 0.542959375 0.07555234375 0.5435234375 0.07104140625 0.54408671875 0.0699140625 0.5651359375 0.12516796875 0.56927109375 0.1261078125 0.54690625 0.13512890625 0.54690625 0.13512890625 0.5345015625 0.1274234375 0.5335625 0.126671875 0.51476796875 0.09115078125 0.51345234375 0.09171484375 0.542959375
0 0.06935 0.78013984375 0.12291328125 0.78070390625 0.12310078125 0.76078203125 0.12103359375 0.7451828125 0.0701015625 0.7463109375 0.06935 0.78013984375
1 0.10393125 0.86809609375 0.11483125 0.86828359375 0.11370390625 0.887078125 0.14828515625 0.88482265625 0.1449015625 0.8372734375 0.1048703125 0.83671015625 0.10393125 0.86809609375