1 0.02029765625 0.06988359375 0.00375859375 0.07307890625 0.00357109375 0.135475 0.03514453125 0.13453515625 0.035896875 0.07383046875 0.02029765625 0.06988359375
4 0.476428125 0.1253265625 0.47793203125 0.15859140625 0.486953125 0.15990703125 0.4863890625 0.12513828125 0.476428125 0.1253265625
4 0.48920859375 0.13321953125 0.4916515625 0.1734390625 0.5023640625 0.17325078125 0.4997328125 0.13434765625 0.48920859375 0.13321953125
0 0.60591953125 0.071575 0.6077984375 0.11386171875 0.625840625 0.10972734375 0.62414921875 0.06988359375 0.60591953125 0.071575
1 0.60479140625 0.02628203125 0.60685859375 0.05823125 0.64012421875 0.0572921875 0.63768125 0.02571796875 0.60479140625 0.02628203125
3 0.81490859375 0.04244453125 0.80889453125 0.04188046875 0.80964609375 0.05108984375 0.81566015625 0.0535328125 0.8158484375 0.05015 0.81490859375 0.04244453125
1 0.841784375 0.01895234375 0.8250578125 0.022146875 0.825809375 0.0655609375 0.85963828125 0.06518515625 0.860390625 0.0200796875 0.841784375 0.01895234375
1 0.8011890625 0.36739296875 0.80100078125 0.37190390625 0.80344453125 0.44275703125 0.8384015625 0.44407265625 0.83764921875 0.36720546875 0.8011890625 0.36739296875
3 0.8064515625 0.45835625 0.807015625 0.46343046875 0.82092265625 0.4630546875 0.820546875 0.4577921875 0.8064515625 0.45835625
1 0.60272421875 0.35404921875 0.5824265625 0.3508546875 0.56400859375 0.355553125 0.56306875 0.40460546875 0.567015625 0.4081765625 0.59990546875 0.40873984375 0.60272421875 0.35404921875
1 0.22158125 0.35386171875 0.20372734375 0.36043984375 0.21049296875 0.41870078125 0.244134375 0.41719765625 0.23849609375 0.35404921875 0.22158125 0.35386171875
4 0.7932953125 0.54349296875 0.79216796875 0.561159375 0.87411015625 0.566234375 0.87505 0.5457484375 0.7932953125 0.54349296875
1 0.1727171875 0.53541171875 0.1813625 0.59592890625 0.21707109375 0.5912296875 0.20786171875 0.530525 0.1727171875 0.53541171875
1 0.6369296875 0.6124671875 0.617759375 0.61340703125 0.6158796875 0.66678203125 0.65459609375 0.67166875 0.65534765625 0.61585 0.6369296875 0.6124671875
0 0.67996796875 0.68613984375 0.6476421875 0.68482421875 0.6478296875 0.70888046875 0.6779 0.70831640625 0.67996796875 0.68613984375
0 0.79364140625 0.588975 0.77841796875 0.60495 0.76563828125 0.63069765625 0.79570859375 0.65137109375 0.8259671875 0.60870859375 0.79364140625 0.588975
1 0.895346875 0.67336015625 0.87091484375 0.66960078125 0.84817421875 0.673171875 0.8504296875 0.72748671875 0.88407109375 0.72692265625 0.88557421875 0.7009875 0.89497109375 0.70079921875 0.895346875 0.67336015625
0 0.84629453125 0.770525 0.84629453125 0.79213828125 0.87486171875 0.79345390625 0.876553125 0.7710890625 0.84629453125 0.770525
1 0.86715625 0.82878671875 0.87749296875 0.8285984375 0.87786875 0.80942890625 0.8585109375 0.8111203125 0.85418828125 0.80811328125 0.85343671875 0.8058578125 0.84159609375 0.8058578125 0.841784375 0.80003125 0.8226140625 0.80021953125 0.8237421875 0.8312296875 0.855128125 0.83085390625 0.85606796875 0.835928125 0.86621640625 0.835928125 0.86715625 0.82878671875
1 0.2381203125 0.699671875 0.228159375 0.699671875 0.21857421875 0.7032421875 0.2187625 0.76808203125 0.25315546875 0.76676640625 0.2540953125 0.70023515625 0.2381203125 0.699671875
1 0.24451015625 0.88967890625 0.22721953125 0.88967890625 0.20992890625 0.89174609375 0.2082375 0.96297578125 0.212184375 0.966546875 0.24187890625 0.96692265625 0.24507421875 0.9626 0.24451015625 0.88967890625
3 0.49522265625 0.89437734375 0.49522265625 0.90659375 0.50198828125 0.90696953125 0.5016125 0.89494140625 0.49522265625 0.89437734375
1 0.54408671875 0.92895859375 0.5651359375 0.9300859375 0.56927109375 0.87483203125 0.54690625 0.8738921875 0.54690625 0.86487109375 0.5345015625 0.86487109375 0.5335625 0.8725765625 0.51476796875 0.873328125 0.51345234375 0.90884921875 0.542959375 0.90828515625 0.5435234375 0.92444765625 0.54408671875 0.92895859375
0 0.76078203125 0.87689921875 0.7451828125 0.87896640625 0.7463109375 0.9298984375 0.78013984375 0.93065 0.78070390625 0.87708671875 0.76078203125 0.87689921875
1 0.887078125 0.88629609375 0.88482265625 0.85171484375 0.8372734375 0.8550984375 0.83671015625 0.8951296875 0.86809609375 0.89606875 0.86828359375 0.88516875 0.887078125 0.88629609375