1 0.99928671875 0.24826796875 0.9961953125 0.24826796875 0.997621875 0.322225 1 0.32198671875 0.99928671875 0.24826796875
3 0.95029921875 0.3110484375 0.95767109375 0.3110484375 0.9545796875 0.28893203125 0.94792109375 0.2894078125 0.95029921875 0.3110484375
3 0.02999609375 0.45230390625 0.03380078125 0.44968828125 0.02999609375 0.4397 0.02405078125 0.442078125 0.02738046875 0.45135234375 0.02999609375 0.45230390625
3 0.121075 0.43541953125 0.12511796875 0.437321875 0.12773359375 0.4356578125 0.12749609375 0.42448046875 0.123215625 0.42400546875 0.12036171875 0.4259078125 0.121075 0.43541953125
1 0.2073984375 0.456346875 0.20335546875 0.42043828125 0.13558125 0.4282859375 0.1415265625 0.4651453125 0.2073984375 0.456346875
1 0.045453125 0.48345625 0.1110875 0.47370625 0.10656953125 0.437321875 0.044978125 0.44445625 0.03998359375 0.44849921875 0.045453125 0.48345625
1 0 0.4380359375 0.00050859375 0.476084375 0.0119234375 0.47560859375 0.00811796875 0.4380359375 0 0.43756015625 0 0.4380359375
1 0.9545796875 0.50961484375 0.9303234375 0.51294375 0.93198828125 0.5262609375 0.909634375 0.5286390625 0.9155796875 0.583571875 0.99952421875 0.5723953125 1 0.51484609375 0.9548171875 0.5212671875 0.9545796875 0.50961484375
3 0.92128671875 0.51698671875 0.92104921875 0.50985234375 0.89821953125 0.51199296875 0.8984578125 0.51841328125 0.92128671875 0.51698671875
3 0.85279921875 0.55027890625 0.8525609375 0.5431453125 0.836628125 0.5433828125 0.836153125 0.55146796875 0.85279921875 0.55027890625
1 0.82473828125 0.57929140625 0.82473828125 0.5357734375 0.76386015625 0.54029140625 0.76742734375 0.5826203125 0.82473828125 0.57929140625
1 0.1662578125 0.622809375 0.240690625 0.61115703125 0.2371234375 0.57667578125 0.238075 0.5752484375 0.162215625 0.5861875 0.1662578125 0.622809375
1 0.0609109375 0.6532484375 0.13581875 0.6437359375 0.132965625 0.60616328125 0.0559171875 0.61472421875 0.0609109375 0.6532484375
1 0.02476484375 0.60996796875 0.0231 0.64635234375 0.0290453125 0.64516328125 0.02476484375 0.60996796875
1 0.0219109375 0.80615703125 0.03023359375 0.80425390625 0.03356328125 0.79926015625 0.02405078125 0.73933359375 0.0219109375 0.80615703125
0 0.04830703125 0.80782109375 0.08469140625 0.80258984375 0.08231328125 0.76834609375 0.0440265625 0.7726265625 0.04830703125 0.80782109375
1 0.10347734375 0.80044921875 0.10656953125 0.803303125 0.1305875 0.79783359375 0.13106328125 0.800925 0.14223984375 0.8006875 0.142953125 0.7975953125 0.15579453125 0.7947421875 0.1491359375 0.75502890625 0.09967265625 0.7628765625 0.10347734375 0.80044921875
1 0.260190625 0.73814453125 0.21548359375 0.74147421875 0.21429453125 0.77571796875 0.2371234375 0.774290625 0.240690625 0.77096171875 0.2418796875 0.761925 0.24996484375 0.76240078125 0.25210546875 0.78308984375 0.25353203125 0.78641875 0.29348359375 0.78356484375 0.2977640625 0.779284375 0.29633671875 0.73219921875 0.27659921875 0.730059375 0.26280625 0.735290625 0.260190625 0.73814453125
3 0.65137890625 0.7555046875 0.650903125 0.73433984375 0.64329375 0.7360046875 0.6449578125 0.75669296875 0.65137890625 0.7555046875
2 0.61261640625 0.64421171875 0.592403125 0.6437359375 0.5712390625 0.64991953125 0.587171875 0.75693125 0.62450703125 0.7519375 0.626646875 0.7433765625 0.61261640625 0.64421171875
3 0.74816484375 0.749559375 0.753159375 0.74765703125 0.75149453125 0.7291078125 0.7445984375 0.72768125 0.74531171875 0.74718125 0.74816484375 0.749559375
2 0.7324703125 0.6725109375 0.63378125 0.68463828125 0.6397265625 0.72482734375 0.7006046875 0.7169796875 0.70250703125 0.72007109375 0.7082140625 0.72126015625 0.70892734375 0.72768125 0.72367109375 0.725065625 0.72200703125 0.71341328125 0.87134765625 0.69272421875 0.86849453125 0.66894375 0.865403125 0.6534859375 0.8642140625 0.652296875 0.82259765625 0.65919375 0.7324703125 0.6725109375
1 0.75292109375 0.95906484375 0.753396875 0.9683390625 0.733659375 0.97261953125 0.73912890625 0.99949140625 0.91177421875 1 0.9010734375 0.9291015625 0.8242625 0.937425 0.8254515625 0.94931484375 0.75292109375 0.95906484375
3 0.21310546875 0.989028125 0.21215390625 0.97499765625 0.20549609375 0.97523515625 0.20811171875 0.98974140625 0.21310546875 0.989028125
1 0.20359296875 0.9997296875 0.19978828125 0.97190625 0.160075 0.9766625 0.162453125 0.9997296875 0.20359296875 0.9997296875
1 0.03784375 0.9997296875 0.035703125 0.98213203125 0.02286171875 0.98332109375 0.02262421875 1 0.03784375 0.9997296875
1 0.06638046875 0.9997296875 0.064715625 0.98855234375 0.0525875 0.99164375 0.05187421875 1 0.06638046875 0.9997296875
1 0.08136171875 0.99949140625 0.07636796875 0.97238203125 0.064715625 0.97523515625 0.0682828125 0.9997296875 0.08136171875 0.99949140625