1 1 0.67801328125 0.997621875 0.677775 0.9961953125 0.75173203125 0.99928671875 0.75173203125 1 0.67801328125
3 0.94792109375 0.7105921875 0.9545796875 0.71106796875 0.95767109375 0.6889515625 0.95029921875 0.6889515625 0.94792109375 0.7105921875
3 0.02999609375 0.54769609375 0.02738046875 0.54864765625 0.02405078125 0.557921875 0.02999609375 0.5603 0.03380078125 0.55031171875 0.02999609375 0.54769609375
3 0.12511796875 0.562678125 0.121075 0.56458046875 0.12036171875 0.5740921875 0.123215625 0.57599453125 0.12749609375 0.57551953125 0.12773359375 0.5643421875 0.12511796875 0.562678125
1 0.1415265625 0.5348546875 0.13558125 0.5717140625 0.20335546875 0.57956171875 0.2073984375 0.543653125 0.1415265625 0.5348546875
1 0.045453125 0.51654375 0.03998359375 0.55150078125 0.044978125 0.55554375 0.10656953125 0.562678125 0.1110875 0.52629375 0.045453125 0.51654375
1 0 0.56243984375 0.00811796875 0.5619640625 0.0119234375 0.52439140625 0.00050859375 0.523915625 0 0.5619640625 0 0.56243984375
1 0.909634375 0.4713609375 0.93198828125 0.4737390625 0.9303234375 0.48705625 0.9545796875 0.49038515625 0.9548171875 0.4787328125 1 0.48515390625 0.99952421875 0.4276046875 0.9155796875 0.416428125 0.909634375 0.4713609375
3 0.8984578125 0.48158671875 0.89821953125 0.48800703125 0.92104921875 0.49014765625 0.92128671875 0.48301328125 0.8984578125 0.48158671875
3 0.836153125 0.44853203125 0.836628125 0.4566171875 0.8525609375 0.4568546875 0.85279921875 0.44972109375 0.836153125 0.44853203125
1 0.76742734375 0.4173796875 0.76386015625 0.45970859375 0.82473828125 0.4642265625 0.82473828125 0.42070859375 0.76742734375 0.4173796875
1 0.1662578125 0.377190625 0.162215625 0.4138125 0.238075 0.4247515625 0.2371234375 0.42332421875 0.240690625 0.38884296875 0.1662578125 0.377190625
1 0.0559171875 0.38527578125 0.132965625 0.39383671875 0.13581875 0.3562640625 0.0609109375 0.3467515625 0.0559171875 0.38527578125
1 0.0231 0.35364765625 0.02476484375 0.39003203125 0.0290453125 0.35483671875 0.0231 0.35364765625
1 0.02405078125 0.26066640625 0.03356328125 0.20073984375 0.03023359375 0.19574609375 0.0219109375 0.19384296875 0.02405078125 0.26066640625
0 0.0440265625 0.2273734375 0.08231328125 0.23165390625 0.08469140625 0.19741015625 0.04830703125 0.19217890625 0.0440265625 0.2273734375
1 0.14223984375 0.1993125 0.13106328125 0.199075 0.1305875 0.20216640625 0.10656953125 0.196696875 0.10347734375 0.19955078125 0.09967265625 0.2371234375 0.1491359375 0.24497109375 0.15579453125 0.2052578125 0.142953125 0.2024046875 0.14223984375 0.1993125
1 0.29348359375 0.21643515625 0.25353203125 0.21358125 0.25210546875 0.21691015625 0.24996484375 0.23759921875 0.2418796875 0.238075 0.240690625 0.22903828125 0.2371234375 0.225709375 0.21429453125 0.22428203125 0.21548359375 0.25852578125 0.260190625 0.26185546875 0.26280625 0.264709375 0.27659921875 0.269940625 0.29633671875 0.26780078125 0.2977640625 0.220715625 0.29348359375 0.21643515625
3 0.6449578125 0.24330703125 0.64329375 0.2639953125 0.650903125 0.26566015625 0.65137890625 0.2444953125 0.6449578125 0.24330703125
2 0.592403125 0.3562640625 0.61261640625 0.35578828125 0.626646875 0.2566234375 0.62450703125 0.2480625 0.587171875 0.24306875 0.5712390625 0.35008046875 0.592403125 0.3562640625
3 0.74816484375 0.250440625 0.74531171875 0.25281875 0.7445984375 0.27231875 0.75149453125 0.2708921875 0.753159375 0.25234296875 0.74816484375 0.250440625
2 0.87134765625 0.30727578125 0.72200703125 0.28658671875 0.72367109375 0.274934375 0.70892734375 0.27231875 0.7082140625 0.27873984375 0.70250703125 0.27992890625 0.7006046875 0.2830203125 0.6397265625 0.27517265625 0.63378125 0.31536171875 0.7324703125 0.3274890625 0.82259765625 0.34080625 0.8642140625 0.347703125 0.865403125 0.3465140625 0.86849453125 0.33105625 0.87134765625 0.30727578125
1 0.73912890625 0.00050859375 0.733659375 0.02738046875 0.753396875 0.0316609375 0.75292109375 0.04093515625 0.8254515625 0.05068515625 0.8242625 0.062575 0.9010734375 0.0708984375 0.91177421875 0 0.73912890625 0.00050859375
3 0.20811171875 0.01025859375 0.20549609375 0.02476484375 0.21215390625 0.02500234375 0.21310546875 0.010971875 0.20811171875 0.01025859375
1 0.162453125 0.0002703125 0.160075 0.0233375 0.19978828125 0.02809375 0.20359296875 0.0002703125 0.162453125 0.0002703125
1 0.02262421875 0 0.02286171875 0.01667890625 0.035703125 0.01786796875 0.03784375 0.0002703125 0.02262421875 0
1 0.05187421875 0 0.0525875 0.00835625 0.064715625 0.01144765625 0.06638046875 0.0002703125 0.05187421875 0
1 0.0682828125 0.0002703125 0.064715625 0.02476484375 0.07636796875 0.02761796875 0.08136171875 0.00050859375 0.0682828125 0.0002703125