1 0.14995 0.38888203125 0.15190625 0.41395703125 0.1587515625 0.4129796875 0.16331484375 0.453034375 0.2138421875 0.44717265625 0.20578984375 0.34319140625 0.15288359375 0.3471984375 0.15744765625 0.38660234375 0.14995 0.38888203125
1 0.33463359375 0.9683703125 0.3389734375 0.99921875 0.36525 0.99921875 0.39820625 0.99423671875 0.39899921875 0.9946203125 0.39104453125 0.96018203125 0.33463359375 0.9683703125
3 0.4067140625 0.979259375 0.410159375 0.97988515625 0.41261171875 0.97751953125 0.40984609375 0.9648671875 0.40593125 0.96518046875 0.4067140625 0.979259375
2 0.77502578125 0.99921875 0.75462265625 0.92047890625 0.65945859375 0.942340625 0.674021875 0.99921875 0.77502578125 0.99921875
1 0.7237 0.57952421875 0.75961640625 0.57661015625 0.75505859375 0.5194203125 0.71950625 0.522334375 0.7237 0.57952421875
0 0.80872109375 0.5181453125 0.83771015625 0.50248125 0.8282296875 0.48426796875 0.79887578125 0.4982921875 0.80872109375 0.5181453125
3 0.9311296875 0.8772953125 0.93102578125 0.87460234375 0.92906640625 0.87316796875 0.91858203125 0.87698515625 0.92065625 0.881646875 0.9311296875 0.8772953125
3 0.9044796875 0.88672265625 0.91647578125 0.8810953125 0.91464140625 0.87739921875 0.90292421875 0.882371875 0.9044796875 0.88672265625
3 0.8903765625 0.87429140625 0.8921390625 0.87843515625 0.90512890625 0.8735828125 0.904790625 0.8703546875 0.90219765625 0.869215625 0.8903765625 0.87429140625
3 0.911115625 0.86797265625 0.92486953125 0.86119921875 0.9221078125 0.85554140625 0.90758984375 0.86206796875 0.911115625 0.86797265625
3 0.8898578125 0.87190859375 0.90264140625 0.86695 0.89929453125 0.86289609375 0.88819921875 0.86735078125 0.8898578125 0.87190859375
3 0.903334375 0.8523109375 0.9030234375 0.8581125 0.90654921875 0.85873359375 0.92269375 0.85062890625 0.92303671875 0.845059375 0.9171265625 0.84495625 0.903334375 0.8523109375
3 0.88321796875 0.86049453125 0.88332109375 0.86526015625 0.88746953125 0.8661921875 0.902175 0.8588671875 0.90312734375 0.8530359375 0.89949765625 0.85272578125 0.88321796875 0.86049453125
3 0.85277734375 0.8422 0.8544296875 0.8453984375 0.865996875 0.84023984375 0.86641015625 0.8386921875 0.86548046875 0.83631875 0.85277734375 0.8422
3 0.85174375 0.83776328125 0.851640625 0.84023984375 0.85288046875 0.84147734375 0.865871875 0.836246875 0.8648609375 0.83446171875 0.8628984375 0.8337390625 0.85174375 0.83776328125
3 0.85308671875 0.83817578125 0.86310546875 0.8334296875 0.8623109375 0.83098359375 0.85990390625 0.83105703125 0.85112421875 0.83415234375 0.85112421875 0.83745390625 0.85308671875 0.83817578125
3 0.8608328125 0.830334375 0.85952421875 0.82788671875 0.84699296875 0.83116015625 0.847509375 0.8330171875 0.85081484375 0.83466796875 0.8608328125 0.830334375
3 0.85959375 0.8276515625 0.859490625 0.82610390625 0.858440625 0.82417109375 0.8462703125 0.82837421875 0.8462703125 0.83146953125 0.8485421875 0.830746875 0.85959375 0.8276515625
3 0.8568921875 0.82076484375 0.845546875 0.82507265625 0.8462703125 0.82806484375 0.8584578125 0.82414375 0.8568921875 0.82076484375
3 0.8748015625 0.827125 0.8625328125 0.83056484375 0.864321875 0.83509296875 0.87565390625 0.83151796875 0.8748015625 0.827125
3 0.8734609375 0.82408515625 0.86002734375 0.82657265625 0.862234375 0.83086328125 0.8743421875 0.82716875 0.8734609375 0.82408515625
3 0.87283515625 0.8205984375 0.858715625 0.82371328125 0.860265625 0.82651328125 0.8743421875 0.823653125 0.87283515625 0.8205984375
3 0.87243359375 0.8204953125 0.87177734375 0.81751640625 0.8591921875 0.8203765625 0.8577609375 0.82252109375 0.85961015625 0.82389140625 0.87243359375 0.8204953125