2 0.696228125 0.1201453125 0.69923984375 0.1287953125 0.70563984375 0.127103125 0.71153828125 0.15343046875 0.8071671875 0.12804296875 0.77557265625 0.000940625 0.6745796875 0 0.70281640625 0.11732421875 0.696228125 0.1201453125
3 0.7802984375 0.14546953125 0.76200625 0.15100390625 0.761275 0.1533015625 0.76263359375 0.15580703125 0.7650375 0.15726953125 0.783409375 0.15219296875 0.78406171875 0.14870703125 0.78301640625 0.1465140625 0.7802984375 0.14546953125
4 0.2588703125 0.24278359375 0.26311875 0.26002734375 0.3303515625 0.242309375 0.3249890625 0.22809296875 0.2588703125 0.24278359375
3 0.27003828125 0.28699453125 0.28178203125 0.2848734375 0.28291953125 0.27981796875 0.2699140625 0.28253984375 0.27003828125 0.28699453125
1 0.3865078125 0.2664546875 0.42205546875 0.25989609375 0.4231703125 0.26484609375 0.429115625 0.26571171875 0.42936328125 0.2587828125 0.43755625 0.25776640625 0.43084921875 0.2227765625 0.38081015625 0.2319328125 0.3865078125 0.2664546875
3 0.42074140625 0.4434125 0.42478515625 0.444646875 0.43649375 0.440409375 0.4373671875 0.43421015625 0.4204046875 0.4389234375 0.42074140625 0.4434125
1 0.45815 0.48381328125 0.46601328125 0.48134453125 0.46275546875 0.467428125 0.45399375 0.4706828125 0.44727109375 0.44748203125 0.412653125 0.45631796875 0.42927890625 0.51366484375 0.4635421875 0.50468671875 0.45815 0.48381328125
1 0.7261578125 0.56742421875 0.750453125 0.5621859375 0.74185078125 0.527503125 0.7177640625 0.532971875 0.7261578125 0.56742421875
1 0.385175 0.6121953125 0.37568671875 0.6149296875 0.37221953125 0.60453984375 0.33973984375 0.61420078125 0.345396875 0.63753359375 0.3386453125 0.639903125 0.341746875 0.64992890625 0.34776875 0.6479234375 0.3526953125 0.6636 0.38584375 0.65709921875 0.3811609375 0.63844453125 0.39010234375 0.63625703125 0.385175 0.6121953125
3 0.39492890625 0.6203421875 0.39946171875 0.6182109375 0.39612890625 0.60808828125 0.3907953125 0.61075234375 0.39492890625 0.6203421875
3 0.3979953125 0.6725546875 0.39506171875 0.67481875 0.39746171875 0.678015625 0.40714140625 0.67700078125 0.40986171875 0.67388671875 0.40706171875 0.67082265625 0.3979953125 0.6725546875
3 0.58732421875 0.65936796875 0.5924140625 0.6576140625 0.58852421875 0.6475140625 0.5834578125 0.64951171875 0.58732421875 0.65936796875
1 0.5482140625 0.67828203125 0.57408046875 0.6693578125 0.5702140625 0.65990078125 0.582746875 0.6535078125 0.5786234375 0.63642890625 0.563546875 0.64125390625 0.56248046875 0.6383234375 0.53688125 0.64738046875 0.5482140625 0.67828203125
0 0.43412265625 0.5898609375 0.43995859375 0.62059296875 0.45969140625 0.61633046875 0.45582421875 0.5855625 0.43412265625 0.5898609375
1 0.3878296875 0.74198359375 0.4850875 0.7207703125 0.473071875 0.66792734375 0.37498515625 0.691103125 0.3878296875 0.74198359375
3 0.64691171875 0.87242890625 0.65148515625 0.87031328125 0.64835703125 0.8589984375 0.64300859375 0.86058671875 0.64691171875 0.87242890625
2 0.7023734375 0.846434375 0.71972109375 0.84239140625 0.69871171875 0.76570859375 0.6817984375 0.77076328125 0.68526796875 0.78823671875 0.62378203125 0.8034 0.61785546875 0.77653984375 0.58634140625 0.78448203125 0.59385859375 0.81249765625 0.57998125 0.8153859375 0.5903890625 0.861309375 0.58663046875 0.86333046875 0.5914015625 0.87618359375 0.59385859375 0.87430625 0.600075 0.8998671875 0.6408671875 0.88786484375 0.62831171875 0.84556796875 0.6952421875 0.82390625 0.7023734375 0.846434375