3 0.62864609375 0.2663125 0.63173515625 0.28405 0.63709921875 0.2845375 0.6392125 0.282259375 0.6355125 0.26498671875 0.62864609375 0.2663125
2 0.76163359375 0.34008203125 0.7593578125 0.323809375 0.8050234375 0.315184375 0.79315625 0.26810234375 0.65270546875 0.30070234375 0.6681484375 0.36400234375 0.76163359375 0.34008203125
1 0.97761796875 0.35383515625 0.98005625 0.35285859375 0.98086875 0.3546484375 1 0.3499296875 0.99988828125 0.3016 0.9925734375 0.28435078125 0.97517890625 0.28760546875 0.9763171875 0.2960671875 0.9649375 0.2985078125 0.965790625 0.3064546875 0.97761796875 0.35383515625
2 0.897475 0.35746953125 0.889671875 0.32834140625 0.855859375 0.337128125 0.87178984375 0.40400859375 0.89081015625 0.40384609375 0.90462734375 0.3966859375 0.905440625 0.40173046875 0.94543046875 0.39147890625 0.93481171875 0.34865390625 0.897475 0.35746953125
2 0.91129296875 0.1205390625 0.922184375 0.15471171875 0.98103125 0.1408796875 0.97794296875 0.12232890625 0.97018125 0.1032625 0.91129296875 0.1205390625
1 0.1837265625 0.06844609375 0.194878125 0.108503125 0.23063046875 0.098653125 0.220790625 0.0602375 0.1837265625 0.06844609375
3 0.284653125 0.1213765625 0.2969515625 0.1202671875 0.295621875 0.114721875 0.28566953125 0.11626328125 0.284653125 0.1213765625
1 0.29750546875 0.1191578125 0.2993890625 0.132578125 0.29152265625 0.13446328125 0.2967296875 0.16573828125 0.34126875 0.15675546875 0.3358765625 0.115265625 0.29750546875 0.1191578125
0 0.29340625 0.22662578125 0.284653125 0.19368671875 0.2532515625 0.20005234375 0.26050078125 0.2341671875 0.29340625 0.22662578125
1 0.0729453125 0.44826484375 0.1065203125 0.44069140625 0.096353125 0.38743828125 0.061140625 0.39357265625 0.0729453125 0.44826484375
0 0.0932796875 0.50412109375 0.086659375 0.48163671875 0.05544921875 0.4882640625 0.055109375 0.489009375 0.05994140625 0.51216875 0.0932796875 0.50412109375
3 0.2632609375 0.31671953125 0.26585234375 0.32381015625 0.2776 0.31948671875 0.27539609375 0.31272578125 0.2632609375 0.31671953125
1 0.25341328125 0.37551875 0.2680984375 0.3737890625 0.27034453125 0.38174453125 0.29470390625 0.37672890625 0.29349453125 0.368428125 0.3064515625 0.3651421875 0.30230546875 0.34490859375 0.31146171875 0.3428328125 0.3088703125 0.33556953125 0.3064515625 0.32744140625 0.24584296875 0.33994609375 0.25341328125 0.37551875
1 0.32079140625 0.49882421875 0.3161265625 0.47893671875 0.32200078125 0.4758234375 0.3185453125 0.46146953125 0.31111640625 0.46302578125 0.3052421875 0.44261953125 0.262175 0.454528125 0.27898203125 0.511621875 0.32079140625 0.49882421875
4 0.31147265625 0.3691890625 0.31751953125 0.378528125 0.3570828125 0.35276015625 0.35161171875 0.343575 0.31147265625 0.3691890625
2 0.330346875 0.66186328125 0.34767578125 0.73330859375 0.49071484375 0.699203125 0.4716234375 0.6271703125 0.330346875 0.66186328125
1 0.46538380419921876 0.8230835786132813 0.4283734375 0.82934765625 0.43571171875 0.8798484375 0.473503125 0.87415625 0.46538380419921876 0.8230835786132813
3 0.4367859375 0.8132625 0.4488484375 0.810696875 0.45035625 0.80828203125 0.44794375 0.8039046875 0.4353953125 0.80645859375 0.4367859375 0.8132625
2 0.61737265625 0.62879609375 0.592321875 0.63393203125 0.5977546875 0.65236171875 0.585078125 0.6559875 0.5874921875 0.6611234375 0.5576125 0.6686765625 0.5941328125 0.81873359375 0.7148609375 0.7897296875 0.6786421875 0.64208984375 0.67592578125 0.64088125 0.6671734375 0.59999296875 0.64996953125 0.60422265625 0.63729296875 0.5604140625 0.6034890625 0.56826953125 0.61737265625 0.62879609375
2 0.81377578125 0.6359390625 0.88349609375 0.62143671875 0.86236875 0.54076875 0.85784140625 0.54107109375 0.856634375 0.53623671875 0.78682109375 0.5531296875 0.81377578125 0.6359390625
3 0.90635859375 0.66497421875 0.89146640625 0.6487453125 0.88803515625 0.65438125 0.90277734375 0.66931484375 0.90635859375 0.66497421875
0 0.89655625 0.720265625 0.92162890625 0.71347265625 0.91239140625 0.683090625 0.88831796875 0.6894578125 0.89655625 0.720265625
0 0.90918671875 0.77411015625 0.94066875 0.7673171875 0.93067734375 0.72768828125 0.9003265625 0.7341046875 0.90918671875 0.77411015625
1 1 0.58309453125 0.97606171875 0.589653125 0.9849796875 0.6249953125 0.999865625 0.6219125 1 0.58309453125