3 0.7154625 0.36290078125 0.71595 0.36826484375 0.7336875 0.37135390625 0.73501328125 0.3644875 0.717740625 0.3607875 0.7154625 0.36290078125
2 0.73189765625 0.20684375 0.684815625 0.1949765625 0.676190625 0.2406421875 0.65991796875 0.23836640625 0.63599765625 0.3318515625 0.69929765625 0.34729453125 0.73189765625 0.20684375
1 0.7039328125 0.0236828125 0.71239453125 0.02482109375 0.71564921875 0.0074265625 0.6984 0.00011171875 0.6500703125 0 0.6453515625 0.01913125 0.64714140625 0.01994375 0.64616484375 0.02238203125 0.6935453125 0.034209375 0.7014921875 0.0350625 0.7039328125 0.0236828125
2 0.59826953125 0.094559375 0.6033140625 0.09537265625 0.59615390625 0.10918984375 0.59599140625 0.12821015625 0.662871875 0.144140625 0.67165859375 0.110328125 0.64253046875 0.102525 0.65134609375 0.06518828125 0.60852109375 0.05456953125 0.59826953125 0.094559375
2 0.8591203125 0.01896875 0.84528828125 0.077815625 0.8794609375 0.08870703125 0.8967375 0.02981875 0.87767109375 0.02205703125 0.8591203125 0.01896875
1 0.891496875 0.805121875 0.93155390625 0.8162734375 0.9397625 0.779209375 0.901346875 0.76936953125 0.891496875 0.805121875
3 0.8797328125 0.7030484375 0.8786234375 0.715346875 0.88373671875 0.71433046875 0.885278125 0.704378125 0.8797328125 0.7030484375
1 0.83426171875 0.7032703125 0.86553671875 0.70847734375 0.867421875 0.7006109375 0.8808421875 0.70249453125 0.884734375 0.6641234375 0.84324453125 0.65873125 0.83426171875 0.7032703125
0 0.80631328125 0.715346875 0.77337421875 0.70659375 0.7658328125 0.73949921875 0.79994765625 0.7467484375 0.80631328125 0.715346875
1 0.55930859375 0.8934796875 0.55173515625 0.9270546875 0.60642734375 0.938859375 0.61256171875 0.903646875 0.55930859375 0.8934796875
0 0.5117359375 0.94455078125 0.51836328125 0.913340625 0.49587890625 0.9067203125 0.48783125 0.94005859375 0.510990625 0.944890625 0.5117359375 0.94455078125
3 0.67618984375 0.73414765625 0.68328046875 0.7367390625 0.68727421875 0.72460390625 0.68051328125 0.7224 0.67618984375 0.73414765625
1 0.66443046875 0.6911296875 0.6571671875 0.68853828125 0.65509140625 0.69769453125 0.6348578125 0.6935484375 0.631571875 0.70650546875 0.62327109375 0.70529609375 0.61825546875 0.72965546875 0.6262109375 0.7319015625 0.62448125 0.74658671875 0.66005390625 0.75415703125 0.67255859375 0.6935484375 0.66443046875 0.6911296875
1 0.55738046875 0.6947578125 0.53697421875 0.68888359375 0.53853046875 0.6814546875 0.5241765625 0.67799921875 0.52106328125 0.6838734375 0.50117578125 0.67920859375 0.488378125 0.72101796875 0.545471875 0.737825 0.55738046875 0.6947578125
4 0.621471875 0.68248046875 0.6308109375 0.68852734375 0.656425 0.64838828125 0.64723984375 0.6429171875 0.621471875 0.68248046875
2 0.26669140625 0.65232421875 0.33813671875 0.669653125 0.3728296875 0.5283765625 0.300796875 0.50928515625 0.26669140625 0.65232421875
1 0.17065234375 0.5716265625 0.17691642138671876 0.5346161958007812 0.12584375 0.526496875 0.1201515625 0.56428828125 0.17065234375 0.5716265625
3 0.19171796875 0.54964375 0.189303125 0.5511515625 0.1867375 0.5632140625 0.19354140625 0.5646046875 0.1960953125 0.55205625 0.19171796875 0.54964375
2 0.39577734375 0.35003046875 0.40000703125 0.3328265625 0.35911875 0.32407421875 0.35791015625 0.3213578125 0.2102703125 0.2851390625 0.18126640625 0.4058671875 0.3313234375 0.4423875 0.3388765625 0.4125078125 0.3440125 0.414921875 0.34763828125 0.4022453125 0.36606796875 0.407678125 0.37120390625 0.38262734375 0.43173046875 0.3965109375 0.4395859375 0.36270703125 0.39577734375 0.35003046875
2 0.45892890625 0.14215859375 0.45923125 0.13763125 0.37856328125 0.11650390625 0.3640609375 0.18622421875 0.4468703125 0.21317890625 0.46376328125 0.143365625 0.45892890625 0.14215859375
3 0.3512546875 0.10853359375 0.33502578125 0.09364140625 0.33068515625 0.09722265625 0.34561875 0.11196484375 0.3512546875 0.10853359375
0 0.28652734375 0.07837109375 0.279734375 0.10344375 0.3105421875 0.11168203125 0.316909375 0.08760859375 0.28652734375 0.07837109375
0 0.2326828125 0.05933125 0.22588984375 0.09081328125 0.2658953125 0.0996734375 0.27231171875 0.06932265625 0.2326828125 0.05933125
1 0.410346875 0.02393828125 0.41690546875 0 0.3780875 0.000134375 0.3750046875 0.0150203125 0.410346875 0.02393828125