1 0.180125 0.05612578125 0.160240625 0 0.12453203125 0.0004234375 0.14352890625 0.06819609375 0.180125 0.05612578125
1 0.18139375 0.08245390625 0.13358671875 0.09473515625 0.1414140625 0.1315796875 0.1410375 0.1318328125 0.19091328125 0.1156984375 0.18139375 0.08245390625
4 0.1392984375 0.18966953125 0.1426828125 0.1894578125 0.14310625 0.19157578125 0.15220234375 0.1894578125 0.15220234375 0.1877640625 0.18118203125 0.180353125 0.1775859375 0.16891875 0.15664453125 0.1737890625 0.1570671875 0.171459375 0.1399328125 0.17527109375 0.14056796875 0.178446875 0.13786328125 0.1797625 0.1392984375 0.18966953125
0 0.1653171875 0.2615234375 0.19831640625 0.2536890625 0.186259375 0.20541015625 0.153734375 0.21404296875 0.1653171875 0.2615234375
1 0.1359140625 0.34227109375 0.20804765625 0.32236640625 0.20656640625 0.31495546875 0.2406234375 0.3062734375 0.227296875 0.2471953125 0.20889375 0.2516421875 0.2129125 0.25990078125 0.19493203125 0.26519453125 0.19239375 0.2639234375 0.14289453125 0.2776875 0.1365484375 0.25481875 0.115009375 0.260703125 0.1359140625 0.34227109375
1 0.000390625 0.309075 0.00010546875 0.351165625 0.01117890625 0.3465546875 0.000390625 0.309075
1 0.33971328125 0.09983046875 0.38729296875 0.08738515625 0.3810765625 0.053878125 0.3316203125 0.06505625 0.33971328125 0.09983046875
1 0 0.62120390625 0.07315390625 0.6030140625 0.06311171875 0.56256640625 0.00094765625 0.57764453125 0 0.62120390625
1 0.1145171875 0.7553921875 0.10543203125 0.74151015625 0.04948359375 0.75730703125 0.05823984375 0.78868984375 0.11666875 0.77406015625 0.1145171875 0.7553921875
0 0.0296390625 0.93010859375 0.0207921875 0.89731875 0.000478125 0.9017015625 0.009315625 0.93441640625 0.0296390625 0.93010859375
1 0.09419453125 0.92627890625 0.16568359375 0.9080890625 0.15731484375 0.876496875 0.0862234375 0.8941671875 0.09419453125 0.92627890625
1 0.2593375 0.4221 0.2693796875 0.458 0.341825 0.43406640625 0.33847734375 0.41755234375 0.329153125 0.39816640625 0.2593375 0.4221
3 0.32978671875 0.4621125 0.34069453125 0.4597625 0.3386 0.4533765625 0.32840625 0.45589296875 0.32978671875 0.4621125
1 0.28418515625 0.65272734375 0.2619265625 0.65795859375 0.26560390625 0.67481484375 0.2588296875 0.67636484375 0.259990625 0.68392109375 0.25495859375 0.68547109375 0.2586359375 0.69651484375 0.26366796875 0.69438359375 0.267584375 0.70962109375 0.29599140625 0.70310234375 0.28418515625 0.65272734375
3 0.29599140625 0.66919609375 0.2985078125 0.67946484375 0.3014109375 0.68392109375 0.30547578125 0.68198359375 0.30185546875 0.6695421875 0.29599140625 0.66919609375
3 0.39746015625 0.60049453125 0.40143125 0.5993171875 0.39996015625 0.58694921875 0.396725 0.5840046875 0.39336875 0.587146875 0.39746015625 0.60049453125
4 0.40643203125 0.6302359375 0.4505578125 0.61904609375 0.45482265625 0.6303828125 0.47541484375 0.62449375 0.4717375 0.6134515625 0.48438671875 0.6097703125 0.48335703125 0.6002 0.4793859375 0.5918078125 0.4006515625 0.6127484375 0.40643203125 0.6302359375
1 0.41643046875 0.98820703125 0.4199609375 0.99921875 0.47320546875 0.9989546875 0.4684078125 0.97757265625 0.41643046875 0.98820703125
4 0.3158109375 0.86675703125 0.4081796875 0.84216875 0.40244375 0.8236171875 0.3123703125 0.84713671875 0.3158109375 0.86675703125
3 0.36140703125 0.82106484375 0.37332109375 0.81826796875 0.37126171875 0.8128203125 0.3611453125 0.8162375 0.36140703125 0.82106484375
1 0.49303828125 0.89307578125 0.49906875 0.9267921875 0.5815828125 0.911921875 0.5793765625 0.89440078125 0.572359375 0.8767109375 0.49303828125 0.89307578125
1 0.85078671875 0.97622890625 0.89049921875 0.975934375 0.8809390625 0.9329421875 0.8425015625 0.93894921875 0.85078671875 0.97622890625
3 0.714453125 0.3925375 0.71680703125 0.39695390625 0.7263671875 0.39430390625 0.727103125 0.39150625 0.72508671875 0.3882921875 0.714453125 0.3925375
1 0.69695078125 0.30856484375 0.70033359375 0.33065 0.6800359375 0.33433046875 0.68047734375 0.33874765625 0.6660625 0.341103125 0.67091640625 0.3737890625 0.738428125 0.36421953125 0.73038359375 0.30420390625 0.69695078125 0.30856484375
1 0.79950234375 0.3104171875 0.8077390625 0.34501640625 0.85142265625 0.33412109375 0.84294296875 0.30089375 0.79950234375 0.3104171875
1 0.7881765625 0.52537890625 0.80097265625 0.57514375 0.83700859375 0.5661625 0.82465390625 0.51639765625 0.78842890625 0.525790625 0.7881765625 0.52537890625
3 0.80815234375 0.5918 0.8199828125 0.58866953125 0.8188953125 0.58199921875 0.80669140625 0.58468125 0.80815234375 0.5918
3 0.844053125 0.72066640625 0.8452765625 0.72665625 0.8571078125 0.72515859375 0.85615546875 0.7187609375 0.844053125 0.72066640625
1 0.83863203125 0.75051953125 0.852503125 0.8168125 0.88473203125 0.80592265625 0.87194921875 0.74480234375 0.83863203125 0.75051953125
0 0.87140546875 0.86114453125 0.90553828125 0.855290625 0.8984671875 0.8246625 0.866275 0.8301578125 0.87140546875 0.86114453125
0 0.9912515625 0.47845078125 0.996146875 0.49206328125 0.99873125 0.491790625 0.99921875 0.48866015625 0.99625703125 0.47632890625 0.9912515625 0.47845078125
1 0.98010078125 0.285378125 0.97751640625 0.2931375 0.9991390625 0.3068859375 0.99921875 0.25788046875 0.98299375 0.25044140625 0.96772578125 0.277346875 0.98010078125 0.285378125