1 0.160240625 1 0.180125 0.94387421875 0.14352890625 0.93180390625 0.12453203125 0.9995765625 0.160240625 1
1 0.1414140625 0.8684203125 0.13358671875 0.90526484375 0.18139375 0.91754609375 0.19091328125 0.8843015625 0.1410375 0.8681671875 0.1414140625 0.8684203125
4 0.1399328125 0.82472890625 0.1570671875 0.828540625 0.15664453125 0.8262109375 0.1775859375 0.83108125 0.18118203125 0.819646875 0.15220234375 0.8122359375 0.15220234375 0.8105421875 0.14310625 0.80842421875 0.1426828125 0.8105421875 0.1392984375 0.81033046875 0.13786328125 0.8202375 0.14056796875 0.821553125 0.1399328125 0.82472890625
0 0.19831640625 0.7463109375 0.1653171875 0.7384765625 0.153734375 0.78595703125 0.186259375 0.79458984375 0.19831640625 0.7463109375
1 0.14289453125 0.7223125 0.19239375 0.7360765625 0.19493203125 0.73480546875 0.2129125 0.74009921875 0.20889375 0.7483578125 0.227296875 0.7528046875 0.2406234375 0.6937265625 0.20656640625 0.68504453125 0.20804765625 0.67763359375 0.1359140625 0.65772890625 0.115009375 0.739296875 0.1365484375 0.74518125 0.14289453125 0.7223125
1 0.000390625 0.690925 0.01117890625 0.6534453125 0.00010546875 0.648834375 0.000390625 0.690925
1 0.38729296875 0.91261484375 0.33971328125 0.90016953125 0.3316203125 0.93494375 0.3810765625 0.946121875 0.38729296875 0.91261484375
1 0.07315390625 0.3969859375 0 0.37879609375 0.00094765625 0.42235546875 0.06311171875 0.43743359375 0.07315390625 0.3969859375
1 0.04948359375 0.24269296875 0.10543203125 0.25848984375 0.1145171875 0.2446078125 0.11666875 0.22593984375 0.05823984375 0.21131015625 0.04948359375 0.24269296875
0 0.0207921875 0.10268125 0.0296390625 0.06989140625 0.009315625 0.06558359375 0.000478125 0.0982984375 0.0207921875 0.10268125
1 0.16568359375 0.0919109375 0.09419453125 0.07372109375 0.0862234375 0.1058328125 0.15731484375 0.123503125 0.16568359375 0.0919109375
1 0.341825 0.56593359375 0.2693796875 0.542 0.2593375 0.5779 0.329153125 0.60183359375 0.33847734375 0.58244765625 0.341825 0.56593359375
3 0.34069453125 0.5402375 0.32978671875 0.5378875 0.32840625 0.54410703125 0.3386 0.5466234375 0.34069453125 0.5402375
1 0.26366796875 0.30561640625 0.2586359375 0.30348515625 0.25495859375 0.31452890625 0.259990625 0.31607890625 0.2588296875 0.32363515625 0.26560390625 0.32518515625 0.2619265625 0.34204140625 0.28418515625 0.34727265625 0.29599140625 0.29689765625 0.267584375 0.29037890625 0.26366796875 0.30561640625
3 0.3014109375 0.31607890625 0.2985078125 0.32053515625 0.29599140625 0.33080390625 0.30185546875 0.3304578125 0.30547578125 0.31801640625 0.3014109375 0.31607890625
3 0.39996015625 0.41305078125 0.40143125 0.4006828125 0.39746015625 0.39950546875 0.39336875 0.412853125 0.396725 0.4159953125 0.39996015625 0.41305078125
4 0.48335703125 0.3998 0.48438671875 0.3902296875 0.4717375 0.3865484375 0.47541484375 0.37550625 0.45482265625 0.3696171875 0.4505578125 0.38095390625 0.40643203125 0.3697640625 0.4006515625 0.3872515625 0.4793859375 0.4081921875 0.48335703125 0.3998
1 0.4199609375 0.00078125 0.41643046875 0.01179296875 0.4684078125 0.02242734375 0.47320546875 0.0010453125 0.4199609375 0.00078125
4 0.4081796875 0.15783125 0.3158109375 0.13324296875 0.3123703125 0.15286328125 0.40244375 0.1763828125 0.4081796875 0.15783125
3 0.37332109375 0.18173203125 0.36140703125 0.17893515625 0.3611453125 0.1837625 0.37126171875 0.1871796875 0.37332109375 0.18173203125
1 0.5815828125 0.088078125 0.49906875 0.0732078125 0.49303828125 0.10692421875 0.572359375 0.1232890625 0.5793765625 0.10559921875 0.5815828125 0.088078125
1 0.89049921875 0.024065625 0.85078671875 0.02377109375 0.8425015625 0.06105078125 0.8809390625 0.0670578125 0.89049921875 0.024065625
3 0.7263671875 0.60569609375 0.71680703125 0.60304609375 0.714453125 0.6074625 0.72508671875 0.6117078125 0.727103125 0.60849375 0.7263671875 0.60569609375
1 0.67091640625 0.6262109375 0.6660625 0.658896875 0.68047734375 0.66125234375 0.6800359375 0.66566953125 0.70033359375 0.66935 0.69695078125 0.69143515625 0.73038359375 0.69579609375 0.738428125 0.63578046875 0.67091640625 0.6262109375
1 0.8077390625 0.65498359375 0.79950234375 0.6895828125 0.84294296875 0.69910625 0.85142265625 0.66587890625 0.8077390625 0.65498359375
1 0.83700859375 0.4338375 0.80097265625 0.42485625 0.7881765625 0.47462109375 0.78842890625 0.474209375 0.82465390625 0.48360234375 0.83700859375 0.4338375
3 0.8199828125 0.41133046875 0.80815234375 0.4082 0.80669140625 0.41531875 0.8188953125 0.41800078125 0.8199828125 0.41133046875
3 0.8452765625 0.27334375 0.844053125 0.27933359375 0.85615546875 0.2812390625 0.8571078125 0.27484140625 0.8452765625 0.27334375
1 0.852503125 0.1831875 0.83863203125 0.24948046875 0.87194921875 0.25519765625 0.88473203125 0.19407734375 0.852503125 0.1831875
0 0.90553828125 0.144709375 0.87140546875 0.13885546875 0.866275 0.1698421875 0.8984671875 0.1753375 0.90553828125 0.144709375
0 0.99873125 0.508209375 0.996146875 0.50793671875 0.9912515625 0.52154921875 0.99625703125 0.52367109375 0.99921875 0.51133984375 0.99873125 0.508209375
1 0.99921875 0.74211953125 0.9991390625 0.6931140625 0.97751640625 0.7068625 0.98010078125 0.714621875 0.96772578125 0.722653125 0.98299375 0.74955859375 0.99921875 0.74211953125