1 0.01397421875 0.49788359375 0.06267265625 0.484375 0.05563125 0.44874375 0.00479296875 0.46054765625 0.01397421875 0.49788359375
1 0.16847890625 0.722959375 0.16671875 0.70475234375 0.1594828125 0.68556640625 0.1095609375 0.69620234375 0.117825 0.73353125 0.16847890625 0.722959375
4 0.0092796875 0.75761171875 0.0286421875 0.76113515625 0.0370515625 0.6892859375 0.0191734375 0.6873984375 0.0092796875 0.75761171875
3 0.0012953125 0.7262828125 0.006859375 0.72889375 0.0084234375 0.71653671875 0.004 0.71518984375 0.0012953125 0.7262828125
1 0.1450828125 0.88889765625 0.15290703125 0.92527265625 0.1647296875 0.92231328125 0.16890234375 0.9346703125 0.186115625 0.93084140625 0.1829859375 0.9179625 0.20437109375 0.91187109375 0.20106796875 0.89533671875 0.1923640625 0.87642109375 0.1450828125 0.88889765625
3 0.17035078125 0.85089140625 0.15904921875 0.8536765625 0.16131796875 0.85868046875 0.170525 0.85541640625 0.17035078125 0.85089140625
1 0.287884375 0.43585625 0.31848515625 0.42837265625 0.31848515625 0.42523984375 0.33187265625 0.4201921875 0.323875 0.39443359375 0.31083515625 0.39756640625 0.309965625 0.3958265625 0.2795015625 0.4036859375 0.287884375 0.43585625
4 0.3174421875 0.43156328125 0.29953359375 0.43887265625 0.3042859375 0.4480375 0.321440625 0.4407875 0.3174421875 0.43156328125
1 0.27171484375 0.37818984375 0.30648828125 0.36913984375 0.294665625 0.3191890625 0.25836953125 0.32802734375 0.27171484375 0.37818984375
3 0.34021875 0.3244109375 0.3417828125 0.33728984375 0.34456484375 0.338334375 0.347346875 0.33676796875 0.3449125 0.3244109375 0.3408109375 0.3246359375 0.34021875 0.3244109375
4 0.2157296875 0.19196328125 0.222684375 0.21076015625 0.28631953125 0.18465390625 0.281328125 0.17018828125 0.2157296875 0.19196328125
0 0.44877265625 0.454096875 0.48180703125 0.4446984375 0.47606953125 0.42746875 0.445428125 0.43368828125 0.44877265625 0.454096875
3 0.4060015625 0.56461484375 0.41904140625 0.562178125 0.41712890625 0.5550421875 0.4047296875 0.55682890625 0.4060015625 0.56461484375
1 0.4332984375 0.596696875 0.42147578125 0.59826328125 0.42530078125 0.622803125 0.48667578125 0.6120125 0.47728671875 0.56693515625 0.46668125 0.569371875 0.46581171875 0.564325 0.4295140625 0.5709171875 0.4332984375 0.596696875
3 0.49762890625 0.7277515625 0.507365625 0.725140625 0.50701796875 0.7202671875 0.49682421875 0.7217125 0.49762890625 0.7277515625
1 0.54318203125 0.76621484375 0.54109609375 0.74567734375 0.53240234375 0.7287953125 0.4821546875 0.73819375 0.4889359375 0.77021796875 0.54318203125 0.76621484375
1 0.42078046875 0.816803125 0.37835703125 0.831596875 0.38931015625 0.85996640625 0.43295078125 0.8427359375 0.42078046875 0.816803125
0 0.5149796875 0.57273125 0.5521875 0.56489921875 0.5414078125 0.51912578125 0.5054171875 0.5260875 0.5149796875 0.57273125
0 0.551665625 0.5622890625 0.6036515625 0.5514984375 0.595828125 0.51634140625 0.545928125 0.5264359375 0.551665625 0.5622890625
1 0.70958515625 0.3716453125 0.75687734375 0.361203125 0.74801015625 0.30811953125 0.69797109375 0.3160265625 0.70958515625 0.3716453125
0 0.6414296875 0.4322703125 0.71132421875 0.4200875 0.70436953125 0.3885859375 0.63535703125 0.4010765625 0.6414296875 0.4322703125
0 0.79454921875 0.976228125 0.82428046875 0.97118125 0.82115078125 0.95934609375 0.82514921875 0.95743125 0.81923828125 0.93880859375 0.78693515625 0.94451328125 0.79454921875 0.976228125