1 0.515625 0.93732734375 0.50211640625 0.98602578125 0.53945234375 0.99520703125 0.55125625 0.94436875 0.515625 0.93732734375
1 0.31443359375 0.8405171875 0.29524765625 0.83328125 0.277040625 0.83152109375 0.26646875 0.882175 0.30379765625 0.8904390625 0.31443359375 0.8405171875
4 0.23886484375 0.9713578125 0.24238828125 0.9907203125 0.3126015625 0.9808265625 0.3107140625 0.9629484375 0.23886484375 0.9713578125
3 0.27110625 0.993140625 0.2737171875 0.9987046875 0.28481015625 0.996 0.28346328125 0.9915765625 0.27110625 0.993140625
1 0.08812890625 0.79562890625 0.0820375 0.8170140625 0.06915859375 0.813884375 0.0653296875 0.83109765625 0.07768671875 0.8352703125 0.07472734375 0.84709296875 0.11110234375 0.8549171875 0.12357890625 0.8076359375 0.10466328125 0.79893203125 0.08812890625 0.79562890625
3 0.1463234375 0.84095078125 0.14910859375 0.82964921875 0.14458359375 0.829475 0.14131953125 0.83868203125 0.1463234375 0.84095078125
1 0.60243359375 0.68916484375 0.60556640625 0.676125 0.5798078125 0.66812734375 0.57476015625 0.68151484375 0.57162734375 0.68151484375 0.56414375 0.712115625 0.5963140625 0.7204984375 0.6041734375 0.690034375 0.60243359375 0.68916484375
4 0.56112734375 0.70046640625 0.56843671875 0.6825578125 0.5592125 0.678559375 0.5519625 0.6957140625 0.56112734375 0.70046640625
1 0.63086015625 0.69351171875 0.62181015625 0.72828515625 0.67197265625 0.74163046875 0.6808109375 0.705334375 0.63086015625 0.69351171875
3 0.66323203125 0.652653125 0.661665625 0.65543515625 0.66271015625 0.6582171875 0.6755890625 0.65978125 0.6753640625 0.6591890625 0.6755890625 0.6550875 0.66323203125 0.652653125
4 0.78923984375 0.777315625 0.80803671875 0.7842703125 0.82981171875 0.718671875 0.81534609375 0.71368046875 0.78923984375 0.777315625
0 0.5553015625 0.51819296875 0.545903125 0.55122734375 0.56631171875 0.554571875 0.57253125 0.52393046875 0.5553015625 0.51819296875
3 0.437821875 0.58095859375 0.43538515625 0.5939984375 0.44317109375 0.5952703125 0.4449578125 0.58287109375 0.437821875 0.58095859375
1 0.430628125 0.53331875 0.43306484375 0.52271328125 0.3879875 0.51332421875 0.377196875 0.57469921875 0.40173671875 0.57852421875 0.403303125 0.5667015625 0.4290828125 0.5704859375 0.435675 0.53418828125 0.430628125 0.53331875
3 0.274859375 0.492634375 0.2722484375 0.50237109375 0.2782875 0.50317578125 0.2797328125 0.49298203125 0.274859375 0.492634375
1 0.2712046875 0.46759765625 0.25432265625 0.45890390625 0.23378515625 0.45681796875 0.22978203125 0.5110640625 0.26180625 0.5178453125 0.2712046875 0.46759765625
1 0.168403125 0.62164296875 0.183196875 0.57921953125 0.1572640625 0.56704921875 0.14003359375 0.61068984375 0.168403125 0.62164296875
0 0.43510078125 0.4478125 0.42726875 0.4850203125 0.4739125 0.4945828125 0.48087421875 0.4585921875 0.43510078125 0.4478125
0 0.4485015625 0.3963484375 0.4377109375 0.448334375 0.4735640625 0.454071875 0.48365859375 0.404171875 0.4485015625 0.3963484375
1 0.638796875 0.24312265625 0.6283546875 0.29041484375 0.6839734375 0.30202890625 0.69188046875 0.25198984375 0.638796875 0.24312265625
0 0.5799125 0.28867578125 0.5677296875 0.3585703125 0.5989234375 0.36464296875 0.6114140625 0.29563046875 0.5799125 0.28867578125
0 0.04256875 0.17485078125 0.04065390625 0.17884921875 0.02881875 0.17571953125 0.023771875 0.20545078125 0.05548671875 0.21306484375 0.06119140625 0.18076171875 0.04256875 0.17485078125