1 0.210590625 0.26398984375 0.1857578125 0.3002375 0.2210203125 0.32492578125 0.244528125 0.294215625 0.210590625 0.26398984375
3 0.18005625 0.2882953125 0.1858953125 0.2784171875 0.1811140625 0.2754796875 0.1752953125 0.28486015625 0.18005625 0.2882953125
3 0.5096640625 0.34031953125 0.51225546875 0.33662109375 0.509603125 0.32501953125 0.50318515625 0.328484375 0.5065171875 0.34031953125 0.5096640625 0.34031953125
1 0.4943 0.35141484375 0.484859375 0.3094375 0.44432109375 0.32182734375 0.45320625 0.360290625 0.4943 0.35141484375
1 0.71432421875 0.42031953125 0.73912890625 0.3877734375 0.70432890625 0.36243984375 0.679709375 0.39313671875 0.71432421875 0.42031953125
3 0.6674921875 0.40423125 0.6805296875 0.40049375 0.6793390625 0.3960953125 0.66693671875 0.40016328125 0.6674921875 0.40423125
3 0.67119453125 0.3781578125 0.67914296875 0.36580859375 0.67397109375 0.3644734375 0.667121875 0.3761234375 0.67119453125 0.3781578125
1 1 0.4153265625 0.96582578125 0.4136625 0.964159375 0.4534203125 1 0.45471484375 1 0.4153265625
1 0.81015703125 0.69567265625 0.8481265625 0.68463125 0.83496171875 0.645559375 0.7962734375 0.6577640625 0.81015703125 0.69567265625
3 0.78486171875 0.6599359375 0.788684375 0.67181796875 0.79201640625 0.67089296875 0.78849921875 0.6577640625 0.78486171875 0.6599359375
1 0.5732796875 0.64907265625 0.585496875 0.6376078125 0.59645390625 0.61720390625 0.56328359375 0.58860390625 0.53958984375 0.62336875 0.5732796875 0.64907265625
3 0.596603125 0.63261484375 0.604778125 0.6235859375 0.600490625 0.61837578125 0.592715625 0.62891640625 0.596603125 0.63261484375
1 0.3630578125 0.5941515625 0.3683671875 0.55504921875 0.3267765625 0.546071875 0.3201125 0.58804921875 0.3630578125 0.5941515625
3 0.319371875 0.54736640625 0.3159234375 0.54478203125 0.3134484375 0.54625703125 0.31159765625 0.55679765625 0.316225 0.5571671875 0.319371875 0.54736640625