1 0.789409375 0.73601015625 0.8142421875 0.6997625 0.7789796875 0.67507421875 0.755471875 0.705784375 0.789409375 0.73601015625
3 0.81994375 0.7117046875 0.8141046875 0.7215828125 0.8188859375 0.7245203125 0.8247046875 0.71513984375 0.81994375 0.7117046875
3 0.4903359375 0.65968046875 0.48774453125 0.66337890625 0.490396875 0.67498046875 0.49681484375 0.671515625 0.4934828125 0.65968046875 0.4903359375 0.65968046875
1 0.5057 0.64858515625 0.515140625 0.6905625 0.55567890625 0.67817265625 0.54679375 0.639709375 0.5057 0.64858515625
1 0.28567578125 0.57968046875 0.26087109375 0.6122265625 0.29567109375 0.63756015625 0.320290625 0.60686328125 0.28567578125 0.57968046875
3 0.3325078125 0.59576875 0.3194703125 0.59950625 0.3206609375 0.6039046875 0.33306328125 0.59983671875 0.3325078125 0.59576875
3 0.32880546875 0.6218421875 0.32085703125 0.63419140625 0.32602890625 0.6355265625 0.332878125 0.6238765625 0.32880546875 0.6218421875
1 0 0.5846734375 0.03417421875 0.5863375 0.035840625 0.5465796875 0 0.54528515625 0 0.5846734375
1 0.18984296875 0.30432734375 0.1518734375 0.31536875 0.16503828125 0.354440625 0.2037265625 0.3422359375 0.18984296875 0.30432734375
3 0.21513828125 0.3400640625 0.211315625 0.32818203125 0.20798359375 0.32910703125 0.21150078125 0.3422359375 0.21513828125 0.3400640625
1 0.4267203125 0.35092734375 0.414503125 0.3623921875 0.40354609375 0.38279609375 0.43671640625 0.41139609375 0.46041015625 0.37663125 0.4267203125 0.35092734375
3 0.403396875 0.36738515625 0.395221875 0.3764140625 0.399509375 0.38162421875 0.407284375 0.37108359375 0.403396875 0.36738515625
1 0.6369421875 0.4058484375 0.6316328125 0.44495078125 0.6732234375 0.453928125 0.6798875 0.41195078125 0.6369421875 0.4058484375
3 0.680628125 0.45263359375 0.6840765625 0.45521796875 0.6865515625 0.45374296875 0.68840234375 0.44320234375 0.683775 0.4428328125 0.680628125 0.45263359375