1 1 0.07420546875 0.9907625 0.07369296875 0.9897359375 0.156059375 1 0.15657265625 1 0.07420546875
4 0.95278671875 0.077028125 0.95766171875 0.1501578125 0.97357109375 0.14861796875 0.9686953125 0.07754140625 0.95278671875 0.077028125
4 0.87016328125 0.09960859375 0.881196875 0.17017265625 0.89710546875 0.16760625 0.88684140625 0.09832578125 0.87016328125 0.09960859375
1 0.890690625 0 0.8886375 0.0013328125 0.890690625 0.00543828125 0.89274296875 0.0105703125 0.9173765625 0.0092875 0.9173765625 0 0.890690625 0
1 0.68092734375 0.0386046875 0.67535859375 0 0.64890859375 0.00018203125 0.65670390625 0.04111015625 0.68092734375 0.0386046875
0 0.7945234375 0.19730625 0.77030078125 0.200646875 0.77280703125 0.21735234375 0.798421875 0.2137328125 0.7945234375 0.19730625
1 0.61995234375 0.2323875 0.62385 0.2722015625 0.65224921875 0.27248046875 0.650021875 0.23210859375 0.61995234375 0.2323875
1 0.9847953125 0.1795296875 0.98845625 0.1798109375 0.98845625 0.18347109375 1 0.1826265625 0.99943671875 0.16629609375 0.98366953125 0.1682671875 0.9847953125 0.1795296875
1 0.99971875 0.189946875 0.97972734375 0.1927625 0.97972734375 0.20374375 0.99971875 0.20177265625 0.99971875 0.189946875
4 0.9788828125 0.229084375 0.9900524487304687 0.226632134765625 0.98901875 0.21500625 0.97071796875 0.217540625 0.96987265625 0.2110640625 0.9563578125 0.2133171875 0.96058125 0.23274453125 0.96367890625 0.23246328125 0.96367890625 0.23584140625 0.9788828125 0.23246328125 0.9788828125 0.229084375
4 0.92566796875 0.10181875 0.92848359375 0.129975 0.93805625 0.12969296875 0.93580390625 0.10125546875 0.92566796875 0.10181875
4 0.822334375 0.212471875 0.81839296875 0.2138796875 0.81980078125 0.2307734375 0.82289765625 0.2304921875 0.83416015625 0.2302109375 0.82993671875 0.1879765625 0.81980078125 0.1885390625 0.822334375 0.212471875
0 0.8406359375 0.122090625 0.83275234375 0.12237265625 0.8290921875 0.1263140625 0.83106328125 0.1601015625 0.85133515625 0.15813046875 0.8488015625 0.12490625 0.8406359375 0.122090625
4 0.7795375 0.11899375 0.77334296875 0.1201203125 0.77503203125 0.13250859375 0.7837609375 0.1316640625 0.78629453125 0.1530625 0.7955859375 0.15081015625 0.7913625 0.1116734375 0.7795375 0.11308125 0.7795375 0.11899375
4 0.45179921875 0.05705 0.46334375 0.05648671875 0.4577125 0.02213671875 0.44616796875 0.02382578125 0.45179921875 0.05705
1 0.0919640625 0.2378125 0.09646875 0.302571875 0.13532421875 0.29891171875 0.1305375 0.23556015625 0.0919640625 0.2378125
1 0.0753515625 0.1091390625 0.07591484375 0.12546953125 0.06014765625 0.127721875 0.0612734375 0.14686796875 0.08013828125 0.1457421875 0.0807015625 0.16207265625 0.1009734375 0.16179140625 0.099284375 0.10773125 0.0753515625 0.1091390625