1 0.04581640625 0.94298125 0.0001734375 0.92026015625 0 0.96230234375 0.00007734375 0.96211796875 0.0410203125 0.98239609375 0.0603609375 0.9468453125 0.0476734375 0.9411265625 0.04581640625 0.94298125
3 0.02492890625 0.90650390625 0.0204875 0.91387578125 0.0343671875 0.920878125 0.03792578125 0.91454140625 0.02492890625 0.90650390625
1 0.0125859375 0.75006640625 0.01553984375 0.75242734375 0.02573125 0.7401796875 0.00073828125 0.71673984375 0.0004734375 0.75493515625 0.004609375 0.758771875 0.0125859375 0.75006640625
1 0.00689453125 0.5763328125 0.0001 0.574709375 0.000959375 0.631275 0.03407265625 0.63137109375 0.03377734375 0.5925640625 0.00911015625 0.5925640625 0.00689453125 0.5763328125
1 0.0271203125 0.46259765625 0.00629375 0.4648109375 0.005703125 0.4836984375 0.00466953125 0.48428828125 0.0048171875 0.5084875 0.00614609375 0.5084875 0.0062734375 0.520790625 0.0599109375 0.521325 0.06109296875 0.463040625 0.0271203125 0.46259765625
3 0.064021875 0.56443046875 0.06339765625 0.57924296875 0.07140703125 0.57992421875 0.07111171875 0.56516796875 0.064021875 0.56443046875
3 0.07140703125 0.56516796875 0.07158984375 0.58035 0.07997421875 0.5805140625 0.07938359375 0.56472578125 0.07140703125 0.56516796875
1 0.416271875 0 0.35023125 0.0000484375 0.34820703125 0.00431953125 0.398846875 0.0307015625 0.416271875 0
0 0.21256796875 0.86603828125 0.21463671875 0.9093015625 0.26711796875 0.90857109375 0.264646875 0.8635703125 0.21256796875 0.86603828125
2 0.47233125 0.701396875 0.47784296875 0.70120703125 0.47784296875 0.6373828125 0.3980765625 0.6390921875 0.39522578125 0.587065625 0.37279765625 0.58725546875 0.37222734375 0.58136875 0.35619765625 0.579090625 0.31077109375 0.5802296875 0.310390625 0.69947265625 0.31286171875 0.7000421875 0.312671875 0.71029609375 0.18475390625 0.71542265625 0.18418359375 0.7545375 0.28637890625 0.75434765625 0.28656875 0.72415703125 0.3453 0.72263828125 0.3449203125 0.75510703125 0.3202109375 0.7573859375 0.3209109375 0.87682109375 0.357275 0.8770515625 0.35746484375 0.72646015625 0.47157109375 0.72456171875 0.47233125 0.701396875
3 0.37958203125 0.75360859375 0.37958203125 0.76001875 0.4043734375 0.761184375 0.40451953125 0.7537546875 0.37958203125 0.75360859375
1 0.262209375 0.41801171875 0.2627453125 0.42301015625 0.24826953125 0.4274734375 0.25684765625 0.4617515625 0.32386484375 0.4438984375 0.31385703125 0.40640703125 0.262209375 0.41801171875
3 0.3252828125 0.5260015625 0.31170234375 0.5203921875 0.3086984375 0.52234921875 0.309146875 0.52642734375 0.31940625 0.53239375 0.32384609375 0.53056796875 0.3252828125 0.5260015625
3 0.31169140625 0.51996796875 0.32436875 0.5262625 0.32658828125 0.52208828125 0.31470546875 0.5147828125 0.31169140625 0.51996796875
1 0.40875234375 0.51254140625 0.44361796875 0.46844921875 0.41423671875 0.4456203125 0.4002640625 0.461665625 0.3838109375 0.44875078125 0.3608234375 0.47964453125 0.3733640625 0.49088671875 0.37558359375 0.48723359375 0.40875234375 0.51254140625
1 0.50253828125 0.534734375 0.53765703125 0.526553125 0.5349796875 0.51239453125 0.5567125 0.508146875 0.54316875 0.45009453125 0.523640625 0.4516671875 0.50597265625 0.4586171875 0.51214453125 0.488953125 0.4930890625 0.49320078125 0.50253828125 0.534734375
3 0.58323125 0.45763515625 0.58167265625 0.44554609375 0.5756953125 0.4456046875 0.57663125 0.45882578125 0.58048125 0.45882578125 0.58323125 0.45763515625
3 0.58653125 0.4433484375 0.58222265625 0.44408125 0.583390625 0.45797265625 0.5912984375 0.45726875 0.59001484375 0.4439890625 0.58653125 0.4433484375
1 0.5740453125 0.40428125 0.63388671875 0.40559375 0.63359453125 0.366809375 0.60892890625 0.36651796875 0.60936640625 0.3602484375 0.6067390625 0.357915625 0.60615546875 0.35047890625 0.571540625 0.347509375 0.56995859375 0.39101328125 0.5746296875 0.39101328125 0.5740453125 0.40428125
3 0.55161875 0.21355859375 0.54813671875 0.21820546875 0.5586640625 0.22807421875 0.5635078125 0.22396875 0.55161875 0.21355859375
1 0.529015625 0.21238515625 0.50259296875 0.23756640625 0.56042578125 0.2933234375 0.5864046875 0.26634375 0.529015625 0.21238515625
3 0.3677671875 0.1931671875 0.36165390625 0.193 0.36336953125 0.20763828125 0.36918984375 0.207121875 0.3677671875 0.1931671875
3 0.34642578125 0.19923984375 0.3492453125 0.2116125 0.35444453125 0.2095765625 0.352634375 0.19846484375 0.34642578125 0.19923984375
1 0.4457984375 0.24476640625 0.43536875 0.208284375 0.361946875 0.2293453125 0.3717765625 0.26849609375 0.4457984375 0.24476640625
1 0.2967421875 0.24615546875 0.3183421875 0.2497734375 0.32429140625 0.207521875 0.30928828125 0.20558359375 0.30877109375 0.20765078125 0.29648359375 0.2062296875 0.29518984375 0.21372421875 0.26316171875 0.2085109375 0.25341328125 0.27018828125 0.29066328125 0.27613203125 0.2967421875 0.24615546875