1 1 0.96230234375 0.9998265625 0.92026015625 0.95418359375 0.94298125 0.9523265625 0.9411265625 0.9396390625 0.9468453125 0.9589796875 0.98239609375 0.99992265625 0.96211796875 1 0.96230234375
3 0.96207421875 0.91454140625 0.9656328125 0.920878125 0.9795125 0.91387578125 0.97507109375 0.90650390625 0.96207421875 0.91454140625
1 0.98446015625 0.75242734375 0.9874140625 0.75006640625 0.995390625 0.758771875 0.9995265625 0.75493515625 0.99926171875 0.71673984375 0.97426875 0.7401796875 0.98446015625 0.75242734375
1 0.9999 0.574709375 0.99310546875 0.5763328125 0.99088984375 0.5925640625 0.96622265625 0.5925640625 0.96592734375 0.63137109375 0.999040625 0.631275 0.9999 0.574709375
1 0.9951828125 0.5084875 0.99533046875 0.48428828125 0.994296875 0.4836984375 0.99370625 0.4648109375 0.9728796875 0.46259765625 0.93890703125 0.463040625 0.9400890625 0.521325 0.9937265625 0.520790625 0.99385390625 0.5084875 0.9951828125 0.5084875
3 0.92888828125 0.56516796875 0.92859296875 0.57992421875 0.93660234375 0.57924296875 0.935978125 0.56443046875 0.92888828125 0.56516796875
3 0.92061640625 0.56472578125 0.92002578125 0.5805140625 0.92841015625 0.58035 0.92859296875 0.56516796875 0.92061640625 0.56472578125
1 0.601153125 0.0307015625 0.65179296875 0.00431953125 0.64976875 0.0000484375 0.583728125 0 0.601153125 0.0307015625
0 0.735353125 0.8635703125 0.73288203125 0.90857109375 0.78536328125 0.9093015625 0.78743203125 0.86603828125 0.735353125 0.8635703125
2 0.6797890625 0.7573859375 0.6550796875 0.75510703125 0.6547 0.72263828125 0.71343125 0.72415703125 0.71362109375 0.75434765625 0.81581640625 0.7545375 0.81524609375 0.71542265625 0.687328125 0.71029609375 0.68713828125 0.7000421875 0.689609375 0.69947265625 0.68922890625 0.5802296875 0.64380234375 0.579090625 0.62777265625 0.58136875 0.62720234375 0.58725546875 0.60477421875 0.587065625 0.6019234375 0.6390921875 0.52215703125 0.6373828125 0.52215703125 0.70120703125 0.52766875 0.701396875 0.52842890625 0.72456171875 0.64253515625 0.72646015625 0.642725 0.8770515625 0.6790890625 0.87682109375 0.6797890625 0.7573859375
3 0.59548046875 0.7537546875 0.5956265625 0.761184375 0.62041796875 0.76001875 0.62041796875 0.75360859375 0.59548046875 0.7537546875
1 0.7372546875 0.42301015625 0.737790625 0.41801171875 0.68614296875 0.40640703125 0.67613515625 0.4438984375 0.74315234375 0.4617515625 0.75173046875 0.4274734375 0.7372546875 0.42301015625
3 0.68829765625 0.5203921875 0.6747171875 0.5260015625 0.67615390625 0.53056796875 0.68059375 0.53239375 0.690853125 0.52642734375 0.6913015625 0.52234921875 0.68829765625 0.5203921875
3 0.68529453125 0.5147828125 0.67341171875 0.52208828125 0.67563125 0.5262625 0.68830859375 0.51996796875 0.68529453125 0.5147828125
1 0.5997359375 0.461665625 0.58576328125 0.4456203125 0.55638203125 0.46844921875 0.59124765625 0.51254140625 0.62441640625 0.48723359375 0.6266359375 0.49088671875 0.6391765625 0.47964453125 0.6161890625 0.44875078125 0.5997359375 0.461665625
1 0.45683125 0.45009453125 0.4432875 0.508146875 0.4650203125 0.51239453125 0.46234296875 0.526553125 0.49746171875 0.534734375 0.5069109375 0.49320078125 0.48785546875 0.488953125 0.49402734375 0.4586171875 0.476359375 0.4516671875 0.45683125 0.45009453125
3 0.41676875 0.45763515625 0.41951875 0.45882578125 0.42336875 0.45882578125 0.4243046875 0.4456046875 0.41832734375 0.44554609375 0.41676875 0.45763515625
3 0.41346875 0.4433484375 0.40998515625 0.4439890625 0.4087015625 0.45726875 0.416609375 0.45797265625 0.41777734375 0.44408125 0.41346875 0.4433484375
1 0.3932609375 0.357915625 0.39063359375 0.3602484375 0.39107109375 0.36651796875 0.36640546875 0.366809375 0.36611328125 0.40559375 0.4259546875 0.40428125 0.4253703125 0.39101328125 0.43004140625 0.39101328125 0.428459375 0.347509375 0.39384453125 0.35047890625 0.3932609375 0.357915625
3 0.4364921875 0.22396875 0.4413359375 0.22807421875 0.45186328125 0.21820546875 0.44838125 0.21355859375 0.4364921875 0.22396875
1 0.4135953125 0.26634375 0.43957421875 0.2933234375 0.49740703125 0.23756640625 0.470984375 0.21238515625 0.4135953125 0.26634375
3 0.63081015625 0.207121875 0.63663046875 0.20763828125 0.63834609375 0.193 0.6322328125 0.1931671875 0.63081015625 0.207121875
3 0.647365625 0.19846484375 0.64555546875 0.2095765625 0.6507546875 0.2116125 0.65357421875 0.19923984375 0.647365625 0.19846484375
1 0.6282234375 0.26849609375 0.638053125 0.2293453125 0.56463125 0.208284375 0.5542015625 0.24476640625 0.6282234375 0.26849609375
1 0.70351640625 0.2062296875 0.69122890625 0.20765078125 0.69071171875 0.20558359375 0.67570859375 0.207521875 0.6816578125 0.2497734375 0.7032578125 0.24615546875 0.70933671875 0.27613203125 0.74658671875 0.27018828125 0.73683828125 0.2085109375 0.70481015625 0.21372421875 0.70351640625 0.2062296875