0 0.245803125 0.13797421875 0.24450546875 0.1047984375 0.20473046875 0.10345234375 0.20434921875 0.13751640625 0.245803125 0.13797421875
1 0.15648203125 0.1963171875 0.1757203125 0.1919703125 0.1709109375 0.135 0.13380859375 0.13477109375 0.13655703125 0.19334296875 0.15648203125 0.1963171875
3 0.47996484375 0.3913515625 0.48157421875 0.37816953125 0.4738140625 0.3782953125 0.4730453125 0.39054765625 0.47996484375 0.3913515625
3 0.4733671875 0.37045390625 0.4730453125 0.3632203125 0.449934375 0.362134375 0.45003515625 0.36884609375 0.4733671875 0.37045390625
3 0.4725625 0.37045390625 0.44906953125 0.368525 0.4492109375 0.3756421875 0.4724015625 0.37704453125 0.4725625 0.37045390625
3 0.3646015625 0.54949765625 0.3658890625 0.5265109375 0.358275 0.52688046875 0.35703828125 0.54933671875 0.3646015625 0.54949765625
0 0.35269375 0.5064171875 0.35108515625 0.44693984375 0.22488671875 0.44824609375 0.2253046875 0.50689921875 0.35269375 0.5064171875
2 0.4965625 0.60791640625 0.50093984375 0.560090625 0.5058640625 0.55626484375 0.51926875 0.4190734375 0.51735390625 0.40267578125 0.512703125 0.3985765625 0.48425234375 0.39584375 0.4826109375 0.41388046875 0.44157578125 0.410875 0.439934375 0.43519765625 0.42516171875 0.43410390625 0.42215234375 0.4647125 0.4103890625 0.4619796875 0.40546484375 0.505159375 0.41777578125 0.50734609375 0.4098421875 0.574575 0.4229734375 0.57621484375 0.42187890625 0.60545703125 0.443490625 0.60955625 0.4391140625 0.6557421875 0.49428125 0.66159296875 0.499025 0.61146953125 0.4965625 0.60791640625
3 0.47459921875 0.689821875 0.4521828125 0.686584375 0.45127578125 0.69418671875 0.47351875 0.69710703125 0.47459921875 0.689821875
3 0.475275 0.68833828125 0.47608515625 0.680109375 0.4522875 0.6781953125 0.45204765625 0.68604453125 0.475275 0.68833828125
3 0.92655078125 0.69561484375 0.92921015625 0.6796734375 0.9214359375 0.68008203125 0.91877578125 0.694184375 0.92655078125 0.69561484375
2 0.9035 0.81661015625 0.93439296875 0.8213109375 0.9669234375 0.82355859375 0.97715234375 0.72075390625 0.91708203125 0.7134453125 0.9035 0.81661015625
2 0.833803125 0.6974546875 0.9060234375 0.70542578125 0.911546875 0.6533078125 0.90111328125 0.64738046875 0.81833046875 0.639228125 0.8127296875 0.692140625 0.833803125 0.6974546875
0 0.33509375 0.62066484375 0.33366171875 0.567934375 0.2436078125 0.568384375 0.243846875 0.61964296875 0.33509375 0.62066484375
1 0.21036171875 0.68463671875 0.23941328125 0.68034453125 0.23675390625 0.58285390625 0.18437890625 0.58632890625 0.18396953125 0.58612421875 0.1834984375 0.58586484375 0.18335625 0.67952734375 0.21036171875 0.68463671875