1 0.99704609375 0.85908515625 0.9926984375 0.83794765625 1 0.83753359375 0.9995296875 0.81556796875 0.95932734375 0.82109765625 0.9591625 0.82095546875 0.96702890625 0.86219296875 0.99704609375 0.85908515625
0 0.8927109375 0.7423484375 0.854334375 0.7477890625 0.85813984375 0.781928125 0.89478125 0.77736953125 0.8927109375 0.7423484375
3 0.90554609375 0.718725 0.903725 0.7046109375 0.89581640625 0.7056703125 0.8983 0.71913984375 0.90554609375 0.718725
1 0.85255 0.69924609375 0.8308140625 0.700696875 0.81632265625 0.70359765625 0.8206703125 0.74483515625 0.82688046875 0.7506375 0.84116484375 0.7496015625 0.83992265625 0.74525 0.85524140625 0.74317734375 0.87594296875 0.74214140625 0.89001953125 0.73820390625 0.88629375 0.6990390625 0.86538515625 0.70090390625 0.863521875 0.69696640625 0.85255 0.69924609375
1 0.88154140625 0.48443671875 0.87292734375 0.467190625 0.80999453125 0.47246015625 0.8076015625 0.46144140625 0.78151953125 0.46455546875 0.782715625 0.475334375 0.7311625 0.48197578125 0.73629375 0.512940625 0.74347265625 0.51389921875 0.88010546875 0.4992875 0.88154140625 0.48443671875
1 0.85785234375 0.4002015625 0.8540234375 0.37265546875 0.870534375 0.3690625 0.86838046875 0.35445078125 0.8636546875 0.35415078125 0.80855859375 0.35852265625 0.80018359375 0.36235546875 0.80353359375 0.40595 0.85785234375 0.4002015625
3 0.7973125 0.37600859375 0.791125 0.3764125 0.792765625 0.39109921875 0.8006625 0.390140625 0.7973125 0.37600859375
1 0.769315625 0.34886171875 0.76740078125 0.3285015625 0.75184765625 0.32969921875 0.7473203125 0.29275234375 0.713321875 0.2976015625 0.7181078125 0.35389140625 0.769315625 0.34886171875
1 0.804490625 0.30358984375 0.847084375 0.2990390625 0.8444515625 0.2724515625 0.84134140625 0.27221171875 0.83990546875 0.25448671875 0.773890625 0.2582828125 0.77170859375 0.27796015625 0.77529765625 0.29640390625 0.80329453125 0.291134375 0.804490625 0.30358984375
3 0.816215625 0.23572265625 0.81382265625 0.23332734375 0.8015375 0.23494375 0.80161953125 0.240753125 0.8140625 0.24051328125 0.816215625 0.23572265625
3 0.70495078125 0.3469703125 0.70590390625 0.35996015625 0.71260390625 0.36019921875 0.71212578125 0.34582734375 0.70495078125 0.3469703125
3 0.70207578125 0.21751875 0.695615625 0.21842734375 0.69752890625 0.23165078125 0.7047078125 0.230453125 0.70207578125 0.21751875
1 0.77816875 0.107653125 0.7829546875 0.1402296875 0.786065625 0.14214609375 0.7913296875 0.17663828125 0.83631640625 0.17041015625 0.81841328125 0.06475 0.77553671875 0.06861015625 0.78032265625 0.10621640625 0.77816875 0.107653125
3 0.799465625 0.04098359375 0.80042265625 0.037390625 0.79826953125 0.03379765625 0.78394375 0.03566640625 0.7824765625 0.03930703125 0.784390625 0.0445765625 0.799465625 0.04098359375
1 0.74562578125 0.03379765625 0.81166953125 0.02397734375 0.80620546875 0.001196875 0.74227578125 0.00002421875 0.73844765625 0.01463515625 0.74562578125 0.03379765625
3 0.66851015625 0.02241875 0.66832734375 0.00873671875 0.65989609375 0.0082859375 0.6610921875 0.02241875 0.66851015625 0.02241875
1 0.6051328125 0.00011953125 0.6158671875 0.0753546875 0.65678515625 0.07008515625 0.64793125 0.00038203125 0.6051328125 0.00011953125
3 0.696028125 0.15064765625 0.6934609375 0.13476640625 0.68502109375 0.135796875 0.68789296875 0.152084375 0.696028125 0.15064765625
1 0.66827109375 0.1005859375 0.62523984375 0.1053234375 0.6314203125 0.162384375 0.673775 0.15951015625 0.66827109375 0.1005859375
1 0.65463125 0.2885375 0.69172109375 0.2827890625 0.6969859375 0.28063359375 0.68556171875 0.20586015625 0.68119296875 0.2061390625 0.6443421875 0.210690625 0.65463125 0.2885375
1 0.697225 0.3904984375 0.68621796875 0.31408828125 0.64649609375 0.3179203125 0.65463125 0.3960078125 0.697225 0.3904984375
1 0.4884796875 0.1071359375 0.447865625 0.111428125 0.45785078125 0.1957625 0.46335390625 0.201990625 0.50594765625 0.19648125 0.4884796875 0.1071359375
1 0.4755578125 0.00852890625 0.43709375 0.015559375 0.4403828125 0.0753578125 0.448996875 0.08182578125 0.4851296875 0.07703515625 0.4755578125 0.00852890625