2 0.8392703125 0.99907421875 1 1 0.99886015625 0.91725625 0.85100546875 0.8951921875 0.8392703125 0.99907421875
2 0.3488453125 0.9179453125 0.345259375 0.9886109375 0.38512265625 0.990553125 0.38926640625 0.92120234375 0.3488453125 0.9179453125
2 0.40654375 0.79257109375 0.3863328125 0.95767421875 0.42088671875 0.9648390625 0.45304375 0.96514375 0.47141328125 0.80201484375 0.40654375 0.79257109375
2 0.445009375 0.72516171875 0.4362078125 0.787034375 0.46000390625 0.79485 0.48151875 0.7938734375 0.49195 0.73004609375 0.445009375 0.72516171875
2 0.49340625 0.54643359375 0.5070434135742188 0.4134469326171875 0.44483515625 0.40901015625 0.43440390625 0.4832578125 0.4207125 0.48228046875 0.41614921875 0.5255921875 0.43016640625 0.52754609375 0.429840625 0.5350359375 0.49340625 0.54643359375
2 0.35323515625 0.4614390625 0.34801953125 0.5021453125 0.3666 0.50898359375 0.3856109375 0.50630625 0.38974453125 0.4676265625 0.35323515625 0.4614390625
2 0.3684 0.4115546875 0.39121875 0.41090390625 0.40882109375 0.2656640625 0.3641625 0.2585 0.34603046875 0.406134375 0.3684 0.4115546875
2 0.4529375 0.26273359375 0.4493515625 0.32232734375 0.57583125 0.33730703125 0.58006953125 0.27836484375 0.4529375 0.26273359375
3 0.417375 0.26204921875 0.417815625 0.2679890625 0.438371875 0.2693546875 0.43829609375 0.26204921875 0.417375 0.26204921875
2 0.781715625 0.26302890625 0.77777734375 0.26921171875 0.761178125 0.38978359375 0.8056296875 0.40102578125 0.8461421875 0.397653125 0.8611109375 0.27617421875 0.8551453125 0.27146015625 0.781715625 0.26302890625
2 0.792125 0.25993671875 0.87343203125 0.272303125 0.8784015625 0.20574609375 0.80337890625 0.1947328125 0.792125 0.25993671875
3 0.8772859375 0.044684375 0.88380859375 0.0482390625 0.88641796875 0.03159140625 0.88064609375 0.03066484375 0.8772859375 0.044684375
1 0.8195015625 0.00078125 0.80823515625 0.06838046875 0.80368828125 0.0671953125 0.79736328125 0.10866328125 0.80447890625 0.10886015625 0.7991421875 0.13768984375 0.81693203125 0.1414421875 0.83650078125 0.14321953125 0.84163984375 0.114784375 0.8535 0.115771875 0.85844140625 0.07588359375 0.8475703125 0.07430390625 0.8579734375 0.00107265625 0.8195015625 0.00078125
1 0.4656359375 0.181853125 0.4828328125 0.18382734375 0.4867859375 0.15144375 0.48085625 0.1447296875 0.44507890625 0.14354453125 0.43835859375 0.193503125 0.45021875 0.19765 0.46270859375 0.1972234375 0.4656359375 0.181853125
1 0.2685640625 0.18264296875 0.305725 0.19646484375 0.3195953125 0.1507046875 0.28042421875 0.13683125 0.2685640625 0.18264296875
3 0.26125078125 0.13446171875 0.25769296875 0.1500609375 0.26520390625 0.15223359375 0.2680390625 0.136778125 0.26125078125 0.13446171875
0 0.3223953125 0.19330546875 0.31409296875 0.2401046875 0.34774375 0.24285390625 0.3546140625 0.20001953125 0.3223953125 0.19330546875