3 0.27047578125 0.96576484375 0.26641484375 0.989021875 0.275834375 0.99172734375 0.2793171875 0.96844140625 0.27047578125 0.96576484375
1 0.32513359375 0.96415859375 0.3192390625 0.99948984375 0.37014609375 0.9997578125 0.37416484375 0.97379453125 0.32513359375 0.96415859375
0 0.37840703125 0.69565625 0.37204375 0.73238046875 0.41296953125 0.73955234375 0.41966796875 0.70261484375 0.37840703125 0.69565625
3 0.39011640625 0.69422578125 0.40439609375 0.69645859375 0.4057359375 0.69083828125 0.39153515625 0.68816171875 0.39011640625 0.69422578125
1 0.42904609375 0.62445859375 0.39823359375 0.62071171875 0.38690390625 0.68418515625 0.42288359375 0.68896484375 0.4311890625 0.62874140625 0.42904609375 0.62445859375
1 0.87872109375 0.66913046875 0.84074609375 0.6645046875 0.83531640625 0.71409765625 0.85273203125 0.71784453125 0.86961171875 0.71864765625 0.87872109375 0.66913046875
3 0.96465078125 0.268196875 0.96443203125 0.27389140625 0.9771078125 0.27540078125 0.977271875 0.26934296875 0.96465078125 0.268196875
0 0.9429609375 0.2452734375 0.90739375 0.23544921875 0.900509375 0.27065234375 0.900509375 0.2713078125 0.93509296875 0.281459375 0.9429609375 0.2452734375
1 0.93925390625 0.0368390625 0.90335859375 0.03078046875 0.8956375 0.075125 0.91368515625 0.08219453125 0.93220625 0.0835046875 0.93925390625 0.0368390625
1 0.46516640625 0.376796875 0.4374109375 0.32911953125 0.4071171875 0.34822421875 0.43504140625 0.39573203125 0.4482421875 0.38812421875 0.46516640625 0.376796875
3 0.1732140625 0.2992578125 0.1703109375 0.305565625 0.18539921875 0.31075390625 0.18810703125 0.3043296875 0.1732140625 0.2992578125
1 0.17033671875 0.2527640625 0.15610390625 0.28425546875 0.2436171875 0.31836171875 0.255971875 0.2862390625 0.17033671875 0.2527640625
0 0.2780859375 0.25005859375 0.2650546875 0.280321875 0.296025 0.293678125 0.30753359375 0.25868125 0.2780859375 0.25005859375
3 0.01835 0.421728125 0.0181671875 0.400846875 0.00943515625 0.40033359375 0.00917890625 0.42188359375 0.01835 0.421728125
1 0.0061109375 0.48393203125 0.00352890625 0.52451171875 0.051309375 0.5298546875 0.05387734375 0.4870109375 0.0061109375 0.48393203125
1 0.675990625 0.980471875 0.671659375 0.99946484375 0.692334375 1 0.69662109375 0.9847546875 0.675990625 0.980471875