3 0.72952421875 0.03423515625 0.73358515625 0.010978125 0.724165625 0.00827265625 0.7206828125 0.03155859375 0.72952421875 0.03423515625
1 0.67486640625 0.03584140625 0.6807609375 0.00051015625 0.62985390625 0.0002421875 0.62583515625 0.02620546875 0.67486640625 0.03584140625
0 0.62159296875 0.30434375 0.62795625 0.26761953125 0.58703046875 0.26044765625 0.58033203125 0.29738515625 0.62159296875 0.30434375
3 0.60988359375 0.30577421875 0.59560390625 0.30354140625 0.5942640625 0.30916171875 0.60846484375 0.31183828125 0.60988359375 0.30577421875
1 0.57095390625 0.37554140625 0.60176640625 0.37928828125 0.61309609375 0.31581484375 0.57711640625 0.31103515625 0.5688109375 0.37125859375 0.57095390625 0.37554140625
1 0.12127890625 0.33086953125 0.15925390625 0.3354953125 0.16468359375 0.28590234375 0.14726796875 0.28215546875 0.13038828125 0.28135234375 0.12127890625 0.33086953125
3 0.03534921875 0.731803125 0.03556796875 0.72610859375 0.0228921875 0.72459921875 0.022728125 0.73065703125 0.03534921875 0.731803125
0 0.0570390625 0.7547265625 0.09260625 0.76455078125 0.099490625 0.72934765625 0.099490625 0.7286921875 0.06490703125 0.718540625 0.0570390625 0.7547265625
1 0.06074609375 0.9631609375 0.09664140625 0.96921953125 0.1043625 0.924875 0.08631484375 0.91780546875 0.06779375 0.9164953125 0.06074609375 0.9631609375
1 0.53483359375 0.623203125 0.5625890625 0.67088046875 0.5928828125 0.65177578125 0.56495859375 0.60426796875 0.5517578125 0.61187578125 0.53483359375 0.623203125
3 0.8267859375 0.7007421875 0.8296890625 0.694434375 0.81460078125 0.68924609375 0.81189296875 0.6956703125 0.8267859375 0.7007421875
1 0.82966328125 0.7472359375 0.84389609375 0.71574453125 0.7563828125 0.68163828125 0.744028125 0.7137609375 0.82966328125 0.7472359375
0 0.7219140625 0.74994140625 0.7349453125 0.719678125 0.703975 0.706321875 0.69246640625 0.74131875 0.7219140625 0.74994140625
3 0.98165 0.578271875 0.9818328125 0.599153125 0.99056484375 0.59966640625 0.99082109375 0.57811640625 0.98165 0.578271875
1 0.9938890625 0.51606796875 0.99647109375 0.47548828125 0.948690625 0.4701453125 0.94612265625 0.5129890625 0.9938890625 0.51606796875
1 0.324009375 0.019528125 0.328340625 0.00053515625 0.307665625 0 0.30337890625 0.0152453125 0.324009375 0.019528125