1 0 0.45579140625 0.0296671875 0.45723984375 0.03198359375 0.405946875 0.00188203125 0.40370546875 0 0.45579140625
1 0.24476640625 0.0211953125 0.2496875 0.0017796875 0.19345390625 0.00057890625 0.19265625 0.01829765625 0.24476640625 0.0211953125
1 0.1327296875 0.2237625 0.13446640625 0.2449171875 0.183103125 0.2443375 0.1833921875 0.20985234375 0.13481015625 0.20865859375 0.1327296875 0.2237625
1 0.25721484375 0.43357421875 0.260978125 0.46284296875 0.24708203125 0.4637125 0.24795078125 0.48312890625 0.25924140625 0.4839984375 0.26126796875 0.4883453125 0.3020875 0.48370859375 0.2977109375 0.43063828125 0.25721484375 0.43357421875
0 0.20868203125 0.52427578125 0.2372515625 0.55033984375 0.26310859375 0.526809375 0.2328890625 0.49933203125 0.20868203125 0.52427578125
1 0.51736875 0.4316796875 0.51801796875 0.450303125 0.5212625 0.46611171875 0.569071875 0.46113046875 0.56622890625 0.42534765625 0.51736875 0.4316796875
1 0.66018984375 0.47996640625 0.7136234375 0.476934375 0.712109375 0.43795546875 0.6587421875 0.4402796875 0.66018984375 0.47996640625
3 0.68030859375 0.41348515625 0.69177421875 0.41240234375 0.691990625 0.40568984375 0.68049140625 0.40684453125 0.68030859375 0.41348515625
1 0.3904921875 0.24790078125 0.44249375 0.2494703125 0.44458359375 0.2131109375 0.3934140625 0.21226015625 0.3904921875 0.24790078125
1 0.48458046875 0.0237296875 0.4840578125 0 0.43497734375 0.00013046875 0.43597578125 0.02477578125 0.48458046875 0.0237296875
1 0.66914140625 0.02726484375 0.7164390625 0.0267421875 0.71696171875 0.00084609375 0.66710390625 0.00091484375 0.66678984375 0.009478125 0.66914140625 0.02726484375
1 0.99246953125 0.03365625 0.993253125 0.0012203125 0.93811640625 0.0012203125 0.9386390625 0.0331328125 0.99246953125 0.03365625
3 0.964878125 0.43526875 0.95677734375 0.43605390625 0.95651640625 0.44887109375 0.96409453125 0.44939375 0.96628125 0.4357609375 0.964878125 0.43526875
0 0.953903125 0.4677046875 0.9562546875 0.50641796875 0.9852609375 0.503540625 0.98510234375 0.4655609375 0.953903125 0.4677046875
4 0.94684765625 0.47075625 0.9439734375 0.3886203125 0.9211890625 0.38910078125 0.923590625 0.473371875 0.94684765625 0.47075625