1 0.54276015625 0.9703328125 0.54420859375 1 0.59629453125 0.99811796875 0.594053125 0.96801640625 0.54276015625 0.9703328125
1 0.9982203125 0.7503125 0.9788046875 0.75523359375 0.98170234375 0.80734375 0.99942109375 0.80654609375 0.9982203125 0.7503125
1 0.7556625 0.816896875 0.7550828125 0.86553359375 0.7762375 0.8672703125 0.79134140625 0.86518984375 0.79014765625 0.8166078125 0.7556625 0.816896875
1 0.5116546875 0.73873203125 0.5160015625 0.74075859375 0.51687109375 0.75204921875 0.5362875 0.75291796875 0.53715703125 0.739021875 0.56642578125 0.74278515625 0.56936171875 0.7022890625 0.51629140625 0.6979125 0.5116546875 0.73873203125
0 0.44966015625 0.7627484375 0.47572421875 0.79131796875 0.50066796875 0.7671109375 0.473190625 0.73689140625 0.44966015625 0.7627484375
1 0.53388828125 0.4787375 0.549696875 0.48198203125 0.5683203125 0.48263125 0.57465234375 0.43377109375 0.53886953125 0.430928125 0.53388828125 0.4787375
1 0.523065625 0.2863765625 0.52003359375 0.33981015625 0.5597203125 0.3412578125 0.56204453125 0.287890625 0.523065625 0.2863765625
3 0.58759765625 0.30822578125 0.58651484375 0.31969140625 0.59315546875 0.31950859375 0.59431015625 0.308009375 0.58759765625 0.30822578125
1 0.7505296875 0.55750625 0.75209921875 0.6095078125 0.78773984375 0.6065859375 0.7868890625 0.55541640625 0.7505296875 0.55750625
1 1 0.5159421875 0.9762703125 0.51541953125 0.97522421875 0.56402421875 0.99986953125 0.56502265625 1 0.5159421875
1 0.99915390625 0.28303828125 0.9732578125 0.2835609375 0.97273515625 0.33085859375 0.990521875 0.33321015625 0.99908515625 0.33289609375 0.99915390625 0.28303828125
1 0.9987796875 0.006746875 0.96634375 0.00753046875 0.9668671875 0.0613609375 0.9987796875 0.06188359375 0.9987796875 0.006746875
3 0.55112890625 0.04348359375 0.56394609375 0.04322265625 0.56473125 0.035121875 0.5642390625 0.03371875 0.55060625 0.03590546875 0.55112890625 0.04348359375
0 0.49358203125 0.0437453125 0.5322953125 0.046096875 0.5344390625 0.01489765625 0.496459375 0.0147390625 0.49358203125 0.0437453125
4 0.6113796875 0.0560265625 0.52924375 0.05315234375 0.526628125 0.076409375 0.61089921875 0.0788109375 0.6113796875 0.0560265625