1 0.6238 0.9723734375 0.5665015625 0.97149609375 0.56544921875 0.999728125 0.622821875 1 0.6238 0.9723734375
3 0.964490625 0.811090625 0.9655859375 0.8160484375 0.98020546875 0.81469375 0.98020546875 0.80903125 0.964490625 0.811090625
1 0.9838125 0.8092890625 0.98432734375 0.7544703125 0.9482078125 0.7554171875 0.946971875 0.80697265625 0.963975 0.8100609375 0.9838125 0.8092890625
1 0.4828140625 0.81160546875 0.47817734375 0.765021875 0.443853125 0.76545859375 0.4464890625 0.81340703125 0.464265625 0.8144359375 0.4828140625 0.81160546875
0 0.47740390625 0.75652890625 0.474828125 0.72152734375 0.4312890625 0.720240625 0.43303984375 0.7546453125 0.4330921875 0.75498515625 0.43335 0.75498515625 0.47740390625 0.75652890625
1 0.9749421875 0.52017109375 0.999159375 0.5230015625 0.99879765625 0.4356578125 0.981640625 0.43626953125 0.981640625 0.484396875 0.975715625 0.48336796875 0.9749421875 0.52017109375
1 0.30492578125 0.35602265625 0.31806484375 0.29219609375 0.28165625 0.28118515625 0.26885859375 0.34933125 0.28380078125 0.3565375 0.30492578125 0.35602265625
0 0.3802390625 0.2263109375 0.33386640625 0.2198765625 0.32722578125 0.2584 0.3498390625 0.26620234375 0.37276796875 0.2682609375 0.3802390625 0.2263109375
3 0.2692640625 0.279034375 0.262021875 0.2780265625 0.25934375 0.291553125 0.26630546875 0.29329140625 0.2692640625 0.279034375
3 0.5929890625 0.29759453125 0.5849296875 0.29816953125 0.585696875 0.31254765625 0.5951 0.3121640625 0.5929890625 0.29759453125
1 0.650046875 0.2577203125 0.6148140625 0.25602890625 0.6130109375 0.3115890625 0.62970546875 0.31561484375 0.6479359375 0.31503984375 0.650046875 0.2577203125
3 0.48578515625 0.0228828125 0.4855390625 0.03884296875 0.49275625 0.03976484375 0.49275625 0.023515625 0.48578515625 0.0228828125
1 0.5421875 0.00009140625 0.4904328125 0.00114609375 0.48979921875 0.0133859375 0.5024734375 0.01507421875 0.49930546875 0.04609609375 0.517471875 0.05010546875 0.53732890625 0.04968359375 0.5421875 0.00009140625