1 0.000271875 0.56544921875 0 0.622821875 0.0276265625 0.6238 0.02850390625 0.5665015625 0.000271875 0.56544921875
3 0.18530625 0.98020546875 0.19096875 0.98020546875 0.188909375 0.964490625 0.1839515625 0.9655859375 0.18530625 0.98020546875
1 0.19302734375 0.946971875 0.1899390625 0.963975 0.1907109375 0.9838125 0.2455296875 0.98432734375 0.2445828125 0.9482078125 0.19302734375 0.946971875
1 0.18659296875 0.4464890625 0.1855640625 0.464265625 0.18839453125 0.4828140625 0.234978125 0.47817734375 0.23454140625 0.443853125 0.18659296875 0.4464890625
0 0.24501484375 0.4330921875 0.24501484375 0.43335 0.24347109375 0.47740390625 0.27847265625 0.474828125 0.279759375 0.4312890625 0.2453546875 0.43303984375 0.24501484375 0.4330921875
1 0.515603125 0.981640625 0.51663203125 0.975715625 0.47982890625 0.9749421875 0.4769984375 0.999159375 0.5643421875 0.99879765625 0.56373046875 0.981640625 0.515603125 0.981640625
1 0.65066875 0.26885859375 0.6434625 0.28380078125 0.64397734375 0.30492578125 0.70780390625 0.31806484375 0.71881484375 0.28165625 0.65066875 0.26885859375
0 0.73379765625 0.3498390625 0.7317390625 0.37276796875 0.7736890625 0.3802390625 0.7801234375 0.33386640625 0.7416 0.32722578125 0.73379765625 0.3498390625
3 0.708446875 0.25934375 0.70670859375 0.26630546875 0.720965625 0.2692640625 0.7219734375 0.262021875 0.708446875 0.25934375
3 0.68745234375 0.585696875 0.6878359375 0.5951 0.70240546875 0.5929890625 0.70183046875 0.5849296875 0.68745234375 0.585696875
1 0.68438515625 0.62970546875 0.68496015625 0.6479359375 0.7422796875 0.650046875 0.74397109375 0.6148140625 0.6884109375 0.6130109375 0.68438515625 0.62970546875
3 0.96023515625 0.49275625 0.976484375 0.49275625 0.9771171875 0.48578515625 0.96115703125 0.4855390625 0.96023515625 0.49275625
1 0.94989453125 0.517471875 0.95031640625 0.53732890625 0.99990859375 0.5421875 0.99885390625 0.4904328125 0.9866140625 0.48979921875 0.98492578125 0.5024734375 0.95390390625 0.49930546875 0.94989453125 0.517471875