3 0.2033859375 0.000840625 0.195975 0.00845625 0.2008453125 0.0122640625 0.208646875 0.00454921875 0.2033859375 0.000840625
1 0.22921953125 0.00062890625 0.19797751123046875 0.03605714208984375 0.22392578125 0.06324375 0.26585234375 0.02199453125 0.24552421875 0 0.22921953125 0.00062890625
3 0.4207125 0.02368671875 0.410125 0.01818671875 0.4072765625 0.0239640625 0.41880703125 0.02770546875 0.4207125 0.02368671875
3 0.62882265625 0.06112578125 0.62056484375 0.06112578125 0.6203328125 0.07660234375 0.62839921875 0.07635625 0.62882265625 0.06112578125
4 0.6781609375 0.0615484375 0.6586796875 0.059221875 0.655503125 0.13770078125 0.6737140625 0.13812421875 0.6781609375 0.0615484375
3 0.968046875 0.1609703125 0.968046875 0.14489296875 0.9602125 0.1444703125 0.95996640625 0.1607171875 0.968046875 0.1609703125
1 0.99917421875 0.16118125 0.9932453125 0.1616046875 0.9932453125 0.21554609375 0.99917421875 0.21554609375 0.99917421875 0.16118125
1 0.99939140625 0.29113671875 0.9955796875 0.29240546875 0.996003125 0.328578125 0.999603125 0.328578125 0.99939140625 0.29113671875
3 0.24181953125 0.313559375 0.22445546875 0.3131359375 0.22483515625 0.3203765625 0.24076015625 0.3209625 0.24181953125 0.313559375
1 0.27125234375 0.40917265625 0.27082890625 0.334078125 0.24711328125 0.33111640625 0.22424375 0.33428984375 0.2246671875 0.40853828125 0.27125234375 0.40917265625
0 0.28183984375 0.417 0.22784375 0.42017265625 0.22932578125 0.4563453125 0.28141640625 0.45338359375 0.28183984375 0.417
0 0.14871953125 0.40409609375 0.12754453125 0.4043078125 0.1089109375 0.40642265625 0.10866171875 0.44861171875 0.15062578125 0.446403125 0.14871953125 0.40409609375
0 0.2114421875 0.6189890625 0.22181796875 0.66066171875 0.26141484375 0.65198828125 0.252521875 0.60777734375 0.21086875 0.61906328125 0.2114421875 0.6189890625
1 0.45133046875 0.69104453125 0.448578125 0.63519921875 0.42825 0.63414140625 0.411521875 0.6373140625 0.41427421875 0.6942171875 0.45133046875 0.69104453125
3 0.38251171875 0.6758140625 0.37361875 0.67666015625 0.37592421875 0.69365546875 0.38272421875 0.69167890625 0.38251171875 0.6758140625
1 0.6753109375 0.99996953125 0.67912265625 0.95554765625 0.661759375 0.95300859375 0.64143125 0.9525859375 0.63842578125 0.99964296875 0.6753109375 0.99996953125