4 0.87641015625 0.22041484375 0.8949703125 0.22636015625 0.928378125 0.151796875 0.910253125 0.1430859375 0.87641015625 0.22041484375
3 0.91893046875 0.18894375 0.9249484375 0.19128671875 0.9309671875 0.1757234375 0.92624765625 0.1736765625 0.91893046875 0.18894375
1 0.897753125 0.01978125 0.892075 0 0.85208125 0.00025859375 0.85140078125 0.00049375 0.8555375 0.02620703125 0.897753125 0.01978125
1 0.8397375 0.67054765625 0.790115625 0.6868578125 0.799003125 0.71824296875 0.8496125 0.70613359375 0.84714375 0.688834375 0.840725 0.67054765625 0.8397375 0.67054765625
1 0.61845234375 0.7684125 0.67795 0.75531484375 0.66980234375 0.71849296875 0.61135390625 0.73137734375 0.61845234375 0.7684125
4 0.45230546875 0.3903921875 0.45403359375 0.4094203125 0.53821796875 0.3995359375 0.53500859375 0.38050703125 0.45131796875 0.39014453125 0.45230546875 0.3903921875
4 0.65227421875 0.2904703125 0.65770625 0.30752265625 0.739421875 0.28206875 0.733003125 0.26353359375 0.65227421875 0.2904703125
4 0.4089640625 0.31666484375 0.5012953125 0.29467109375 0.4968515625 0.2739125 0.4047671875 0.29516484375 0.4089640625 0.31666484375
3 0.66646640625 0.3221515625 0.66756328125 0.32791484375 0.68072265625 0.32503359375 0.67988671875 0.3182765625 0.66646640625 0.3221515625
3 0.45520078125 0.323990625 0.467678125 0.32006171875 0.465575 0.31332578125 0.45317890625 0.317078125 0.45520078125 0.323990625
1 0.4799515625 0.03034296875 0.4772734375 0.01425703125 0.46923828125 0 0.415465625 0.00806953125 0.41528828125 0.00845 0.42350078125 0.0431296875 0.4799515625 0.03034296875
1 0.38744609375 0.12156796875 0.438128125 0.11043125 0.43174140625 0.07908359375 0.42041015625 0.08032109375 0.41319921875 0.05660390625 0.37448046875 0.0656421875 0.38744609375 0.12156796875
3 0.34980859375 0.91247265625 0.35598984375 0.91020390625 0.35186875 0.89535546875 0.34665703125 0.89693984375 0.34980859375 0.91247265625
1 0.28099609375 0.84523984375 0.29129765625 0.88545625 0.349190625 0.87328828125 0.339546875 0.83109140625 0.28099609375 0.84523984375
1 0.2861390625 0.4719875 0.2228890625 0.4897234375 0.2315421875 0.52292734375 0.2943796875 0.50560390625 0.28575546875 0.47278984375 0.2861390625 0.4719875
3 0.258595658203125 0.4602085107421875 0.24222421875 0.46542890625 0.24534609375 0.4725375 0.25956171875 0.468 0.25853125 0.46036953125 0.258595658203125 0.4602085107421875
0 0.175678125 0.42926875 0.23480703125 0.4142140625 0.227184375 0.38431015625 0.16827890625 0.39828515625 0.175678125 0.42926875
1 0.1944265625 0.33433203125 0.20225546875 0.3702171875 0.2113203125 0.3689796875 0.21667734375 0.384034375 0.26256953125 0.37324375 0.2488171875 0.3215453125 0.1944265625 0.33433203125
1 0.16609765625 0.10851953125 0.1652734375 0.10831328125 0.1279828125 0.11800625 0.1506453125 0.21555546875 0.1883484375 0.20730625 0.16589140625 0.10872578125 0.16609765625 0.10851953125
3 0.111765625 0.1677796875 0.0987859375 0.1706671875 0.1016703125 0.17871015625 0.11382578125 0.1745859375 0.111765625 0.1677796875
1 0.0009234375 0.6582078125 0.02914921875 0.65449609375 0.0227625 0.6214984375 0.00051171875 0.62376640625 0.0009234375 0.6582078125