4 0.8949703125 0.77363984375 0.87641015625 0.77958515625 0.910253125 0.8569140625 0.928378125 0.848203125 0.8949703125 0.77363984375
3 0.9249484375 0.80871328125 0.91893046875 0.81105625 0.92624765625 0.8263234375 0.9309671875 0.8242765625 0.9249484375 0.80871328125
1 0.85208125 0.99974140625 0.892075 1 0.897753125 0.98021875 0.8555375 0.97379296875 0.85140078125 0.99950625 0.85208125 0.99974140625
1 0.8496125 0.29386640625 0.799003125 0.28175703125 0.790115625 0.3131421875 0.8397375 0.32945234375 0.840725 0.32945234375 0.84714375 0.311165625 0.8496125 0.29386640625
1 0.67795 0.24468515625 0.61845234375 0.2315875 0.61135390625 0.26862265625 0.66980234375 0.28150703125 0.67795 0.24468515625
4 0.53821796875 0.6004640625 0.45403359375 0.5905796875 0.45230546875 0.6096078125 0.45131796875 0.60985546875 0.53500859375 0.61949296875 0.53821796875 0.6004640625
4 0.65770625 0.69247734375 0.65227421875 0.7095296875 0.733003125 0.73646640625 0.739421875 0.71793125 0.65770625 0.69247734375
4 0.5012953125 0.70532890625 0.4089640625 0.68333515625 0.4047671875 0.70483515625 0.4968515625 0.7260875 0.5012953125 0.70532890625
3 0.66756328125 0.67208515625 0.66646640625 0.6778484375 0.67988671875 0.6817234375 0.68072265625 0.67496640625 0.66756328125 0.67208515625
3 0.467678125 0.67993828125 0.45520078125 0.676009375 0.45317890625 0.682921875 0.465575 0.68667421875 0.467678125 0.67993828125
1 0.415465625 0.99193046875 0.46923828125 1 0.4772734375 0.98574296875 0.4799515625 0.96965703125 0.42350078125 0.9568703125 0.41528828125 0.99155 0.415465625 0.99193046875
1 0.42041015625 0.91967890625 0.43174140625 0.92091640625 0.438128125 0.88956875 0.38744609375 0.87843203125 0.37448046875 0.9343578125 0.41319921875 0.94339609375 0.42041015625 0.91967890625
3 0.35598984375 0.08979609375 0.34980859375 0.08752734375 0.34665703125 0.10306015625 0.35186875 0.10464453125 0.35598984375 0.08979609375
1 0.29129765625 0.11454375 0.28099609375 0.15476015625 0.339546875 0.16890859375 0.349190625 0.12671171875 0.29129765625 0.11454375
1 0.2315421875 0.47707265625 0.2228890625 0.5102765625 0.2861390625 0.5280125 0.28575546875 0.52721015625 0.2943796875 0.49439609375 0.2315421875 0.47707265625
3 0.24534609375 0.5274625 0.24222421875 0.53457109375 0.258595658203125 0.5397914892578125 0.25853125 0.53963046875 0.25956171875 0.532 0.24534609375 0.5274625
0 0.23480703125 0.5857859375 0.175678125 0.57073125 0.16827890625 0.60171484375 0.227184375 0.61568984375 0.23480703125 0.5857859375
1 0.21667734375 0.615965625 0.2113203125 0.6310203125 0.20225546875 0.6297828125 0.1944265625 0.66566796875 0.2488171875 0.6784546875 0.26256953125 0.62675625 0.21667734375 0.615965625
1 0.1506453125 0.78444453125 0.1279828125 0.88199375 0.1652734375 0.89168671875 0.16609765625 0.89148046875 0.16589140625 0.89127421875 0.1883484375 0.79269375 0.1506453125 0.78444453125
3 0.0987859375 0.8293328125 0.111765625 0.8322203125 0.11382578125 0.8254140625 0.1016703125 0.82128984375 0.0987859375 0.8293328125
1 0.02914921875 0.34550390625 0.0009234375 0.3417921875 0.00051171875 0.37623359375 0.0227625 0.3785015625 0.02914921875 0.34550390625