3 0.83244296875 0.9910703125 0.83204609375 0.9918640625 0.830196875 0.99913828125 0.834028125 0.99993203125 0.84552265625 0.99993203125 0.8465796875 0.9941125 0.83270703125 0.9910703125 0.83244296875 0.9910703125
1 0.7795590541992188 0.9683261821289062 0.8101140625 0.8787796875 0.772034375 0.86531640625 0.73962578125 0.95404296875 0.7791640625 0.9690203125 0.77926159375 0.96853359375 0.77948828125 0.96853359375 0.77965 0.96853359375 0.77965 0.968371875 0.7795590541992188 0.9683261821289062
1 0.6882578217773437 0.553691890625 0.6882881362304687 0.5534541796875 0.687340625 0.552746875 0.6883160639648438 0.5532351821289062 0.69690078125 0.48591796875 0.6580109375 0.48267421875 0.65007109375 0.54901640625 0.6882578217773437 0.553691890625
3 0.7061375 0.546096875 0.70192421875 0.56101953125 0.70840625 0.5623171875 0.7088921875 0.56215546875 0.70873046875 0.56215546875 0.711646875 0.54788125 0.7061375 0.546096875
3 0.61863515625 0.286890625 0.6329573012695312 0.29140140234375 0.6338671875 0.29094609375 0.63564921875 0.28591796875 0.6205796875 0.280078125 0.61863515625 0.286890625
1 0.6635203125 0.22990234375 0.6267375 0.21887265625 0.61312578125 0.2699671875 0.65088125 0.27986171875 0.6635203125 0.22990234375
3 0.54258984375 0.74763359375 0.5317328125 0.74438984375 0.52930234375 0.75103984375 0.54177890625 0.7534734375 0.54258984375 0.74763359375
1 0.52379296875 0.78580625 0.522334375 0.79326796875 0.49948671875 0.78969921875 0.49235625 0.8248984375 0.5406453125 0.8367390625 0.539834375 0.83625234375 0.54129296875 0.835765625 0.5406453125 0.835765625 0.55020546875 0.7921328125 0.52379296875 0.78580625
1 0.33357109375 0.2897828125 0.32854765625 0.34087734375 0.3674375 0.3463921875 0.37327109375 0.29724375 0.33357109375 0.2897828125
3 0.25816328125 0.85585859375 0.25443671875 0.86948359375 0.26000625 0.87178046875 0.2625390625 0.85715625 0.25816328125 0.85585859375
1 0.2437421875 0.85748046875 0.17211953125 0.83574453125 0.16128828125 0.87348203125 0.23337109375 0.89348984375 0.2437421875 0.85748046875
1 0.056303125 0.63345 0.0225984375 0.62517734375 0.01465859375 0.66232265625 0.0138484375 0.66248515625 0.05095625 0.66913515625 0.056303125 0.63345
1 0.11767794580078125 0.40812473681640626 0.11674453125 0.408415625 0.1175546875 0.40776640625 0.1178482626953125 0.40776640625 0.1264671875 0.37354140625 0.07428984375 0.36137578125 0.06537734375 0.39478984375 0.1175546875 0.40873984375 0.11767794580078125 0.40812473681640626
0 0.58928359375 0.88057578125 0.58435546875 0.909515625 0.60938671875 0.91266328125 0.6142515625 0.88550859375 0.58928359375 0.88057578125
0 0.54312578125 0.871203125 0.5094515625 0.86446171875 0.50419453125 0.8851796875 0.53786875 0.89060625 0.54312578125 0.871203125