1 0.1828921875 0.3731265625 0.17570859375 0.329078125 0.1193203125 0.34026171875 0.1266609375 0.380303125 0.1828921875 0.3731265625
3 0.1725234375 0.31841875 0.1727046875 0.3111859375 0.15695703125 0.31082421875 0.15713828125 0.31733359375 0.1725234375 0.31841875
3 0.3748265625 0.35892265625 0.37446484375 0.354040625 0.36179453125 0.34970078125 0.36088984375 0.34951953125 0.3612515625 0.3583796875 0.3748265625 0.35892265625
1 0.401434375 0.422390625 0.40813203125 0.3847796875 0.35600234375 0.37194140625 0.346409375 0.414434375 0.401434375 0.422390625
1 0.6248859375 0.47061015625 0.64208125 0.4915859375 0.6594578125 0.47910859375 0.672128125 0.46608984375 0.6339359375 0.41961875 0.60787109375 0.44366796875 0.62760078125 0.4677171875 0.6248859375 0.47061015625
3 0.66687890625 0.439328125 0.67448125 0.4492734375 0.6797296875 0.4452953125 0.671625 0.43529921875 0.66687890625 0.439328125
3 0.71871875 0.68857890625 0.712203125 0.6831546875 0.70418359375 0.697671875 0.71021171875 0.70069375 0.71871875 0.68857890625
1 0.674915625 0.66109453125 0.66984765625 0.6580203125 0.65916875 0.68062265625 0.67708828125 0.6934609375 0.69283515625 0.7014171875 0.72089140625 0.64789453125 0.69084453125 0.63234375 0.674915625 0.66109453125
3 0.10126171875 0.6861390625 0.08714375 0.67709765625 0.08424765625 0.68415 0.0972796875 0.691925 0.10126171875 0.6861390625
1 0.121534375 0.66588671875 0.131128125 0.64943203125 0.11157890625 0.632615625 0.1090453125 0.63641328125 0.0837046875 0.61815 0.05999296875 0.64473046875 0.0603546875 0.64545390625 0.0603546875 0.64491171875 0.0607171875 0.6450921875 0.0605359375 0.64491171875 0.107596875 0.68107578125 0.121534375 0.66588671875
1 0.249870501953125 0.734039630859375 0.249103125 0.7337328125 0.2498265625 0.73409453125 0.24620703125 0.76845 0.30159375 0.77694921875 0.30684296875 0.73915703125 0.28150234375 0.73445625 0.281140625 0.73734921875 0.24946484375 0.73337109375 0.2498265625 0.7337328125 0.249870501953125 0.734039630859375
3 0.30847265625 0.78870234375 0.29109609375 0.7836390625 0.290953125 0.79182265625 0.30648125 0.793584375 0.30847265625 0.78870234375
3 0.4895984375 0.80967734375 0.4756609375 0.809496875 0.4754796875 0.81582578125 0.4894171875 0.81564453125 0.4895984375 0.80967734375
1 0.52923828125 0.7970203125 0.5216359375 0.76157890625 0.4919515625 0.76628046875 0.49122734375 0.7626640625 0.46541640625 0.76468984375 0.4731265625 0.80714609375 0.52923828125 0.7970203125