1 0 0.79136875 0.022440625 0.7982828125 0.029046875 0.77619609375 0.01755234375 0.77209609375 0.02178046875 0.7617796875 0 0.7543734375 0 0.79136875
3 0.01054921875 0.79815078125 0.008303125 0.80516015625 0.02048671875 0.80921171875 0.02204453125 0.80145703125 0.01054921875 0.79815078125
3 0.3977953125 0.78099609375 0.39826171875 0.78878828125 0.41029921875 0.787803125 0.40916015625 0.7820875 0.3977953125 0.78099609375
1 0.407603125 0.73673671875 0.40698046875 0.7298796875 0.378178125 0.7311265625 0.37771171875 0.7587109375 0.37989140625 0.7742953125 0.44277109375 0.77168359375 0.44107578125 0.73626953125 0.407603125 0.73673671875
3 0.43953046875 0.4676390625 0.43953046875 0.47511953125 0.45421796875 0.4775671875 0.45494375 0.47044453125 0.43953046875 0.4676390625
1 0.46506328125 0.44114609375 0.46926640625 0.42836640625 0.410884375 0.4174578125 0.4060578125 0.43491171875 0.4062140625 0.45252265625 0.47430859375 0.465653125 0.4778296875 0.44473046875 0.46506328125 0.44114609375
3 0.669003125 0.1061640625 0.66775703125 0.11380078125 0.68245625 0.11850703125 0.68332578125 0.1147359375 0.669003125 0.1061640625
1 0.6356859375 0.10933359375 0.625721875 0.12429453125 0.62089609375 0.13863203125 0.6478296875 0.15312578125 0.64580546875 0.159359375 0.66984140625 0.17247109375 0.6892421875 0.1345796875 0.6356859375 0.10933359375
3 0.51102578125 0.4751125 0.51196015625 0.4889828125 0.51916171875 0.48948203125 0.5181875 0.47495703125 0.51102578125 0.4751125
3 0.749321875 0.70965078125 0.739046875 0.71713125 0.74296171875 0.7223921875 0.75399296875 0.71619609375 0.749321875 0.70965078125
3 0.83199140625 0.769546875 0.8282546875 0.78419609375 0.8347703125 0.7864015625 0.83884140625 0.771884375 0.83199140625 0.769546875
3 0.84117734375 1 0.8508296875 0.99905390625 0.84506953125 0.992196875 0.83991015625 0.99595078125 0.84117734375 1
1 0.83463828125 0.9998328125 0.81299765625 0.9692875 0.78077109375 0.98658671875 0.79015078125 0.99968828125 0.83463828125 0.9998328125
1 0.804590625 0.72746953125 0.79836328125 0.72902734375 0.790734375 0.75863828125 0.7843515625 0.75661171875 0.7761 0.78295 0.7947828125 0.79089765625 0.81654921875 0.79574609375 0.8344828125 0.7379109375 0.804590625 0.72746953125