1 0.79136875 1 0.7982828125 0.977559375 0.77619609375 0.970953125 0.77209609375 0.98244765625 0.7617796875 0.97821953125 0.7543734375 1 0.79136875 1
3 0.79815078125 0.98945078125 0.80516015625 0.991696875 0.80921171875 0.97951328125 0.80145703125 0.97795546875 0.79815078125 0.98945078125
3 0.78099609375 0.6022046875 0.78878828125 0.60173828125 0.787803125 0.58970078125 0.7820875 0.59083984375 0.78099609375 0.6022046875
1 0.73673671875 0.592396875 0.7298796875 0.59301953125 0.7311265625 0.621821875 0.7587109375 0.62228828125 0.7742953125 0.62010859375 0.77168359375 0.55722890625 0.73626953125 0.55892421875 0.73673671875 0.592396875
3 0.4676390625 0.56046953125 0.47511953125 0.56046953125 0.4775671875 0.54578203125 0.47044453125 0.54505625 0.4676390625 0.56046953125
1 0.44114609375 0.53493671875 0.42836640625 0.53073359375 0.4174578125 0.589115625 0.43491171875 0.5939421875 0.45252265625 0.5937859375 0.465653125 0.52569140625 0.44473046875 0.5221703125 0.44114609375 0.53493671875
3 0.1061640625 0.330996875 0.11380078125 0.33224296875 0.11850703125 0.31754375 0.1147359375 0.31667421875 0.1061640625 0.330996875
1 0.10933359375 0.3643140625 0.12429453125 0.374278125 0.13863203125 0.37910390625 0.15312578125 0.3521703125 0.159359375 0.35419453125 0.17247109375 0.33015859375 0.1345796875 0.3107578125 0.10933359375 0.3643140625
3 0.4751125 0.48897421875 0.4889828125 0.48803984375 0.48948203125 0.48083828125 0.47495703125 0.4818125 0.4751125 0.48897421875
3 0.70965078125 0.250678125 0.71713125 0.260953125 0.7223921875 0.25703828125 0.71619609375 0.24600703125 0.70965078125 0.250678125
3 0.769546875 0.16800859375 0.78419609375 0.1717453125 0.7864015625 0.1652296875 0.771884375 0.16115859375 0.769546875 0.16800859375
3 1 0.15882265625 0.99905390625 0.1491703125 0.992196875 0.15493046875 0.99595078125 0.16008984375 1 0.15882265625
1 0.9998328125 0.16536171875 0.9692875 0.18700234375 0.98658671875 0.21922890625 0.99968828125 0.20984921875 0.9998328125 0.16536171875
1 0.72746953125 0.195409375 0.72902734375 0.20163671875 0.75863828125 0.209265625 0.75661171875 0.2156484375 0.78295 0.2239 0.79089765625 0.2052171875 0.79574609375 0.18345078125 0.7379109375 0.1655171875 0.72746953125 0.195409375