1 0.75864453125 0.7516890625 0.757253125 0.71941875 0.70996015625 0.7210875 0.709403125 0.75447109375 0.75864453125 0.7516890625
4 0.78034375 0.6292828125 0.78284765625 0.65793671875 0.79508828125 0.65793671875 0.7928625 0.62872578125 0.78034375 0.6292828125
1 0.71608046875 0.05925625 0.7388921875 0.06036875 0.74000546875 0.05647421875 0.7516890625 0.05758671875 0.755584375 0.0308796875 0.72220078125 0.02642890625 0.71608046875 0.05925625
1 0.42925859375 0.55389140625 0.4634765625 0.55027421875 0.4556875 0.5088234375 0.4267546875 0.51216171875 0.42925859375 0.55389140625
1 0.51466484375 0.45902578125 0.5155 0.41673984375 0.49491328125 0.41701796875 0.49463515625 0.45819140625 0.51466484375 0.45902578125
1 0.5243984375 0.3956015625 0.5600078125 0.3956015625 0.5600078125 0.3669453125 0.5243984375 0.3669453125 0.5243984375 0.3956015625
1 0.493796875 0.19696875 0.53525 0.19696875 0.53525 0.158296875 0.493796875 0.158296875 0.493796875 0.19696875
1 0.50715625 0.1502265625 0.53553125 0.1502265625 0.53553125 0.1190703125 0.50715625 0.1190703125 0.50715625 0.1502265625
0 0.365828125 0.21616015625 0.399765625 0.21616015625 0.399765625 0.17999609375 0.365828125 0.17999609375 0.365828125 0.21616015625
4 0.539425 0.1989109375 0.5093796875 0.1994671875 0.5091015625 0.2114296875 0.539425 0.2086484375 0.539425 0.1989109375
4 0.27458046875 0.21894140625 0.2834828125 0.18945234375 0.27179921875 0.1861140625 0.262896875 0.21448984375 0.27458046875 0.21894140625
4 0.0909703125 0.43983046875 0.1023765625 0.4134015625 0.0909703125 0.41006328125 0.08151171875 0.43593515625 0.0909703125 0.43983046875