1 0.24283515625 0.8377828125 0.242097482421875 0.8396243813476563 0.212365625 0.8414953125 0.2128609375 0.8481765625 0.179171875 0.8506515625 0.1806578125 0.8885140625 0.24704609375 0.88628671875 0.24531171875 0.83976328125 0.2440734375 0.83976328125 0.2437476171875 0.8392421743164062 0.24333046875 0.8377828125 0.24283515625 0.8377828125
0 0.17809765625 0.92464375 0.17562109375 0.88826640625 0.12979296875 0.890740625 0.1305359375 0.92612890625 0.17809765625 0.92464375
3 0.8774 0.7298421875 0.8813640625 0.73578125 0.892015625 0.726625 0.8878046875 0.72167578125 0.8774 0.7298421875
1 0.89003359375 0.69742421875 0.890232013671875 0.6956453032226563 0.85832578125 0.6605515625 0.83008671875 0.68381328125 0.86476640625 0.7253875 0.89003359375 0.69742421875
0 0.0501671875 0.46165 0.0878203125 0.50446171875 0.11165546875 0.4781578125 0.07419609375 0.436903125 0.0501671875 0.46165
3 0.3326484375 0.51559765625 0.33314375 0.52153671875 0.34559296875 0.52048984375 0.34577734375 0.5146078125 0.3326484375 0.51559765625
1 0.30762890625 0.4636296875 0.318528125 0.5094109375 0.34782109375 0.4996953125 0.3380984375 0.4604125 0.30762890625 0.4636296875
1 0.80584296875 0.4015875 0.86578984375 0.4040625 0.871025 0.3634171875 0.81153984375 0.35605390625 0.80584296875 0.4015875
4 0.6505234375 0.32413046875 0.66860703125 0.252365625 0.65156875 0.2483046875 0.63417421875 0.32066640625 0.6505234375 0.32413046875
1 0.50123203125 0.2746375 0.54037109375 0.28404140625 0.54483046875 0.24172421875 0.5272421875 0.2360328125 0.51733359375 0.23628046875 0.50675078125 0.2356796875 0.50123203125 0.2746375
1 0.093240625 0.3157171875 0.1019109375 0.371396875 0.13708671875 0.36842734375 0.13931640625 0.36125078125 0.13287578125 0.3107671875 0.1138015625 0.30903515625 0.093240625 0.3157171875
3 0.11776484375 0.30383828125 0.1313890625 0.30334375 0.13059375 0.2973203125 0.11776484375 0.296909375 0.11776484375 0.30383828125
3 0.2712609375 0.080425 0.2878578125 0.08017734375 0.287665625 0.0719234375 0.27150859375 0.07176328125 0.2712609375 0.080425
1 0.27373828125 0.08017734375 0.25317734375 0.08413671875 0.2546640625 0.139321875 0.29175078125 0.13950546875 0.29405078125 0.08339453125 0.27373828125 0.08017734375
1 0.6193046875 0.02425 0.600478125 0.0254875 0.59378984375 0.0784453125 0.63069921875 0.0829 0.63713984375 0.0314265625 0.6193046875 0.02425