1 0.1622171875 0.24283515625 0.16037561865234376 0.242097482421875 0.1585046875 0.212365625 0.1518234375 0.2128609375 0.1493484375 0.179171875 0.1114859375 0.1806578125 0.11371328125 0.24704609375 0.16023671875 0.24531171875 0.16023671875 0.2440734375 0.16075782568359376 0.2437476171875 0.1622171875 0.24333046875 0.1622171875 0.24283515625
0 0.07535625 0.17809765625 0.11173359375 0.17562109375 0.109259375 0.12979296875 0.07387109375 0.1305359375 0.07535625 0.17809765625
3 0.2701578125 0.8774 0.26421875 0.8813640625 0.273375 0.892015625 0.27832421875 0.8878046875 0.2701578125 0.8774
1 0.30257578125 0.89003359375 0.3043546967773437 0.890232013671875 0.3394484375 0.85832578125 0.31618671875 0.83008671875 0.2746125 0.86476640625 0.30257578125 0.89003359375
0 0.53835 0.0501671875 0.49553828125 0.0878203125 0.5218421875 0.11165546875 0.563096875 0.07419609375 0.53835 0.0501671875
3 0.48440234375 0.3326484375 0.47846328125 0.33314375 0.47951015625 0.34559296875 0.4853921875 0.34577734375 0.48440234375 0.3326484375
1 0.5363703125 0.30762890625 0.4905890625 0.318528125 0.5003046875 0.34782109375 0.5395875 0.3380984375 0.5363703125 0.30762890625
1 0.5984125 0.80584296875 0.5959375 0.86578984375 0.6365828125 0.871025 0.64394609375 0.81153984375 0.5984125 0.80584296875
4 0.67586953125 0.6505234375 0.747634375 0.66860703125 0.7516953125 0.65156875 0.67933359375 0.63417421875 0.67586953125 0.6505234375
1 0.7253625 0.50123203125 0.71595859375 0.54037109375 0.75827578125 0.54483046875 0.7639671875 0.5272421875 0.76371953125 0.51733359375 0.7643203125 0.50675078125 0.7253625 0.50123203125
1 0.6842828125 0.093240625 0.628603125 0.1019109375 0.63157265625 0.13708671875 0.63874921875 0.13931640625 0.6892328125 0.13287578125 0.69096484375 0.1138015625 0.6842828125 0.093240625
3 0.69616171875 0.11776484375 0.69665625 0.1313890625 0.7026796875 0.13059375 0.703090625 0.11776484375 0.69616171875 0.11776484375
3 0.919575 0.2712609375 0.91982265625 0.2878578125 0.9280765625 0.287665625 0.92823671875 0.27150859375 0.919575 0.2712609375
1 0.91982265625 0.27373828125 0.91586328125 0.25317734375 0.860678125 0.2546640625 0.86049453125 0.29175078125 0.91660546875 0.29405078125 0.91982265625 0.27373828125
1 0.97575 0.6193046875 0.9745125 0.600478125 0.9215546875 0.59378984375 0.9171 0.63069921875 0.9685734375 0.63713984375 0.97575 0.6193046875