1 0.0666546875 0.391628125 0.0573890625 0.3954921875 0.06794140625 0.42769609375 0.1286796875 0.41172265625 0.12713515625 0.39446171875 0.11675625 0.3751125 0.0666546875 0.391628125
3 0.31295234375 0.29046640625 0.3018859375 0.30025625 0.3054890625 0.30360546875 0.31718515625 0.2940140625 0.31295234375 0.29046640625
3 0.2830984375 0.24795859375 0.27177421875 0.25877890625 0.27640703125 0.26315859375 0.2874484375 0.25423671875 0.2830984375 0.24795859375
3 0.223646875 0.181146875 0.21155078125 0.1901640625 0.21592578125 0.19505859375 0.22802265625 0.18655703125 0.223646875 0.181146875
1 0.2094921875 0.2141234375 0.2506703125 0.26848203125 0.276921875 0.24529609375 0.2406328125 0.1924828125 0.2094921875 0.2141234375
1 0.29384609375 0.32866328125 0.33090703125 0.37838515625 0.3471203125 0.3714296875 0.35921640625 0.36009375 0.32259140625 0.30830234375 0.29384609375 0.32866328125
1 0.37980625 0.81540625 0.3759453125 0.81437578125 0.3671953125 0.83343984375 0.4019390625 0.8478671875 0.40734375 0.8326671875 0.41789609375 0.83550078125 0.4289625 0.80484296875 0.392490625 0.79025859375 0.37980625 0.81540625
1 0.54421015625 0.7858203125 0.5400921875 0.80256640625 0.54112109375 0.820084375 0.601859375 0.82343359375 0.60494765625 0.790715625 0.54421015625 0.7858203125
0 0.480640625 0.79097265625 0.483471875 0.827040625 0.51358359375 0.8252375 0.513365625 0.7929625 0.480640625 0.79097265625
1 0.53185625 0.39920859375 0.52593671875 0.41389375 0.523878125 0.4314125 0.5784390625 0.4412015625 0.58641796875 0.41054453125 0.53185625 0.39920859375
1 0.8051234375 0.4307546875 0.80023359375 0.44930390625 0.800490625 0.46785234375 0.8777 0.47042890625 0.88207578125 0.43771015625 0.8051234375 0.4307546875
3 0.78865234375 0.43461875 0.7886181596679688 0.4346358681640625 0.7899390625 0.43539140625 0.79045390625 0.45265234375 0.7968875 0.45265234375 0.7968875 0.435134375 0.78865234375 0.43461875
1 0.82854375 0.88263125 0.82442578125 0.8980890625 0.82416875 0.9179265625 0.876928125 0.92101796875 0.88361953125 0.91844140625 0.88526015625 0.8868046875 0.82854375 0.88263125
3 0.81361640625 0.9127734375 0.8203078125 0.91225859375 0.81850625 0.89963515625 0.81381640625 0.8995484375 0.81361640625 0.9127734375