1 0.05585234375 0.12154375 0.10014609375 0.1264703125 0.103909375 0.0688015625 0.1041984375 0.068221875 0.06337890625 0.0676421875 0.05585234375 0.12154375
1 0.487065625 0.10628359375 0.5462765625 0.10925859375 0.54970625 0.0703546875 0.4895796875 0.06898203125 0.48729375 0.08683203125 0.487065625 0.10628359375
1 0.41671171875 0.90037421875 0.447634375 0.900025 0.44850859375 0.903696875 0.4750640625 0.90247265625 0.47156953125 0.8636484375 0.4712203125 0.8634734375 0.41653671875 0.86749609375 0.41671171875 0.90037421875
3 0.436453125 0.8493078125 0.425621875 0.85245625 0.4280671875 0.85980078125 0.4392484375 0.85507890625 0.4376765625 0.84913359375 0.43802578125 0.84913359375 0.4375015625 0.84895859375 0.436453125 0.8493078125
1 0.7100234375 0.00038828125 0.70775234375 0.01665234375 0.748284375 0.01892578125 0.7493328125 0.0010875 0.74880859375 0.0010875 0.74968203125 0.00091328125 0.7100234375 0.00038828125
1 0.65149609375 0.585421875 0.6185459091796875 0.5540083002929688 0.58999921875 0.5786015625 0.62633828125 0.6109546875 0.65149609375 0.585421875
1 0.582478125 0.99100625 0.58101875 0.999153125 0.60344296875 1 0.60274453125 0.99240546875 0.582478125 0.99100625
1 0.80519375 0.77577265625 0.82953984375 0.7477484375 0.78981953125 0.7149125 0.76745703125 0.7416703125 0.80519375 0.77577265625
1 0.80659140625 0.32258671875 0.78510234375 0.27484375 0.75313125 0.29163203125 0.77409609375 0.3386765625 0.80659140625 0.32258671875
4 0.89019609375 0.299678125 0.88128671875 0.28533828125 0.818915625 0.3260859375 0.8257296875 0.33972734375 0.89019609375 0.299678125
1 0.9213359375 0.4723515625 0.88517109375 0.440521875 0.8617609375 0.4671046875 0.89443046875 0.49945859375 0.9213359375 0.4723515625
1 0.99174296875 0.8984296875 0.9921018583984375 0.8982502426757812 0.9922671875 0.8980796875 0.9922671875 0.898167578125 0.9926307666015625 0.8979857885742187 0.992269154296875 0.89767095703125 0.99139375 0.8980796875 0.9918550385742188 0.8973104145507812 0.955578125 0.8657265625 0.933390625 0.89248359375 0.96938046875 0.92168984375 0.9916462622070312 0.8987202397460937 0.99174296875 0.8984296875