1 0.14568359375 0.8448515625 0.14568359375 0.9029609375 0.18572265625 0.9029609375 0.18572265625 0.8448515625 0.14568359375 0.8448515625
3 0.7353 0.679625 0.73466015625 0.69203359375 0.74208671875 0.69388828125 0.74193203125 0.6792046875 0.7353 0.679625
1 0.727078125 0.67549453125 0.674765625 0.669884375 0.66952109375 0.71382734375 0.72429375 0.7170734375 0.727078125 0.67549453125
1 0.880346875 0.59723515625 0.9140765625 0.60882734375 0.9225859375 0.5839421875 0.933571875 0.588425 0.9552328125 0.522425 0.91794453125 0.50944140625 0.90417421875 0.54298203125 0.89953203125 0.54128203125 0.880346875 0.59723515625
3 0.955078125 0.50294921875 0.94331875 0.4998578125 0.9403796875 0.506040625 0.95337578125 0.50975 0.955078125 0.50294921875
1 0.84790546875 0.20288671875 0.825928125 0.2031046875 0.80610078125 0.20759921875 0.8167890625 0.3089671875 0.8574796875 0.30570625 0.84790546875 0.20288671875
1 0.73676640625 0.06774609375 0.73785390625 0.08557109375 0.7224046875 0.0879625 0.72553359375 0.12605390625 0.79725859375 0.12078671875 0.792253125 0.0614421875 0.73676640625 0.06774609375
1 0.00143046875 0.1105609375 0.03276484375 0.1083875 0.02493125 0.05404296875 0.00010859375 0.05788203125 0.000125 0.05773828125 0 0.05730390625 0.00143046875 0.1105609375
1 0.37386015625 0.25713515625 0.37358515625 0.31034609375 0.41106953125 0.31300078125 0.4112875 0.25713515625 0.37386015625 0.25713515625
1 0.4985625 0.37857578125 0.48970546875 0.41570234375 0.530984375 0.42357265625 0.5383828125 0.3887921875 0.4985625 0.37857578125
1 0.429096875 0.5708171875 0.41060078125 0.571034375 0.4048984375 0.61728203125 0.444328125 0.62233515625 0.45020390625 0.57538203125 0.429096875 0.5708171875