1 0.0970390625 0.18572265625 0.1551484375 0.18572265625 0.1551484375 0.14568359375 0.0970390625 0.14568359375 0.0970390625 0.18572265625
3 0.30611171875 0.74208671875 0.3207953125 0.74193203125 0.320375 0.7353 0.30796640625 0.73466015625 0.30611171875 0.74208671875
1 0.28617265625 0.66952109375 0.2829265625 0.72429375 0.32450546875 0.727078125 0.330115625 0.674765625 0.28617265625 0.66952109375
1 0.45701796875 0.90417421875 0.45871796875 0.89953203125 0.40276484375 0.880346875 0.39117265625 0.9140765625 0.4160578125 0.9225859375 0.411575 0.933571875 0.477575 0.9552328125 0.49055859375 0.91794453125 0.45701796875 0.90417421875
3 0.493959375 0.9403796875 0.49025 0.95337578125 0.49705078125 0.955078125 0.5001421875 0.94331875 0.493959375 0.9403796875
1 0.6910328125 0.8167890625 0.69429375 0.8574796875 0.79711328125 0.84790546875 0.7968953125 0.825928125 0.79240078125 0.80610078125 0.6910328125 0.8167890625
1 0.87921328125 0.79725859375 0.9385578125 0.792253125 0.93225390625 0.73676640625 0.91442890625 0.73785390625 0.9120375 0.7224046875 0.87394609375 0.72553359375 0.87921328125 0.79725859375
1 0.94226171875 0.000125 0.94269609375 0 0.8894390625 0.00143046875 0.8916125 0.03276484375 0.94595703125 0.02493125 0.94211796875 0.00010859375 0.94226171875 0.000125
1 0.68699921875 0.41106953125 0.74286484375 0.4112875 0.74286484375 0.37386015625 0.68965390625 0.37358515625 0.68699921875 0.41106953125
1 0.57642734375 0.530984375 0.6112078125 0.5383828125 0.62142421875 0.4985625 0.58429765625 0.48970546875 0.57642734375 0.530984375
1 0.37766484375 0.444328125 0.42461796875 0.45020390625 0.4291828125 0.429096875 0.428965625 0.41060078125 0.38271796875 0.4048984375 0.37766484375 0.444328125