1 0.28279375 0.08480703125 0.30740546875 0.10007734375 0.3368984375 0.0508046875 0.31110625 0.03611640625 0.28279375 0.08480703125
3 0.2772171875 0.053378125 0.2803890625 0.05643515625 0.288728125 0.0463234375 0.284171875 0.04306328125 0.2772171875 0.053378125
3 0.12693125 0.2412546875 0.13812578125 0.2459609375 0.14103671875 0.23934921875 0.12894609375 0.23453046875 0.12693125 0.2412546875
1 0.1524 0.177734375 0.13056953125 0.2248015625 0.16527421875 0.2417234375 0.18676875 0.19431953125 0.15275546875 0.17728125 0.1524 0.177734375
1 0.1157078125 0.29128359375 0.106665625 0.31857109375 0.1474890625 0.3288203125 0.15586640625 0.30539296875 0.16052109375 0.28649140625 0.12258046875 0.27302890625 0.1157078125 0.29128359375
1 0.126275 0.97353984375 0.15889921875 0.99946328125 0.176290625 0.97036328125 0.141021875 0.9469609375 0.126275 0.97353984375
1 0.29110703125 0.85880859375 0.2839234375 0.854065625 0.27031953125 0.8765578125 0.309296875 0.9005796875 0.33466953125 0.857890625 0.303946875 0.838459375 0.29110703125 0.85880859375
1 0.4474671875 0.62698984375 0.42292578125 0.66464296875 0.45067890625 0.6864546875 0.47797265625 0.64375 0.4488984375 0.62476328125 0.4474671875 0.62698984375
1 0.6757421875 0.39844140625 0.6504359375 0.38502109375 0.630528125 0.41199765625 0.6563015625 0.4279671875 0.6757421875 0.39844140625
1 0.76852890625 0.11454921875 0.770496875 0.14804140625 0.82002734375 0.146728125 0.81937109375 0.1354 0.82101171875 0.13523515625 0.8229796875 0.1239078125 0.8188796875 0.099609375 0.78242890625 0.101475 0.78378125 0.11389296875 0.76852890625 0.11454921875
0 0.68455703125 0.10699765625 0.6852125 0.14590703125 0.718834375 0.14656328125 0.7186703125 0.10420625 0.68455703125 0.10699765625