1 0.30740546875 0.89992265625 0.28279375 0.91519296875 0.31110625 0.96388359375 0.3368984375 0.9491953125 0.30740546875 0.89992265625
3 0.2803890625 0.94356484375 0.2772171875 0.946621875 0.284171875 0.95693671875 0.288728125 0.9536765625 0.2803890625 0.94356484375
3 0.13812578125 0.7540390625 0.12693125 0.7587453125 0.12894609375 0.76546953125 0.14103671875 0.76065078125 0.13812578125 0.7540390625
1 0.16527421875 0.7582765625 0.13056953125 0.7751984375 0.1524 0.822265625 0.15275546875 0.82271875 0.18676875 0.80568046875 0.16527421875 0.7582765625
1 0.15586640625 0.69460703125 0.1474890625 0.6711796875 0.106665625 0.68142890625 0.1157078125 0.70871640625 0.12258046875 0.72697109375 0.16052109375 0.71350859375 0.15586640625 0.69460703125
1 0.15889921875 0.00053671875 0.126275 0.02646015625 0.141021875 0.0530390625 0.176290625 0.02963671875 0.15889921875 0.00053671875
1 0.309296875 0.0994203125 0.27031953125 0.1234421875 0.2839234375 0.145934375 0.29110703125 0.14119140625 0.303946875 0.161540625 0.33466953125 0.142109375 0.309296875 0.0994203125
1 0.45067890625 0.3135453125 0.42292578125 0.33535703125 0.4474671875 0.37301015625 0.4488984375 0.37523671875 0.47797265625 0.35625 0.45067890625 0.3135453125
1 0.6504359375 0.61497890625 0.6757421875 0.60155859375 0.6563015625 0.5720328125 0.630528125 0.58800234375 0.6504359375 0.61497890625
1 0.8188796875 0.900390625 0.8229796875 0.8760921875 0.82101171875 0.86476484375 0.81937109375 0.8646 0.82002734375 0.853271875 0.770496875 0.85195859375 0.76852890625 0.88545078125 0.78378125 0.88610703125 0.78242890625 0.898525 0.8188796875 0.900390625
0 0.6852125 0.85409296875 0.68455703125 0.89300234375 0.7186703125 0.89579375 0.718834375 0.85343671875 0.6852125 0.85409296875