3 0.5095 0.4592546875 0.50933984375 0.48031328125 0.51802890625 0.480634375 0.51738515625 0.4595765625 0.5095 0.4592546875
1 0.40265390625 0.52339375 0.4989875 0.52451953125 0.50156171875 0.4463953125 0.50059609375 0.44655546875 0.40474609375 0.4438234375 0.40265390625 0.52339375
4 0.35143046875 0.49751328125 0.40018671875 0.4997640625 0.39954296875 0.486421875 0.35159140625 0.48545703125 0.35143046875 0.49751328125
3 0.21514296875 0.26306875 0.21610859375 0.27030234375 0.238796875 0.2683734375 0.2383140625 0.26194296875 0.21514296875 0.26306875
1 0.235253125 0.27505625 0.20017421875 0.2792359375 0.1988875 0.4028515625 0.27219296875 0.40268671875 0.27403359375 0.27939609375 0.235253125 0.27505625
4 0.27673125 0.41060625 0.2772140625 0.45513359375 0.2885953125 0.45430546875 0.2867078125 0.40948046875 0.27673125 0.41060625
4 0.09293046875 0.518409375 0.1237484375 0.55550390625 0.13233984375 0.54855546875 0.10285234375 0.5115015625 0.09293046875 0.518409375
3 0.1191 0.4001 0.11955078125 0.379075 0.11128203125 0.3780234375 0.1111578125 0.39847421875 0.1191 0.4001
3 0.11113203125 0.4200734375 0.1194 0.42067421875 0.1201515625 0.4044546875 0.120603125 0.4004 0.1129359375 0.39949921875 0.11113203125 0.4200734375
1 0.0956984375 0.2398234375 0.02383984375 0.238771875 0.02398984375 0.397534375 0.00078125 0.397384375 0.00078125 0.41631875 0.0958484375 0.4151171875 0.0956984375 0.2398234375
0 0.03342421875 0.61161796875 0.0586796875 0.6400015625 0.09581171875 0.60606171875 0.09583359375 0.6051171875 0.06950390625 0.577678125 0.03342421875 0.61161796875
0 0.104046875 0.683053125 0.12073359375 0.704078125 0.1434328125 0.6842546875 0.12659609375 0.6662328125 0.104046875 0.683053125
2 0.10818046875 0.9741765625 0.1077109375 0.89198125 0.10708359375 0.8863453125 0.00087890625 0.88540546875 0.00078125 1 0.11941640625 0.9994515625 0.11899453125 0.97308046875 0.10818046875 0.9741765625