3 0.51968671875 0.49066015625 0.5407453125 0.4905 0.5404234375 0.48261484375 0.519365625 0.48197109375 0.51968671875 0.49066015625
1 0.5536046875 0.49843828125 0.47548046875 0.5010125 0.47660625 0.59734609375 0.5561765625 0.59525390625 0.55344453125 0.49940390625 0.5536046875 0.49843828125
4 0.5002359375 0.59981328125 0.50248671875 0.64856953125 0.51454296875 0.64840859375 0.513578125 0.60045703125 0.5002359375 0.59981328125
3 0.72969765625 0.78389140625 0.73693125 0.78485703125 0.73805703125 0.7616859375 0.7316265625 0.761203125 0.72969765625 0.78389140625
1 0.5971484375 0.8011125 0.7207640625 0.79982578125 0.72494375 0.764746875 0.72060390625 0.72596640625 0.59731328125 0.72780703125 0.5971484375 0.8011125
4 0.54486640625 0.7227859375 0.58939375 0.72326875 0.59051953125 0.7132921875 0.54569453125 0.7114046875 0.54486640625 0.7227859375
4 0.44449609375 0.8762515625 0.481590625 0.90706953125 0.4884984375 0.89714765625 0.45144453125 0.86766015625 0.44449609375 0.8762515625
3 0.620925 0.88044921875 0.5999 0.8809 0.60152578125 0.8888421875 0.6219765625 0.88871796875 0.620925 0.88044921875
3 0.5955453125 0.8798484375 0.57932578125 0.8806 0.5799265625 0.88886796875 0.60050078125 0.8870640625 0.5996 0.879396875 0.5955453125 0.8798484375
1 0.602615625 0.99921875 0.602465625 0.97601015625 0.761228125 0.97616015625 0.7601765625 0.9043015625 0.5848828125 0.9041515625 0.58368125 0.99921875 0.602615625 0.99921875
0 0.39393828125 0.90418828125 0.3599984375 0.9413203125 0.38838203125 0.96657578125 0.422321875 0.93049609375 0.3948828125 0.90416640625 0.39393828125 0.90418828125
0 0.295921875 0.87926640625 0.316946875 0.895953125 0.3337671875 0.87340390625 0.3157453125 0.8565671875 0.295921875 0.87926640625
2 0 0.99921875 0.11459453125 0.99912109375 0.1136546875 0.89291640625 0.10801875 0.8922890625 0.0258234375 0.89181953125 0.02691953125 0.88100546875 0.0005484375 0.88058359375 0 0.99921875