0 0.08907734375 0.6472890625 0.0885828125 0.699309375 0.13065234375 0.69906171875 0.1304046875 0.6472890625 0.08907734375 0.6472890625
1 0.2357390625 0.41061953125 0.2226234375 0.42994140625 0.21247734375 0.42251015625 0.1978765625 0.44232734375 0.208765625 0.44975859375 0.2055484375 0.45421796875 0.23648125 0.4765125 0.27008046875 0.43049453125 0.2357390625 0.41061953125
1 0.3230671875 0.3326640625 0.36081328125 0.34284453125 0.36335625 0.32874921875 0.3803915263671875 0.3309979052734375 0.38721640625 0.3154359375 0.3870203125 0.29703359375 0.33421484375 0.2888109375 0.3230671875 0.3326640625
0 0.3658984375 0.27856484375 0.40031953125 0.28248046875 0.40344921875 0.25918359375 0.36751875 0.25365390625 0.3658984375 0.27856484375
1 0.1030390625 0.07814765625 0.08751484375 0.12228984375 0.1221625 0.13377578125 0.1395390625 0.08687421875 0.1030390625 0.07814765625
1 0.764515625 0.06340234375 0.8284109375 0.06002421875 0.83156015625 0.04020546875 0.8268359375 0.01903515625 0.76586484375 0.0230890625 0.764515625 0.06340234375
0 0.70894453125 0.07173515625 0.757540625 0.071059375 0.760015625 0.0492140625 0.755290625 0.02736796875 0.70781953125 0.03029609375 0.70894453125 0.07173515625
3 0.82983125 0.04647109375 0.828615625 0.06107890625 0.83537109375 0.06094375 0.8354 0.04629453125 0.82983125 0.04647109375
1 0.9242125 0.1681 0.92112109375 0.2330828125 0.9603984375 0.23362890625 0.963671875 0.1710125 0.9242125 0.1681
3 0.9043921875 0.217975 0.91130234375 0.217975 0.911665625 0.2110578125 0.909665625 0.2052328125 0.90515 0.2066421875 0.9043921875 0.217975
1 0.9902046875 0.43615234375 0.9490515625 0.43533671875 0.94456953125 0.50283984375 0.9865375 0.504675 0.99179765625 0.43603203125 0.9902046875 0.43615234375