0 0.69906171875 0.86934765625 0.6472890625 0.8695953125 0.6472890625 0.91092265625 0.699309375 0.9114171875 0.69906171875 0.86934765625
1 0.42251015625 0.78752265625 0.44232734375 0.8021234375 0.44975859375 0.791234375 0.45421796875 0.7944515625 0.4765125 0.76351875 0.43049453125 0.72991953125 0.41061953125 0.7642609375 0.42994140625 0.7773765625 0.42251015625 0.78752265625
1 0.32874921875 0.63664375 0.3309979052734375 0.6196084736328125 0.3154359375 0.61278359375 0.29703359375 0.6129796875 0.2888109375 0.66578515625 0.3326640625 0.6769328125 0.34284453125 0.63918671875 0.32874921875 0.63664375
0 0.25918359375 0.59655078125 0.25365390625 0.63248125 0.27856484375 0.6341015625 0.28248046875 0.59968046875 0.25918359375 0.59655078125
1 0.13377578125 0.8778375 0.08687421875 0.8604609375 0.07814765625 0.8969609375 0.12228984375 0.91248515625 0.13377578125 0.8778375
1 0.04020546875 0.16843984375 0.01903515625 0.1731640625 0.0230890625 0.23413515625 0.06340234375 0.235484375 0.06002421875 0.1715890625 0.04020546875 0.16843984375
0 0.0492140625 0.239984375 0.02736796875 0.244709375 0.03029609375 0.29218046875 0.07173515625 0.29105546875 0.071059375 0.242459375 0.0492140625 0.239984375
3 0.06094375 0.16462890625 0.04629453125 0.1646 0.04647109375 0.17016875 0.06107890625 0.171384375 0.06094375 0.16462890625
1 0.23362890625 0.0396015625 0.1710125 0.036328125 0.1681 0.0757875 0.2330828125 0.07887890625 0.23362890625 0.0396015625
3 0.2110578125 0.088334375 0.2052328125 0.090334375 0.2066421875 0.09485 0.217975 0.0956078125 0.217975 0.08869765625 0.2110578125 0.088334375
1 0.50283984375 0.05543046875 0.504675 0.0134625 0.43603203125 0.00820234375 0.43615234375 0.0097953125 0.43533671875 0.0509484375 0.50283984375 0.05543046875