3 0.203809375 0.5770515625 0.19646875 0.576378125 0.19523359375 0.5920109375 0.2030578125 0.59345078125 0.203809375 0.5770515625
1 0.18905703125 0.558071875 0.145475 0.55678359375 0.14478828125 0.596125 0.1882328125 0.59859296875 0.18905703125 0.558071875
1 0.43173515625 0.6101390625 0.45582578125 0.5801078125 0.4222640625 0.55624765625 0.39879140625 0.58915859375 0.43173515625 0.6101390625
3 0.39879140625 0.56838359375 0.39508515625 0.56653203125 0.38930546875 0.57550859375 0.38952578125 0.57805078125 0.39405546875 0.57866796875 0.39879140625 0.56838359375
3 0.8317328125 0.66341328125 0.81894140625 0.66810234375 0.82184921875 0.6732859375 0.83317421875 0.67020078125 0.8317328125 0.66341328125
3 0.90276796875 0.57455390625 0.8877375 0.5766109375 0.88794375 0.5823703125 0.90194453125 0.58278203125 0.90276796875 0.57455390625
1 0.88341328125 0.6274171875 0.91409296875 0.62186328125 0.9089453125 0.58854140625 0.8516578125 0.59526171875 0.859940625 0.63585 0.88382578125 0.6335875 0.88341328125 0.6274171875
3 0.6771 0.87175 0.6668046875 0.85879140625 0.6620951083984375 0.8620638002929687 0.671334375 0.8736015625 0.6771 0.87175
1 0.7203390625 0.90178125 0.74648828125 0.87175 0.73001640625 0.85385546875 0.732075 0.8517984375 0.72075078125 0.840690625 0.72425078125 0.83287421875 0.7071609375 0.81333359375 0.68451171875 0.83698828125 0.69871953125 0.8517984375 0.68389453125 0.8678421875 0.7203390625 0.90178125
1 0.5167765625 0.80853671875 0.47792421875 0.82793828125 0.49583828125 0.86475703125 0.53228203125 0.84686171875 0.5167765625 0.80853671875
1 0.0007625 0.85795078125 0.02424765625 0.8256359375 0 0.8039453125 0.0007625 0.85795078125
3 0.03103984375 0.8323796875 0.023775 0.84316171875 0.0284453125 0.84699765625 0.0364359375 0.8368375 0.03103984375 0.8323796875