1 0.00082421875 0.10690859374999999 0.0181390625 0.11460390625000001 0.01016875 0.13219296875 0.0005499999999999999 0.12724609375
0 0.20172500000000002 0.23305546875 0.195953125 0.25531640625 0.26933281249999996 0.2742796875 0.27263046874999997 0.2536671875
4 0.257240625 0.39025781249999997 0.23497890625 0.47133203124999995 0.216015625 0.4652859375 0.2385515625 0.38586015625000003
1 0.095640625 0.56477421875 0.15500390625 0.5856609374999999 0.1437359375 0.6213890625 0.0824484375 0.6007765625
4 0.095915625 0.6463984375 0.18551015625 0.67608046875 0.18001328125 0.6947687499999999 0.08986953125 0.6620640625
0 0.20639687499999998 0.598853125 0.236353125 0.60957109375 0.2193140625 0.6562921875 0.1882578125 0.6461234375
0 0.10608437500000001 0.8885234375 0.145934375 0.9022648437499999 0.135765625 0.9327710937499999 0.09454140625 0.91930390625
1 0.21299296874999998 0.9992796875 0.21821484375 0.9863625 0.24981953125 0.9995539062500001
1 0.3047859375 0.83575625 0.29104453124999996 0.86956015625 0.31550390625 0.8811031249999999 0.33061953125 0.84455078125
1 0.4509953125 0.50678515625 0.41883984375 0.49414296875 0.39602890625 0.54663515625 0.40125078125 0.54938359375 0.39602890625 0.5634 0.4199390625 0.57356875 0.42543593749999997 0.56037734375 0.43120703125000004 0.56202578125
0 0.3828375 0.56202578125 0.37211875 0.589234375 0.40977031249999996 0.6043499999999999 0.41883984375 0.578790625
1 0.3091828125 0.185784375 0.3548046875 0.20309921874999998 0.34216250000000004 0.23965156250000003 0.2946171875 0.2234359375
4 0.5782406250000001 0.11735234375 0.6356804687500001 0.15088125 0.6263359375 0.1687453125 0.56752265625 0.13466640624999998
4 0.5029375 0.2844484375 0.5760421874999999 0.32127578125 0.56999609375 0.34078828125 0.49221953125000006 0.30368671875
4 0.47930234374999997 0.36304921874999996 0.5339937499999999 0.39520468750000004 0.5405890624999999 0.38421171875 0.54746015625 0.38641015625 0.5515828125 0.37569140624999997 0.5306953125 0.36277499999999996 0.52409921875 0.37074453125 0.48589843750000006 0.3498578125
1 0.53701640625 0.99982890625 0.54471171875 0.9822398437500001 0.5779664062500001 1
0 0.6661859375 0.7214273437500001 0.70878515625 0.74396328125 0.69421875 0.7722703125 0.6510703125 0.75165859375
0 0.598578125 0.46198828125 0.6384289062499999 0.48919609375000006 0.659590625 0.45896484375 0.6216640625000001 0.43175703125
1 0.69284453125 0.33061953125 0.67003359375 0.36057578125 0.67388125 0.36414921875 0.6672859375 0.3745921875 0.689821875 0.3905328125 0.6972421875 0.38091328125 0.709059375 0.38860859375 0.729946875 0.35892734375
3 0.6661859375 0.28802109374999996 0.67085859375 0.29076953125 0.6670109375 0.30038828125 0.66041484375 0.29626562500000003
1 0.6516203125 0.058264062500000005 0.6667359375 0.0678828125 0.64832265625 0.10058750000000001 0.6323820312499999 0.09014375
1 0.69449375 0.025009375 0.70576171875 0.0076953125 0.689271875 0.00027499999999999996 0.65739140625 0.00027499999999999996
1 0.74341328125 0.20474765625 0.78133984375 0.216565625 0.77391953125 0.24487265625000001 0.73489375 0.23360468750000002
4 0.79398203125 0.081075 0.8679109374999999 0.10058750000000001 0.8654375 0.11927578125 0.7884851562499999 0.1003125
0 0.35373671875 0.3013796875 0.34175468750000004 0.33654453125 0.32586484375 0.33055390625 0.33732578125 0.2956484375