1 0.8587281250000001 0.8699515625 0.903440625 0.9072125 0.88012109375 0.9382640625 0.8345820312500001 0.89928515625
3 0.8765539062500001 0.8626890625 0.8860609374999999 0.8699953125000001 0.88254140625 0.8750609375 0.872421875 0.8675734374999999
3 0.85839765625 0.28928671875 0.8559218749999999 0.2955140625 0.8420617187499999 0.28934765625000003 0.8444820312499999 0.28362265625
1 0.88117578125 0.24538203125 0.8590015624999999 0.23517421875000002 0.85636171875 0.23847734375 0.8266625 0.22548437500000001 0.8128023437499999 0.25675546875 0.86274140625 0.28318203125
1 0.554365625 0.1971859375 0.56983828125 0.21538515625 0.57511796875 0.213403125 0.5854578125 0.22595546875 0.5909578125 0.22221171874999998 0.6061375 0.24225234375000002 0.56543828125 0.27484453124999997 0.5225390625 0.22419375000000002
3 0.5385203125 0.26683984375 0.54981875 0.27572578124999997 0.5451984375000001 0.28035 0.5346390624999999 0.27176171875
1 0.37445546875 0.14998046874999998 0.38124765625 0.18854609375 0.33350859375 0.19845625 0.3277890625 0.16145859375 0.35176875 0.1599171875 0.35220859375 0.15551328125
3 0.38303828125 0.20741953125 0.38256796875 0.19955703125 0.367828125 0.20153906250000003 0.367828125 0.207925
3 0.461275 0.7025859375 0.460446875 0.708559375 0.44878671875 0.708559375 0.44812734374999996 0.7015125
1 0.4971859375 0.72221328125 0.49300625 0.76009140625 0.42634765625000004 0.7495203125 0.43118749999999995 0.7162671875
1 0.139746875 0.60619375 0.14566171875 0.64102734375 0.08252265625 0.65468125 0.07416249999999999 0.6203265625000001
3 0.1212609375 0.59034765625 0.10650234375 0.591478125 0.1058421875 0.5956625 0.12300156250000001 0.59654296875 0.122121875 0.5910375
1 0.058845312500000004 0.0484609375 0.07324375 0.06596093750000001 0.07105 0.07035390625 0.085228125 0.089109375 0.059065625 0.11208828125 0.0288515625 0.07525390625