1 0.94410390625 0.5390953125 0.9843171875 0.5975734375 0.9523835937499999 0.6201734375 0.9194328125 0.5737515625 0.9296031250000001 0.56621796875 0.922890625 0.5552234375
3 0.93245078125 0.5059507812499999 0.93611171875 0.5104296875000001 0.9263484375000001 0.5189812500000001 0.922890625 0.5130765625
3 0.7319671875 0.32640156249999996 0.73908515625 0.32879921875 0.73434921875 0.34210859375 0.7281570312500001 0.33791484375
1 0.6729359374999999 0.3179296875 0.73234609375 0.35177109375 0.72196484375 0.37073203125 0.71103671875 0.36653828125 0.702840625 0.3771125 0.652390625 0.34830703125
1 0.5649859375 0.7836195312500001 0.536009375 0.8181960937499999 0.57826328125 0.8539296875 0.607221875 0.8163726562500001
3 0.55706015625 0.86014140625 0.55119609375 0.863984375 0.5610304687500001 0.8743765625 0.5668585937499999 0.8679953125000001
3 0.30880703125000003 0.70620078125 0.311175 0.70620078125 0.32009921874999997 0.7182335937500001 0.31390703124999997 0.72115078125 0.304071875 0.7105765625
1 0.33405390625 0.66255078125 0.3761953125 0.6984828125 0.3683640625 0.71325078125 0.355796875 0.725465625 0.31427109375 0.6895492187500001
1 0.3999171875 0.3100046875 0.45269062499999996 0.3472203125 0.43265624999999996 0.3760265625 0.37983828124999997 0.3381046875
3 0.48673671875 0.32537343750000003 0.48367187500000003 0.32970703125 0.47407421875000005 0.32170078125 0.475796875 0.317759375
3 0.4738125 0.32057265625000003 0.4825640625 0.33019921874999997 0.48034921875 0.3340171875 0.47026015625 0.3250265625
3 0.44778046875 0.2727546875 0.45783281249999996 0.28039921875 0.455003125 0.28532578124999997 0.44269921874999996 0.2785515625