4 0.771428125 0.028209375 0.78271171875 0.0613078125 0.771428125 0.065821875 0.75901640625 0.032722656249999996
1 0.82671796875 0.09703984375 0.8255898437500001 0.1459359375 0.7939953125 0.14631171874999999 0.7943718750000001 0.13803671875 0.75337421875 0.13427578125 0.7541265625 0.10343359375000001 0.79587578125 0.1045625 0.796628125 0.09591171875
1 0.62737265625 0.20385859375 0.65821484375 0.20950078125 0.65182109375 0.24786484375 0.6187218750000001 0.24034218749999997
4 0.29300000000000004 0.955728125 0.3490421875 0.9771671874999999 0.34302421875 0.9986062499999999 0.33098828125 1 0.28510078125 0.9786718750000001
1 0.44721015625 0.8571843749999999 0.43442187499999996 0.8914109375000001 0.49911484375 0.91473125 0.5081421875000001 0.8842648437499999 0.501371875 0.8797515625000001 0.507765625 0.8583125 0.47541953125 0.8462765624999999 0.46714453125000005 0.8665875
1 0.4750140625 0.51960234375 0.5308984375 0.5383296875 0.5199 0.573703125 0.50830703125 0.57073046875 0.49820000000000003 0.6025367187499999 0.4649078125 0.59153828125 0.473825 0.5612179687500001 0.46431328125000004 0.55765078125
0 0.5582453125 0.5142515624999999 0.598375 0.5264390624999999 0.5826203125 0.57786484375 0.54368046875 0.566271875
3 0.56449921875 0.5051359375 0.57714140625 0.508434375 0.57411875 0.51475546875 0.56257578125 0.5111828125
0 0.9457984375 0.05156328125 0.9598828125000001 0.07519609375 0.9467531250000001 0.0842671875 0.92908828125 0.06254375
3 0.95729453125 0.07745546875 0.9601304687500001 0.08064609375000001 0.95109140625 0.08684921875 0.94861015625 0.08401328125
4 0.40100625 0.6762703125 0.41111328125 0.68132421875 0.39476328125000004 0.7122390625 0.38525156250000003 0.70778046875 0.39208828125 0.69232265625 0.38911562499999997 0.69024140625 0.393871875 0.68132421875 0.39773593749999997 0.68370234375
4 0.41290078125 0.66519375 0.43357734375 0.67125078125 0.43691874999999997 0.6614351562499999 0.41624218749999997 0.65496015625