1 0.10923046875 0.14146640625 0.15496953125 0.15469375000000002 0.16517578125000001 0.12729453125 0.1621515625 0.125215625 0.16404140625000002 0.1197359375 0.11849140625000001 0.10650859374999999 0.11055390624999999 0.1229484375 0.10923046875 0.14146640625
1 0.0922203125 0.20499062499999998 0.1326671875 0.21481640624999998 0.14022734375 0.184771875 0.0996796875 0.1728984375 0.09505546875000001 0.1906296875 0.0922203125 0.20499062499999998
1 0.32695078125 0.15807578125 0.34967890625 0.16393125 0.36069453125 0.1137453125 0.321234375 0.10370781250000001 0.31691171875 0.12043671874999999 0.335178125 0.12489765625 0.32695078125 0.15807578125
1 0.31858906249999996 0.37118281249999996 0.3276203125 0.339321875 0.30788046874999997 0.33377500000000004 0.31626640625 0.3004953125 0.29936484375 0.2958515625 0.28269296875 0.2913171875 0.26530312500000003 0.35841249999999997 0.31858906249999996 0.37118281249999996
1 0.26310546874999996 0.4586265625 0.26294921875 0.4787265625 0.2752609375 0.47888281250000003 0.276040625 0.5142523437500001 0.29318359374999997 0.5144078125 0.31375625 0.5142523437500001 0.3143796875 0.42824296874999995 0.29333984375 0.42761953124999996 0.27421171875 0.42794453125 0.27494999999999997 0.45925000000000005 0.26310546874999996 0.4586265625
1 0.25796171874999996 0.5695078125 0.25811796875000004 0.60939609375 0.283209375 0.609240625 0.28289765624999996 0.629184375 0.29708046875 0.62965234375 0.31344453125 0.629184375 0.31266484375000003 0.5698195312500001 0.30674296874999996 0.569040625 0.30611953125 0.5338265625 0.28835234375 0.53429453125 0.27114140625 0.53441953125 0.27089765625 0.56919609375 0.25796171874999996 0.5695078125
0 0.19287578125 0.62163359375 0.21106015625 0.6206078125000001 0.21120703125 0.5804343750000001 0.19199609374999999 0.5804343750000001 0.1736640625 0.58087421875 0.17307734375 0.6185546875 0.19287578125 0.62163359375
0 0.09194765625 0.475259375 0.10372656250000001 0.4760359375 0.10786875 0.44342421875 0.09660703125 0.44226015625 0.0851859375 0.44095703124999996 0.08198046875000001 0.47267109375 0.09194765625 0.475259375
4 0.31455703125 0.8401179687500001 0.31425546875 0.8235445312499999 0.23101953125 0.8211578125000001 0.23106718750000002 0.83831015625 0.31455703125 0.8401179687500001
4 0.30250078125 0.9037007812500001 0.3018984375 0.88622265625 0.234684375 0.885921875 0.23528671874999998 0.9030984375 0.30250078125 0.9037007812500001
4 0.011340625 0.88079921875 0.1080921875 0.8835109375 0.10658515625000001 0.862115625 0.011875 0.8611000000000001 0.011340625 0.88079921875
4 0.10568124999999999 0.9433125 0.105078125 0.92282109375 0.009715625 0.9231734375 0.010135156250000001 0.9418054687499999 0.10568124999999999 0.9433125
4 0.5836765625 0.9527539062500001 0.58468359375 0.93337421875 0.48852109375 0.9313609375 0.4880171875 0.94998515625 0.5836765625 0.9527539062500001
0 0.13710625 0.85946953125 0.13741562499999999 0.8469484375 0.1207203125 0.8470718749999999 0.12102656249999999 0.860396875 0.13710625 0.85946953125
0 0.1347875 0.9161992187499999 0.13339609375 0.9036781250000001 0.1180890625 0.90321484375 0.11762578125 0.91635390625 0.1347875 0.9161992187499999
0 0.135096875 0.98143125 0.13540546874999998 0.96721015625 0.1213359375 0.9653546875 0.119171875 0.9809671874999999 0.135096875 0.98143125
1 0.800496875 0.7768835937499999 0.70961171875 0.7732 0.70974765625 0.7830234375 0.71002109375 0.7933921875000001 0.74563828125 0.79448359375 0.74536484375 0.81249296875 0.8000875000000001 0.8148125 0.80063359375 0.779203125 0.800496875 0.7768835937499999
0 0.69607890625 0.8957 0.70644921875 0.89594375 0.7065710937499999 0.86776796875 0.6976648437499999 0.868134375 0.686459375 0.8677578125000001 0.68668515625 0.8950898437499999 0.69607890625 0.8957
1 0.5067203124999999 0.59711796875 0.5271625 0.5978328125 0.52701953125 0.5708203125 0.52787734375 0.51136484375 0.5193 0.51179375 0.519871875 0.5150812499999999 0.48913671875000003 0.51465234375 0.48970859375 0.5439515625 0.48570624999999995 0.5445226562500001 0.48642109375000003 0.59883359375 0.5067203124999999 0.59711796875
1 0.49879453125 0.40770156249999995 0.5326375 0.41500859375 0.5391515625000001 0.38292031249999997 0.5081789062500001 0.37425546875000004 0.50038359375 0.3972171875 0.49879453125 0.40770156249999995
1 0.5401953125000001 0.23385546875 0.5327265625 0.26230937499999996 0.54766328125 0.26674921875 0.563609375 0.27179453124999997 0.5866203125 0.1880453125 0.54766328125 0.17694609375 0.53333203125 0.23102968750000002 0.5401953125000001 0.23385546875
1 0.66271796875 0.258934375 0.6715992187500001 0.22301328125 0.63688125 0.21292265625 0.63768828125 0.21050156250000002 0.6292109375 0.20868515625 0.62860546875 0.21151015625 0.60801640625 0.204446875 0.6031718749999999 0.22361875000000003 0.59950703125 0.24194453125 0.66271796875 0.258934375
1 0.6838171875 0.2682265625 0.74800546875 0.2839671875 0.76072265625 0.23513046875 0.750428125 0.2319015625 0.7514375 0.22544375 0.7451796875000001 0.22584765624999997 0.7365 0.22261875 0.7350875 0.2280671875 0.69734140625 0.21838046875 0.6961304687500001 0.217775 0.6916898437500001 0.23250703125 0.6838171875 0.2682265625
1 0.56579765625 0.03224140625 0.6019859375000001 0.04096171875 0.6090375 0.00904921875 0.57295390625 0.00027421875 0.56802421875 0.015357812500000002 0.56579765625 0.03224140625
1 0.6504125000000001 0.052663281250000006 0.66730078125 0.057116406249999994 0.67825 0.015926562499999998 0.66080546875 0.012030468749999999 0.64573671875 0.007253125000000001 0.6344531250000001 0.04969453125 0.6504125000000001 0.052663281250000006
1 0.6658515625 0.6399328125 0.6854140625 0.64085546875 0.6854140625 0.5897484375000001 0.66825078125 0.58956328125 0.65155390625 0.5891992187499999 0.6516421875 0.6399328125 0.6658515625 0.6399328125
1 0.7675796874999999 0.5415281249999999 0.7878796875 0.54208203125 0.78843359375 0.49484921875000004 0.7744078125 0.49484921875000004 0.7747773437500001 0.4668046875 0.738790625 0.46588203124999994 0.738421875 0.4981703125 0.7500382812499999 0.49781953124999995 0.749125 0.541159375 0.7675796874999999 0.5415281249999999
1 0.79920234375 0.38776328125 0.8048132812500001 0.362734375 0.75790625 0.3508875 0.75258515625 0.37654375 0.79920234375 0.38776328125
0 0.7040984375 0.39740078125 0.74496015625 0.40890859375 0.7502835937500001 0.39006484375 0.709278125 0.3791328125 0.70553671875 0.38805078125 0.7040984375 0.39740078125
1 0.9714296875 0.964940625 0.9889601562499999 0.96461015625 0.98780234375 0.9198015625 0.9682875 0.9198015625 0.9677906249999999 0.9107078124999999 0.9538984375 0.9108726562499999 0.95555234375 0.96560234375 0.9714296875 0.964940625
1 0.98664453125 0.8069773437500001 0.9858179687499999 0.77473515625 0.97606015625 0.7737429687499999 0.9753984375 0.7577046875 0.9477796875 0.7572085937499999 0.9471484374999999 0.7576968749999999 0.948771875 0.80714296875 0.98664453125 0.8069773437500001
1 0.95718828125 0.5394234375 0.9989671875000001 0.53924375 0.99921875 0.5048242187499999 0.9580328124999999 0.50344453125 0.9561117187500001 0.52167578125 0.95718828125 0.5394234375
1 0.7562140625 0.0463515625 0.76381484375 0.049002343749999996 0.76133984375 0.07003046874999999 0.7871453125000001 0.07727578125 0.7864382812499999 0.087878125 0.8087085937499999 0.09264921875 0.8224953125000001 0.03998984375 0.769940625 0.0273234375 0.76240078125 0.025853124999999998 0.7562140625 0.0463515625
1 0.877584375 0.11141562499999999 0.89914765625 0.11671640624999999 0.91523125 0.0569890625 0.89508203125 0.0511578125 0.8766093749999999 0.04441640625 0.8584953125 0.106290625 0.877584375 0.11141562499999999
0 0.9200039062500001 0.046739843749999996 0.9309625 0.007864062500000001 0.89932421875 0.0000890625 0.8872125000000001 0 0.8779375 0.034546875 0.9200039062500001 0.046739843749999996
0 0.86276015625 0.04349765625 0.8703468750000001 0.04718125 0.8746828125 0.030060937500000003 0.86666171875 0.0276765625 0.85950859375 0.025509375 0.8549562500000001 0.04176328125 0.86276015625 0.04349765625
0 0.8220828125 0.2977640625 0.8250203125000001 0.28356796875 0.80866796875 0.27897812499999997 0.805190625 0.2948265625 0.8220828125 0.2977640625
3 0.53214140625 0.3616609375 0.53214140625 0.35496953124999997 0.51995859375 0.3545578125 0.5199109375 0.3616609375 0.53214140625 0.3616609375
3 0.17498359375 0.56853203125 0.183440625 0.56981328125 0.184209375 0.55392578125 0.1748875 0.553271875 0.17498359375 0.56853203125
3 0.19896562499999998 0.8360640625 0.2080359375 0.837071875 0.21072265625000003 0.82195703125 0.20245078125 0.820225 0.19896562499999998 0.8360640625
3 0.2077 0.9015585937499999 0.21576171875 0.90088671875 0.21441796875 0.88510078125 0.20669218749999999 0.88510078125 0.2077 0.9015585937499999
3 0.13111171875 0.93850390625 0.1385015625 0.939846875 0.1391734375 0.92506875 0.13236015625 0.92430859375 0.13111171875 0.93850390625
3 0.6831328125 0.9120953125 0.68417890625 0.9037289062499999 0.6610171874999999 0.9014109375 0.66038515625 0.9097421875 0.6831328125 0.9120953125
3 0.73068984375 0.3794484375 0.7320421875 0.37363515625 0.7187921875 0.36985 0.71743984375 0.37593359375 0.73068984375 0.3794484375