3 0.7876953125 0.88383984375 0.8090390624999999 0.88383984375 0.8090390624999999 0.89116015625 0.7876953125 0.89116015625
3 0.7037382812499999 0.69073046875 0.71065234375 0.69073046875 0.71065234375 0.70475390625 0.7037382812499999 0.70475390625
3 0.66369140625 0.6368632812499999 0.67019921875 0.6368632812499999 0.67019921875 0.6498710937500001 0.66369140625 0.6498710937500001
3 0.30748828125 0.22896875 0.32232421875 0.22896875 0.32232421875 0.236609375 0.30748828125 0.236609375
3 0.20798828125000002 0.25983203125 0.21502734375000002 0.25983203125 0.21502734375000002 0.27466796875 0.20798828125000002 0.27466796875
3 0.19255078125 0.10399218750000001 0.19974609375000002 0.10399218750000001 0.19974609375000002 0.1189765625 0.19255078125 0.1189765625
3 0.20037500000000003 0.76453125 0.20603125000000003 0.76453125 0.20603125000000003 0.778859375 0.20037500000000003 0.778859375
1 1 0.77840625 0.9896148437500001 0.77840625 0.9879117187500001 0.8346148437500001 0.9974500000000001 0.8349554687499999 0.99676875 0.8547140625 0.98688984375 0.8553953125 0.9855265624999999 0.91194453125 1 0.91194453125
1 0.999834375 0.6111421874999999 0.9947250000000001 0.6097796875 0.9848453125000001 0.64725234375 0.999834375 0.651340625
1 0.81519765625 0.001021875 0.809065625 0.0153296875 0.782153125 0.00817578125 0.78624140625 0
1 0.62068125 0.00068125 0.6036476562499999 0.058934375000000004 0.5777578125 0.050758593750000004 0.5903625 0
1 0.09640625 0.8741312499999999 0.126725 0.8932085937500001 0.17646171875 0.813153125 0.14682421875 0.7950984375
0 0.1539765625 0.7583125 0.1900859375 0.7583125 0.1900859375 0.792375 0.1539765625 0.792375
0 0.26877968750000003 0.8489226562500001 0.31068125 0.8496039062499999 0.30795625000000004 0.9000210937500001 0.2677578125 0.9000210937500001
1 0.35905468749999997 0.8029335937500001 0.35905468749999997 0.89525234375 0.39448359375000003 0.89388984375 0.39516484375 0.8625492187500001 0.3876703125 0.86186796875 0.38835156249999997 0.80259296875
1 0.091296875 0.6700765625 0.09163750000000001 0.72287890625 0.126384375 0.7225382812500001 0.12468125000000001 0.67586796875 0.1069671875 0.67757109375 0.1066265625 0.6687140625
0 0.13047265624999999 0.6302187499999999 0.16760546875 0.6302187499999999 0.16760546875 0.6700781250000001 0.13047265624999999 0.6700781250000001
1 0.08686796875 0.5651539062500001 0.08448359375 0.5164390625 0.112759375 0.5157546875000001 0.11309921875 0.5314281249999999 0.121615625 0.53176875 0.12365937499999999 0.56583515625
0 0.1809609375 0.53168359375 0.21282031250000003 0.53168359375 0.21282031250000003 0.56976953125 0.1809609375 0.56976953125
0 0.168765625 0.3059140625 0.226765625 0.3059140625 0.226765625 0.33503906250000004 0.168765625 0.33503906250000004
1 0.09433984375 0.26111328125 0.15656640625 0.26111328125 0.15656640625 0.29869921875 0.09433984375 0.29869921875
1 0.10827890625 0.13715312500000001 0.14710937500000001 0.1463625 0.16528046875 0.053765625 0.12644921874999998 0.0462984375
0 0.29944609375 0.08263984375 0.28700078125 0.13043203125 0.3198578125 0.1403890625 0.33180546875 0.09334375
0 0.31164296875 0.19440390624999998 0.31089609375 0.21332109375 0.35395859375 0.2135703125 0.35371015625 0.19664375
1 0.3664046875 0.11699062499999999 0.38806015625 0.12221796874999999 0.38955390625 0.11325703125 0.412703125 0.11699062499999999 0.40996484375 0.1281921875 0.41768124999999995 0.1309296875 0.412703125 0.1560703125 0.3589375 0.14486953125
1 0.37212968750000003 0.2608640625 0.39826640625 0.2601171875 0.40050625 0.21232578124999998 0.36267109375 0.21083203125 0.3614265625 0.23273671875000002 0.3713828125 0.23273671875000002
1 0.37885078125 0.29148125 0.34400234375 0.29123203124999997 0.3420109375 0.338028125 0.35744375 0.338028125 0.358190625 0.3484828125 0.3507234375 0.34997656250000003 0.34997656250000003 0.40623125 0.3907984375 0.40573359375000007 0.39204296875 0.350225 0.37611249999999996 0.34997656250000003
3 0.2999453125 0.34325390625 0.3143828125 0.34325390625 0.3143828125 0.34798046875 0.2999453125 0.34798046875
0 0.306171875 0.35096875 0.34500000000000003 0.35096875 0.34500000000000003 0.37312500000000004 0.306171875 0.37312500000000004
1 0.3743703125 0.531934375 0.30268203125 0.53168515625 0.3039265625 0.5944125 0.3736234375 0.5931671875 0.37337421875 0.5540875 0.3815890625 0.55358984375 0.38059296875 0.5416421875 0.37387265625 0.5406460937500001
4 0.52098203125 0.8077335937499999 0.58146875 0.8622460937499999 0.59291875 0.8480578124999999 0.5321828125 0.7935453125
0 0.5277023437499999 0.89136953125 0.55931484375 0.8908710937500001 0.560559375 0.91501640625 0.52820078125 0.9162609375
0 0.51451015625 0.64693359375 0.54686875 0.6471820312500001 0.5471179687500001 0.6660999999999999 0.5140125 0.66585078125
1 0.53566796875 0.5752453125 0.57873046875 0.574996875 0.5784812500000001 0.5652890625 0.5916742187499999 0.5652890625 0.59192265625 0.5752453125 0.63573203125 0.57549453125 0.635234375 0.5964031249999999 0.62901171875 0.5954078125 0.629509375 0.61606796875 0.5998882812499999 0.6138273437499999 0.5998882812499999 0.59565703125 0.53541875 0.5939140625
1 0.59715 0.23547500000000002 0.60785390625 0.19664375 0.573503125 0.18768281250000002 0.572009375 0.19291015625000002 0.563546875 0.21481484375 0.5615554687500001 0.22875390625
0 0.64618671875 0.19216328124999998 0.66759375 0.19614609375 0.66012578125 0.2265140625 0.6377234374999999 0.22004218749999999
2 0.7019437500000001 0.20684921875 0.8022570312499999 0.23198984375 0.788815625 0.2825203125 0.6894984375 0.2558859375
1 0.8127117187499999 0.0226515625 0.800265625 0.068203125 0.7661640625 0.058744531249999996 0.77960625 0.013192187499999999
1 0.85253828125 0.04654765625 0.88888046875 0.05725078125000001 0.8771812499999999 0.09981562499999999 0.8928625 0.10529140625 0.8861421875 0.1309296875 0.8595078125000001 0.12296484375000001 0.8585125 0.12794296875 0.8418351562499999 0.12321328125 0.843328125 0.118484375 0.8184367187499999 0.11126562499999999 0.82490859375 0.086125 0.84108828125 0.08961015624999999
2 0.7231015625 0.5386546875 0.8179390625 0.5408953125 0.8174414062500001 0.59889296875 0.7238484374999999 0.59715
2 0.74276640625 0.7377882812500001 0.7425171875000001 0.79404296875 0.7512296875 0.7947898437500001 0.7504828125 0.81545 0.74102421875 0.81594765625 0.7412726562499999 0.87344765625 0.8174414062500001 0.8731984374999999 0.8161968749999999 0.8156984375 0.8082312500000001 0.8166945312499999 0.808978125 0.7952874999999999 0.8174414062500001 0.7947898437500001 0.81768984375 0.73803671875