1 0.007728125 0.01124921875 0.011126562500000001 0.03163125 0.093659375 0.014990624999999999 0.08955234375 0 0.0727328125 0 0.0087796875 0.01087890625 0.00760625 0.01087890625
1 0.10369140624999999 0.22371953125 0.09378046875 0.18520468750000002 0.0468421875 0.19695078125 0.05525234375 0.23532265625
1 0.07845390625000001 0.40097421874999994 0.11979218750000001 0.39200859375 0.1291796875 0.42979296875 0.08556640625 0.43821093749999995 0.0783296875 0.40081796875000003
1 0.08546406250000001 0.61502890625 0.13044687500000002 0.60798125 0.13201171875 0.6148328125 0.1423765625 0.61365859375 0.14550625 0.6295164062499999 0.13572734375 0.6326484375 0.13690078125 0.644590625 0.08918046874999999 0.65144296875
3 0.098703125 0.67155078125 0.11421406249999999 0.6667132812500001 0.11225859375 0.66005703125 0.097003125 0.6626023437499999
1 0.0007796875 0.6822453125 0.01036328125 0.68283203125 0.0087984375 0.72042109375 0.00019296875 0.72042109375 0 0.68204921875 0.000584375 0.68146171875 0.0003890625 0.68283203125
1 0.40501484374999996 0.626190625 0.41303359375 0.65986328125 0.40638359375000005 0.66221328125 0.40638359375000005 0.66691171875 0.3905421875 0.66945625 0.38878203125 0.66554140625 0.3825234375 0.66769453125 0.37313593749999996 0.63597890625
3 0.33441171875000003 0.5856 0.33793203125 0.5989125 0.3326515625 0.6002828124999999 0.3279578125 0.58814453125
1 0.36785546875 0.5753539062499999 0.36218359375000003 0.5379609375000001 0.35455625 0.53933125 0.35357812499999997 0.5342414062499999 0.33519453125 0.536590625 0.33538984374999997 0.5422679687499999 0.32854453125 0.543246875 0.333434375 0.579465625 0.36805078125 0.5761375 0.36766015625000004 0.57476640625
1 0.23545 0.39269609375000003 0.30096875 0.3803625 0.30663984375000003 0.41540546875000006 0.24151328125 0.42695625000000004 0.235059375 0.3930875
3 0.27261015624999996 0.36724531250000003 0.26146171875 0.36920312499999997 0.26341796875 0.37625078125 0.2747609375 0.37351015625
3 0.526440625 0.10372656250000001 0.529765625 0.11664765625 0.52370234375 0.1176265625 0.52076875 0.10509765625
3 0.5732390625 0.09253984374999999 0.5788554687499999 0.091784375 0.5817890625000001 0.10666328124999999 0.5763125 0.10822968749999999 0.5735742187499999 0.09276328125 0.5729875 0.09256796875
3 0.52800546875 0.147971875 0.5342640624999999 0.146796875 0.53719765625 0.1632421875 0.53172109375 0.16402578125 0.527809375 0.14738437499999998
1 0.4744171875 0.10607578124999999 0.48908593749999996 0.10392265625 0.49104140625000003 0.10822968749999999 0.5149015625 0.10372656250000001 0.5235070312500001 0.168528125 0.49925546875000004 0.17146484374999998 0.49906015625 0.17538046875 0.48419609374999995 0.1771421875 0.48048046875 0.15090859375000001 0.48458750000000006 0.15032109375 0.48263125 0.13231015625 0.47852421874999995 0.13231015625 0.47383046875 0.10529296875000001 0.474221875 0.10666328124999999 0.47480859375 0.10627187499999999 0.4744171875 0.10607578124999999 0.4744171875 0.10568437500000001 0.47363515625 0.10646796875
1 0.6272375 0.072290625 0.61268984375 0.07553515625 0.6132765625000001 0.078471875 0.58941640625 0.08473671875 0.6052578125 0.14816796875 0.62892265625 0.14170703125 0.6304875 0.14346874999999998 0.6432 0.1405328125 0.6373320312499999 0.11743125000000001 0.63381171875 0.11743125000000001 0.628140625 0.09922421875000001 0.6330296875 0.09609140625 0.6269671875 0.071228125 0.62755390625 0.07279453125 0.62794453125 0.07220703125
1 0.6448453125 0.9371390625 0.73956640625 0.91349921875 0.75227890625 0.9640093750000001 0.7239203125 0.970665625 0.72431171875 0.9753640625 0.6546867187500001 0.97614765625
0 0.6656390625 0.72392421875 0.67209296875 0.75054921875 0.64647265625 0.75661796875 0.63943125 0.7296015625 0.66661640625 0.72353203125 0.6656390625 0.7237281249999999
1 0.92768828125 0.1553703125 0.8881820312500001 0.163396875 0.8979609375000001 0.21566875 0.938640625 0.20666328125
0 0.91069765625 0.2450171875 0.9165156250000001 0.27040859375 0.8891328125 0.2800203125 0.8825539062500001 0.25296562499999997
1 0.9579445312500001 0.6300656250000001 0.99919609375 0.6236578125000001 0.99901875 0.6603234375 0.96256796875 0.66584140625
3 0.9912734375 0.60066953125 0.9919062500000001 0.6079945312499999 0.9799929687500001 0.61013046875 0.9778593750000001 0.6033671875 0.9908390624999999 0.60069765625