1 0.047728124999999996 0.050824218750000004 0.0570515625 0.109075 0.013398437499999999 0.1155890625 0.0044859375 0.0696515625 0.02248984375 0.0670765625 0.02136484375 0.05500859375 0.047728124999999996 0.05034140625 0.047728124999999996 0.050663281250000004 0.04740625 0.051628906249999995 0.04917421875 0.05130703125 0.0472453125 0.050824218750000004
3 0.08353828125 0.07171953125 0.08477109375 0.08646406250000001 0.07882343750000001 0.08726874999999999 0.07673359375 0.07166015625
1 0.00054375 0.79929765625 0.0114453125 0.79711484375 0.01689609375 0.8342171875 0.00054375 0.8365820312500001 0.0010890625 0.79947890625 0.00036250000000000003 0.7987515625
1 0.42567187500000003 0.64350625 0.40990390625 0.69282421875 0.3742921875 0.68191171875 0.38755546875 0.63371484375 0.4264375 0.6439 0.425165625 0.642990625
1 0.4706203125 0.09219609375 0.5229476562500001 0.0874671875 0.5258546875000001 0.1220234375 0.47334609375000003 0.12729765625
3 0.52643984375 0.07764140625 0.53080625 0.07664375 0.5338695312499999 0.091721875 0.528125 0.091978125
1 0.678871875 0.1382 0.68183515625 0.15547187499999998 0.6785234375 0.17588359375 0.63181484375 0.17047578125 0.6344289062499999 0.13523359375 0.67869765625 0.1375015625
1 0.8805125 0 0.8802296875 0.00632890625 0.87696640625 0.0072 0.8771835937500001 0.02919453125 0.8397648437499999 0.02875859375 0.8397648437499999 0.00023124999999999998
3 0.8179109375 0 0.8179109375 0.0104765625 0.8128234375 0.01019375 0.8128234375 0 0.81734609375 0
1 0.9801359375 0.58603125 0.9851531250000001 0.6196109375 0.93401328125 0.62842578125 0.92774765625 0.59215
1 0.97352890625 0.6828421875 0.96093828125 0.7317703125 0.9252078125000001 0.7227859375000001 0.93756953125 0.6768492187499999 0.9572125 0.67973046875
1 0.9848148437500001 0.8547218750000001 0.9873546875000001 0.8894718749999999 0.9367226562500001 0.89353984375 0.9345210937499999 0.8581125000000001