1 0.9988992187499999 0.9549265625000001 0.993825 0.9545031249999999 0.99403671875 0.962959375 0.9889625000000001 0.9633828125000001 0.9887515625000001 0.97564375 0.99974453125 0.9758554687500001 0.9988992187499999 0.9549265625000001
4 0.76148828125 0.7595859375 0.775653125 0.7748070312500001 0.84710859375 0.71434453125 0.83315546875 0.6980664062499999 0.76148828125 0.7595859375
3 0.76698828125 0.8041953124999999 0.78199609375 0.8041953124999999 0.78199609375 0.7978515625 0.76698828125 0.7978515625 0.76698828125 0.8041953124999999
1 0.85916015625 0.5908828125000001 0.89404296875 0.5908828125000001 0.89404296875 0.5502890625 0.85916015625 0.5502890625 0.85916015625 0.5908828125000001
4 0.7020835937500001 0.840978125 0.7855890624999999 0.8359039062500001 0.784109375 0.8158203125 0.69996953125 0.8198367187500001 0.7020835937500001 0.840978125
4 0.69468359375 0.87903125 0.7764984375 0.8762828125000001 0.77692109375 0.8555648437500001 0.6936265625 0.8587359375 0.69468359375 0.87903125
3 0.33634765624999996 0.3642578125 0.34416796875 0.3642578125 0.34416796875 0.3439609375 0.33634765624999996 0.3439609375 0.33634765624999996 0.3642578125
3 0.32810546875 0.3651015625 0.33634765624999996 0.3651015625 0.33634765624999996 0.34480468750000004 0.32810546875 0.34480468750000004 0.32810546875 0.3651015625
3 0.20823593749999997 0.1744109375 0.21077265625 0.15305859375 0.20696796874999998 0.15263593749999999 0.20421953125 0.15221328125 0.20231640624999997 0.173565625 0.20823593749999997 0.1744109375
3 0.20210546875 0.1737765625 0.20379687500000002 0.15305859375 0.197665625 0.15221328125 0.19428281249999999 0.17187421875 0.20210546875 0.1737765625
0 0.17758203125 0.1974546875 0.19956875000000002 0.20696796874999998 0.20823593749999997 0.19174609375 0.18625 0.18075312500000001 0.17758203125 0.1974546875
1 0.21986328125000001 0.27165859375 0.2179609375 0.31689921875 0.27990312500000003 0.319859375 0.28032578125 0.27440625 0.2953359375 0.2741953125 0.29681562499999997 0.22705156249999997 0.28222890624999997 0.22705156249999997 0.28222890624999997 0.21753828125000002 0.22178923125 0.21458956796875 0.22240000000000001 0.22620546875 0.20633359375000002 0.226628125 0.20443046874999998 0.2708125 0.21986328125000001 0.27165859375
0 0.1477734375 0.44057265624999997 0.18455859375 0.446703125 0.19238046875 0.4071703125 0.154115625 0.40061640625 0.1477734375 0.44057265624999997