1 0.8652382812500001 0.22735937499999997 0.9081789062500001 0.26386328125 0.9207304687500001 0.25328203125000004 0.9303750000000001 0.23741171875 0.88884765625 0.19971015625 0.8652382812500001 0.22735937499999997
3 0.9215234375 0.21122421875000003 0.9305078124999999 0.22206953125 0.93623046875 0.2173546875 0.9253546874999999 0.20818203125 0.9215234375 0.21122421875000003
3 0.6993750000000001 0.6474671875 0.7001398437499999 0.6540515625000001 0.71506953125 0.6547031249999999 0.71528359375 0.6473140625 0.6993750000000001 0.6474671875
1 0.661509375 0.5880703125 0.661815625 0.63461953125 0.71690625 0.6356515625 0.7182609375 0.5899078125 0.661509375 0.5880703125
1 0.42663124999999996 0.1886671875 0.43791796875 0.22115078124999998 0.49681718750000003 0.20634843749999998 0.48701796875000003 0.17171875 0.42663124999999996 0.1886671875
1 0.35423046875 0.5518804687500001 0.3678859375 0.60615546875 0.40162265625 0.5973101562500001 0.3870046875 0.54279140625 0.35423046875 0.5518804687500001
3 0.40342968749999997 0.5751984375 0.40664296875000006 0.58906875 0.412265625 0.58866640625 0.4090015625 0.573828125 0.40342968749999997 0.5751984375
3 0.39278671875 0.54363828125 0.40302812499999996 0.5462515625 0.4056390625 0.53961796875 0.39318828125 0.5364023437500001 0.39278671875 0.54363828125
3 0.32290312499999996 0.8248640625 0.3241078125 0.8323015625 0.3287265625 0.8397390625 0.3336703125 0.8380921875 0.329128125 0.82325546875 0.32290312499999996 0.8248640625
1 0.2747078125 0.83330703125 0.3006125 0.884365625 0.33113671875 0.870896875 0.30643671875 0.8178281249999999 0.2747078125 0.83330703125
1 0.00030000000000000003 0.381715625 0 0.41146640625 0.0207828125 0.42131640625 0.0466875 0.36985546875 0.016371875 0.35325625 0.00030000000000000003 0.381715625