1 0.84342734375 0 0.8439406249999999 0.0102640625 0.92630703125 0.0092375 0.92579453125 0 0.84342734375 0
4 0.8498421875 0.04233828125 0.922971875 0.04721328125 0.92245859375 0.0313046875 0.85138203125 0.026428906250000002 0.8498421875 0.04233828125
4 0.8298273437500001 0.11880312500000001 0.90039140625 0.12983671875 0.90167421875 0.11315859375 0.8323937499999999 0.10289453125 0.8298273437500001 0.11880312500000001
1 1 0.0826234375 0.9907125000000001 0.0826234375 0.9894296875 0.10725703125 0.99456171875 0.109309375 0.9986671875 0.1113625 1 0.109309375 1 0.0826234375
1 1 0.32464140625 0.9613953125 0.31907265625000003 0.95888984375 0.34329609375 0.9998179687500001 0.35109140625 1 0.32464140625
0 0.799353125 0.22969921875 0.8026937500000001 0.2054765625 0.7862671875 0.201578125 0.78264765625 0.22719296875 0.799353125 0.22969921875
1 0.7277984375 0.37615 0.7676125 0.38004765625000003 0.76789140625 0.349978125 0.72751953125 0.34775078125 0.7277984375 0.37615
1 0.8173734375 0 0.81652890625 0.01154375 0.8201890625000001 0.01154375 0.8204703125 0.0152046875 0.8317328125 0.01633046875 0.83370390625 0.00056328125 0.8173734375 0
1 0.8072374999999999 0.02027265625 0.8100531249999999 0.00028125 0.79822734375 0.00028125 0.79625625 0.02027265625 0.8072374999999999 0.02027265625
4 0.76753671875 0.03632109375 0.76725546875 0.03941875 0.7866828124999999 0.0436421875 0.7889359375 0.03012734375 0.782459375 0.02928203125 0.78499375 0.01098125 0.7733678648437501 0.0099475515625 0.770915625 0.021117187500000002 0.76753671875 0.021117187500000002 0.7641585937500001 0.03632109375 0.76753671875 0.03632109375
4 0.870025 0.07151640625 0.89818125 0.07433203125 0.89874453125 0.06419609375 0.87030703125 0.06194375 0.870025 0.07151640625
4 0.7697890625 0.16583984375 0.7695078125 0.17710234375 0.7692265625 0.18019921875 0.7861203125 0.18160703125 0.7875281249999999 0.177665625 0.8114609375 0.18019921875 0.8120234375000001 0.17006328125 0.7697890625 0.16583984375
0 0.8398984374999999 0.16893671875 0.8736859375 0.1709078125 0.8776273437500001 0.16724765625 0.877909375 0.1593640625 0.8750937499999999 0.1511984375 0.8418695312500001 0.14866484375 0.8398984374999999 0.16893671875
4 0.84918984375 0.2044140625 0.8469374999999999 0.21370546875000002 0.8683359375 0.2162390625 0.8674914062499999 0.22496796875 0.8798796875000001 0.22665703124999997 0.8810062500000001 0.2204625 0.8869187500000001 0.2204625 0.8883265625 0.20863749999999998 0.84918984375 0.2044140625
4 0.9435132812499999 0.53665625 0.9429500000000001 0.54820078125 0.97617421875 0.55383203125 0.97786328125 0.5422875 0.9435132812499999 0.53665625
1 0.697428125 0.90353125 0.7621875 0.9080359375 0.76443984375 0.8694625 0.70108828125 0.8646757812500001 0.697428125 0.90353125
1 0.83792734375 0.9192984375 0.8542578125 0.91986171875 0.85313203125 0.9387265625 0.872278125 0.9398523437499999 0.87453046875 0.92408515625 0.8908609375 0.9246484374999999 0.89226875 0.9007156249999999 0.8382085937499999 0.8990265624999999 0.83792734375 0.9192984375