1 0.16023671875 0.7559265625 0.16023671875 0.75468828125 0.11371328124999999 0.7529539062499999 0.11148593749999999 0.8193421875 0.1493484375 0.820828125 0.1518234375 0.7871390625 0.1585046875 0.787634375 0.16037561875 0.75790251796875 0.1622171875 0.75716484375 0.1622171875 0.75666953125 0.16075782578125 0.7562523828125001 0.16023671875 0.7559265625
0 0.11173359375 0.82437890625 0.07535625 0.82190234375 0.07387109375 0.8694640625 0.109259375 0.87020703125 0.11173359375 0.82437890625
3 0.26421875 0.11863593750000001 0.27015781250000004 0.1226 0.27832421875 0.1121953125 0.27337500000000003 0.107984375 0.26421875 0.11863593750000001
1 0.33944843750000003 0.14167421875 0.304354696875 0.10976798671875002 0.30257578125 0.10996640625000001 0.27461250000000004 0.13523359375 0.31618671875 0.16991328125 0.33944843750000003 0.14167421875
0 0.49553828125 0.9121796874999999 0.53835 0.9498328125000001 0.563096875 0.92580390625 0.5218421875 0.8883445312499999 0.49553828125 0.9121796874999999
3 0.47846328125 0.66685625 0.48440234374999996 0.6673515625 0.4853921875 0.65422265625 0.47951015625000004 0.65440703125 0.47846328125 0.66685625
1 0.49058906249999995 0.681471875 0.5363703125 0.69237109375 0.5395875 0.6619015625 0.5003046875 0.65217890625 0.49058906249999995 0.681471875
1 0.5959375 0.13421015625 0.5984125 0.19415703125 0.64394609375 0.18846015625 0.6365828125 0.128975 0.5959375 0.13421015625
4 0.747634375 0.33139296875 0.67586953125 0.3494765625 0.67933359375 0.36582578125 0.7516953125 0.34843125 0.747634375 0.33139296875
1 0.7639671875 0.4727578125 0.75827578125 0.45516953125 0.71595859375 0.45962890625 0.7253625 0.49876796875 0.7643203125 0.49324921875000005 0.76371953125 0.48266640625 0.7639671875 0.4727578125
1 0.63874921875 0.8606835937499999 0.63157265625 0.86291328125 0.6286031249999999 0.8980890625000001 0.6842828125 0.906759375 0.69096484375 0.8861984375 0.6892328125 0.8671242187500001 0.63874921875 0.8606835937499999
3 0.69665625 0.8686109375 0.69616171875 0.8822351562499999 0.703090625 0.8822351562499999 0.7026796875 0.8694062499999999 0.69665625 0.8686109375
3 0.91982265625 0.7121421875 0.919575 0.7287390625 0.92823671875 0.7284914062500001 0.9280765625 0.712334375 0.91982265625 0.7121421875
1 0.860678125 0.7453359374999999 0.91586328125 0.74682265625 0.91982265625 0.72626171875 0.91660546875 0.70594921875 0.86049453125 0.70824921875 0.860678125 0.7453359374999999
1 0.9215546874999999 0.40621015624999995 0.9745125 0.39952187499999997 0.97575 0.3806953125 0.9685734374999999 0.36286015625 0.9170999999999999 0.36930078125 0.9215546874999999 0.40621015624999995