1 0.10419843749999999 0.068221875 0.06337890625 0.06764218749999999 0.05585234375 0.12154374999999999 0.10014609375000001 0.12647031250000002 0.103909375 0.0688015625 0.10419843749999999 0.068221875
1 0.4895796875 0.06898203124999999 0.48729374999999997 0.08683203125 0.48706562499999995 0.10628359375 0.5462765625 0.10925859375 0.5497062500000001 0.0703546875 0.4895796875 0.06898203124999999
1 0.4712203125 0.8634734375 0.41653671875000003 0.86749609375 0.41671171874999996 0.90037421875 0.447634375 0.900025 0.44850859375 0.903696875 0.4750640625 0.90247265625 0.47156953125 0.8636484375 0.4712203125 0.8634734375
3 0.43802578125 0.8491335937500001 0.43750156249999994 0.8489585937499999 0.436453125 0.8493078125 0.42562187500000004 0.85245625 0.42806718750000006 0.85980078125 0.43924843750000003 0.8550789062499999 0.4376765625 0.8491335937500001 0.43802578125 0.8491335937500001
1 0.74880859375 0.0010875 0.74968203125 0.00091328125 0.7100234375000001 0.00038828125 0.70775234375 0.01665234375 0.748284375 0.018925781250000002 0.7493328125 0.0010875 0.74880859375 0.0010875
1 0.5899992187499999 0.5786015625 0.62633828125 0.6109546875 0.65149609375 0.585421875 0.618545909375 0.5540083 0.5899992187499999 0.5786015625
1 0.60344296875 1 0.60274453125 0.99240546875 0.582478125 0.9910062500000001 0.5810187499999999 0.999153125 0.60344296875 1
1 0.78981953125 0.7149125 0.76745703125 0.7416703124999999 0.8051937499999999 0.77577265625 0.8295398437499999 0.7477484375000001 0.78981953125 0.7149125
1 0.75313125 0.29163203125 0.77409609375 0.3386765625 0.8065914062499999 0.32258671875 0.78510234375 0.27484375 0.75313125 0.29163203125
4 0.818915625 0.3260859375 0.8257296875 0.33972734375 0.89019609375 0.299678125 0.88128671875 0.28533828125 0.818915625 0.3260859375
1 0.8617609375 0.4671046875 0.8944304687500001 0.49945859375 0.9213359375 0.4723515625 0.88517109375 0.44052187500000006 0.8617609375 0.4671046875
1 0.9693804687500001 0.92168984375 0.9916462625 0.8987202398437499 0.99174296875 0.8984296875 0.9921018578125 0.89825024296875 0.9922671875000001 0.8980796874999999 0.9922671875000001 0.898167578125 0.99263076640625 0.89798578828125 0.99226915390625 0.8976709570312501 0.99139375 0.8980796874999999 0.9918550390625 0.89731041484375 0.9555781250000001 0.8657265625000001 0.933390625 0.89248359375 0.9693804687500001 0.92168984375