1 0.09474609375000001 0.426509375 0.053953125000000005 0.44012031250000005 0.06384218750000001 0.4772421875 0.10504765625000001 0.46610625 0.093921875 0.42815859375 0.09474609375000001 0.426509375
1 0.08510859374999999 0.817375 0.08564374999999999 0.85247421875 0.13730234375 0.8495273437499999 0.13708984375 0.81383671875 0.08510859374999999 0.817375
1 0.22419375000000002 0.84979609375 0.28066953125 0.8476523437499999 0.27826093749999997 0.80880234375 0.22419375000000002 0.8106781249999999 0.22419375000000002 0.84979609375
1 0.412571875 0.80290625 0.412571875 0.8417562500000001 0.4666390625 0.8412203125 0.4664265625 0.8005828125000001 0.412571875 0.80290625
1 0.64069921875 0.7955234375 0.6409671875 0.83812421875 0.68593359375 0.8373203124999999 0.68531484375 0.7941570312499999 0.64069921875 0.7955234375
1 0.9021968749999999 0.784025 0.9127492187499999 0.8229265625 0.9513539062499999 0.814940625 0.94241484375 0.77442578125 0.9021968749999999 0.784025
1 0.85947421875 0.60441640625 0.8715703124999999 0.6577453125 0.910175 0.64795546875 0.8987765624999999 0.5952367187500001 0.85947421875 0.60441640625
1 0.8170093749999999 0.43043203124999996 0.8584453125 0.41961171875 0.847378125 0.3755578125 0.8076375 0.38399453125 0.8170093749999999 0.43043203124999996
1 0.7854296875 0.27990781249999996 0.7977828125 0.33143359375000003 0.83587265625 0.3231890625 0.8234703124999999 0.27045703125 0.7854296875 0.27990781249999996
1 0.6560765625 0 0.66997421875 0.05157109375 0.719903125 0.038947656250000004 0.71398359375 0.0075171874999999996 0.72633671875 0.004940625 0.72633671875 0.00081875 0.7260796875 0.00004609375 0.7260796875 0 0.6560765625 0
4 0.4959140625 0.31392109375 0.50106171875 0.3329859375 0.5839328125 0.31417890625 0.5795578124999999 0.29537265625 0.4959140625 0.31392109375
3 0.58779375 0.30413125 0.59165390625 0.31933125 0.59860234375 0.315725 0.595771875 0.30155546875 0.58779375 0.30413125